Instance Name; Schedule Type;FS;BFS;UFS;Run nr;Cmax;LinearStartDelay;Start Punctuality;Finish Punctuality
100j-100r-12m.ms;Rolling Machine Assignment;900;19;35;1;200,159688047295;728,242970657196;0,99009900990099;0,99009900990099
100j-100r-12m.ms;Rolling Machine Assignment;900;19;35;2;199,384350434195;778,190778333182;0,99009900990099;1
100j-100r-12m.ms;Rolling Machine Assignment;900;19;35;3;200,217455742821;817,906476391536;0,99009900990099;0,99009900990099
100j-100r-12m.ms;Rolling Machine Assignment;900;19;35;4;197,230255744517;761,889847848082;0,99009900990099;1
100j-100r-12m.ms;Rolling Machine Assignment;900;19;35;5;200,999048517608;812,185453965013;0,99009900990099;0,99009900990099
100j-100r-12m.ms;Rolling Machine Assignment;900;19;35;6;196,813754694557;736,017328750122;0,99009900990099;0,99009900990099
100j-100r-12m.ms;Rolling Machine Assignment;900;19;35;7;200,414680843117;730,692209109952;0,99009900990099;0,99009900990099
100j-100r-12m.ms;Rolling Machine Assignment;900;19;35;8;198,882083714942;684,82009278519;0,99009900990099;1
100j-100r-12m.ms;Rolling Machine Assignment;900;19;35;9;199,416615235014;814,024646140282;0,99009900990099;0,99009900990099
100j-100r-12m.ms;GreedyLoadBalancing;1080;48;94,5;0;210,914995276623;237,347522961883;0,98019801980198;1
100j-100r-12m.ms;GreedyLoadBalancing;1080;48;94,5;1;215,340522294464;372,42501231883;0,98019801980198;1
100j-100r-12m.ms;GreedyLoadBalancing;1080;48;94,5;2;210,503141389726;334,561922569992;0,98019801980198;1
100j-100r-12m.ms;GreedyLoadBalancing;1080;48;94,5;3;208,618916828025;290,406515932388;0,98019801980198;1
100j-100r-12m.ms;GreedyLoadBalancing;1080;48;94,5;4;209,043595577351;280,226374580039;0,98019801980198;0,99009900990099
100j-100r-12m.ms;GreedyLoadBalancing;1080;48;94,5;5;212,66623812777;282,372751798814;0,98019801980198;0,99009900990099
100j-100r-12m.ms;GreedyLoadBalancing;1080;48;94,5;6;189;195,284873181319;0,643564356435644;0,653465346534653
100j-100r-12m.ms;GreedyLoadBalancing;1080;48;94,5;7;209,970091159808;281,336711699596;0,98019801980198;1
100j-100r-12m.ms;GreedyLoadBalancing;1080;48;94,5;8;206,748418500029;318,815897456685;0,98019801980198;1
100j-100r-12m.ms;GreedyLoadBalancing;1080;48;94,5;9;209,761962133279;244,487831344108;0,98019801980198;1
100j-100r-12m.ms;Random;1281;57;121,75;0;255,119091637821;1667,97096670942;0,99009900990099;1
100j-100r-12m.ms;Random;1281;57;121,75;1;252,92540316299;1589,14606032144;0,99009900990099;1
100j-100r-12m.ms;Random;1281;57;121,75;2;252,943245788386;1728,07431755673;0,99009900990099;1
100j-100r-12m.ms;Random;1281;57;121,75;3;251,95659767765;1521,9792478676;0,99009900990099;1
100j-100r-12m.ms;Random;1281;57;121,75;4;249,496406668524;1594,75401437052;0,99009900990099;1
100j-100r-12m.ms;Random;1281;57;121,75;5;250,261641021374;1547,67885263934;0,99009900990099;1
100j-100r-12m.ms;Random;1281;57;121,75;6;252,300542143215;1631,1368588343;0,99009900990099;1
100j-100r-12m.ms;Random;1281;57;121,75;7;263,079639302818;1765,35265409328;0,99009900990099;1
100j-100r-12m.ms;Random;1281;57;121,75;8;261,125655880681;1829,9994534312;0,99009900990099;1
100j-100r-12m.ms;Random;1281;57;121,75;9;252,047148817014;1603,77767752291;0,99009900990099;1
100j-100r-6m.ms;Rolling Machine Assignment;386;17;31,25;0;268,777386871205;636,338977789728;0,99009900990099;1
100j-100r-6m.ms;Rolling Machine Assignment;386;17;31,25;1;262,70443677508;517,403047335076;0,99009900990099;0,99009900990099
100j-100r-6m.ms;Rolling Machine Assignment;386;17;31,25;2;267,111338268015;589,785332534829;0,99009900990099;0,99009900990099
100j-100r-6m.ms;Rolling Machine Assignment;386;17;31,25;3;261,630311898235;581,795906433166;0,99009900990099;0,99009900990099
100j-100r-6m.ms;Rolling Machine Assignment;386;17;31,25;4;263,739660577923;585,653191287168;0,99009900990099;1
100j-100r-6m.ms;Rolling Machine Assignment;386;17;31,25;5;263,227601251807;584,352852347585;0,99009900990099;1
100j-100r-6m.ms;Rolling Machine Assignment;386;17;31,25;6;262,123508767078;545,304655020664;0,99009900990099;0,99009900990099
100j-100r-6m.ms;Rolling Machine Assignment;386;17;31,25;7;265,531998549977;602,085008627526;0,99009900990099;1
100j-100r-6m.ms;Rolling Machine Assignment;386;17;31,25;8;261,654019027584;538,057149947935;0,99009900990099;1
100j-100r-6m.ms;Rolling Machine Assignment;386;17;31,25;9;264,375158578894;608,865812792333;0,99009900990099;0,99009900990099
100j-100r-6m.ms;GreedyLoadBalancing;438;35;66;0;290,06273812459;2644,07738271591;0,98019801980198;1
100j-100r-6m.ms;GreedyLoadBalancing;438;35;66;1;279,661155754483;2485,08034047167;0,98019801980198;1
100j-100r-6m.ms;GreedyLoadBalancing;438;35;66;2;290,139482677202;2585,02501152846;0,98019801980198;1
100j-100r-6m.ms;GreedyLoadBalancing;438;35;66;3;283,281688772403;2272,05479414271;0,98019801980198;0,99009900990099
100j-100r-6m.ms;GreedyLoadBalancing;438;35;66;4;281,020697204764;2550,55038866717;0,98019801980198;0,99009900990099
100j-100r-6m.ms;GreedyLoadBalancing;438;35;66;5;280,289363160646;2455,93627192787;0,98019801980198;0,99009900990099
100j-100r-6m.ms;GreedyLoadBalancing;438;35;66;6;282,649942736934;2426,83358444555;0,98019801980198;1
100j-100r-6m.ms;GreedyLoadBalancing;438;35;66;7;288,568074281284;2610,01179045781;0,98019801980198;0,99009900990099
100j-100r-6m.ms;GreedyLoadBalancing;438;35;66;8;284,029040578916;2443,97699324982;0,98019801980198;0,99009900990099
100j-100r-6m.ms;GreedyLoadBalancing;438;35;66;9;285,069280600827;2439,09705595524;0,98019801980198;1
100j-100r-6m.ms;Random;947;48;108,5;0;339;77,9925117625092;0,316831683168317;0,326732673267327
100j-100r-6m.ms;Random;947;48;108,5;1;339;19,0577468110519;0,099009900990099;0,108910891089109
100j-100r-6m.ms;Random;947;48;108,5;2;339;19,0083815322769;0,099009900990099;0,108910891089109
100j-100r-6m.ms;Random;947;48;108,5;3;351,872143313626;155,256895341558;0,98019801980198;0,99009900990099
100j-100r-6m.ms;Random;947;48;108,5;4;350,989526655432;75,8505803441716;0,98019801980198;0,99009900990099
100j-100r-6m.ms;Random;947;48;108,5;5;339;22,0111986151354;0,099009900990099;0,108910891089109
100j-100r-6m.ms;Random;947;48;108,5;6;339;19,9664200233695;0,099009900990099;0,108910891089109
100j-100r-6m.ms;Random;947;48;108,5;7;349,006595118573;137,413999018054;0,98019801980198;0,99009900990099
100j-100r-6m.ms;Random;947;48;108,5;8;339;21,2284547990235;0,099009900990099;0,108910891089109
100j-100r-6m.ms;Random;947;48;108,5;9;351,271647195044;126,933148384748;0,98019801980198;0,99009900990099
100j-250r-12m.ms;Rolling Machine Assignment;687;36;81;0;189,231017296135;92,4679554255533;0,99009900990099;1
100j-250r-12m.ms;Rolling Machine Assignment;687;36;81;1;189,320202920545;183,174621306128;0,99009900990099;1
100j-250r-12m.ms;Rolling Machine Assignment;687;36;81;2;186,561249529195;135,894562173041;0,99009900990099;1
100j-250r-12m.ms;Rolling Machine Assignment;687;36;81;3;185,216035250173;82,629015835985;0,99009900990099;0,99009900990099
100j-250r-12m.ms;Rolling Machine Assignment;687;36;81;4;185,929689819276;195,607123953337;0,99009900990099;0,99009900990099
100j-250r-12m.ms;Rolling Machine Assignment;687;36;81;5;186,87507840956;85,8424869884829;0,99009900990099;1
100j-250r-12m.ms;Rolling Machine Assignment;687;36;81;6;188,878741643637;122,325285818434;0,99009900990099;0,99009900990099
100j-250r-12m.ms;Rolling Machine Assignment;687;36;81;7;184,909042299766;92,5665102484453;0,99009900990099;1
100j-250r-12m.ms;Rolling Machine Assignment;687;36;81;8;183,859229260544;118,087096837481;0,99009900990099;0,99009900990099
100j-250r-12m.ms;Rolling Machine Assignment;687;36;81;9;187,942510553026;146,790436681077;0,99009900990099;0,99009900990099
100j-250r-12m.ms;GreedyLoadBalancing;732;46;107,5;0;186,880847003098;173,580020017154;0,98019801980198;1
100j-250r-12m.ms;GreedyLoadBalancing;732;46;107,5;1;184,261793812117;166,01273292047;0,98019801980198;1
100j-250r-12m.ms;GreedyLoadBalancing;732;46;107,5;2;186,435691490927;168,584724926357;0,98019801980198;0,99009900990099
100j-250r-12m.ms;GreedyLoadBalancing;732;46;107,5;3;184,816474814991;153,110530277768;0,98019801980198;0,99009900990099
100j-250r-12m.ms;GreedyLoadBalancing;732;46;107,5;4;187,778825785025;127,34742269633;0,98019801980198;0,99009900990099
100j-250r-12m.ms;GreedyLoadBalancing;732;46;107,5;5;191,561709258057;198,138082836227;0,98019801980198;1
100j-250r-12m.ms;GreedyLoadBalancing;732;46;107,5;6;187,721600155967;141,661638557806;0,98019801980198;0,99009900990099
100j-250r-12m.ms;GreedyLoadBalancing;732;46;107,5;7;188,322999820218;234,883060850213;0,98019801980198;1
100j-250r-12m.ms;GreedyLoadBalancing;732;46;107,5;8;190,067083634039;192,209788185446;0,98019801980198;0,99009900990099
100j-250r-12m.ms;GreedyLoadBalancing;732;46;107,5;9;188,283498098615;152,623916874016;0,98019801980198;0,99009900990099
100j-250r-12m.ms;Random;1463;56;143,75;0;276,090574160576;110,671294276751;0,99009900990099;1
100j-250r-12m.ms;Random;1463;56;143,75;1;274,327389774051;215,728007836862;0,99009900990099;0,99009900990099
100j-250r-12m.ms;Random;1463;56;143,75;2;277,756080538412;160,603759115986;0,99009900990099;1
100j-250r-12m.ms;Random;1463;56;143,75;3;280,73675403643;111,994570836524;0,99009900990099;1
100j-250r-12m.ms;Random;1463;56;143,75;4;276,520959535319;221,784853874878;0,99009900990099;1
100j-250r-12m.ms;Random;1463;56;143,75;5;284,468913983472;515,112727209326;0,99009900990099;1
100j-250r-12m.ms;Random;1463;56;143,75;6;278,183677532229;156,643569877295;0,99009900990099;0,99009900990099
100j-250r-12m.ms;Random;1463;56;143,75;7;273,720880168616;98,9527883669924;0,99009900990099;0,99009900990099
100j-250r-12m.ms;Random;1463;56;143,75;8;279,21627335367;258,804335201655;0,99009900990099;0,99009900990099
100j-250r-12m.ms;Random;1463;56;143,75;9;277,154920519971;218,268074832099;0,99009900990099;0,99009900990099
100j-250r-6m.ms;Rolling Machine Assignment;318;21;45,5;0;239,610664979121;100,988493743066;0,99009900990099;0,99009900990099
100j-250r-6m.ms;Rolling Machine Assignment;318;21;45,5;1;238,600678041679;133,823819486172;0,99009900990099;0,99009900990099
100j-250r-6m.ms;Rolling Machine Assignment;318;21;45,5;2;237;53,4385831906121;0,257425742574257;0,257425742574257
100j-250r-6m.ms;Rolling Machine Assignment;318;21;45,5;3;239,613197338309;149,905562997107;0,99009900990099;0,99009900990099
100j-250r-6m.ms;Rolling Machine Assignment;318;21;45,5;4;243,545244635593;195,959132742341;0,99009900990099;0,99009900990099
100j-250r-6m.ms;Rolling Machine Assignment;318;21;45,5;5;237;46,5685552567291;0,257425742574257;0,257425742574257
100j-250r-6m.ms;Rolling Machine Assignment;318;21;45,5;6;237;52,9368681063288;0,257425742574257;0,257425742574257
100j-250r-6m.ms;Rolling Machine Assignment;318;21;45,5;7;239,930133247196;230,146091108522;0,99009900990099;0,99009900990099
100j-250r-6m.ms;Rolling Machine Assignment;318;21;45,5;8;237;60,9385414968686;0,257425742574257;0,257425742574257
100j-250r-6m.ms;Rolling Machine Assignment;318;21;45,5;9;237;37,7332125812036;0,257425742574257;0,257425742574257
100j-250r-6m.ms;GreedyLoadBalancing;516;38;73,25;0;270,079088490975;187,050918112895;0,98019801980198;0,99009900990099
100j-250r-6m.ms;GreedyLoadBalancing;516;38;73,25;1;272,718944500497;330,589981092138;0,98019801980198;0,99009900990099
100j-250r-6m.ms;GreedyLoadBalancing;516;38;73,25;2;268;14,958224932731;0,108910891089109;0,118811881188119
100j-250r-6m.ms;GreedyLoadBalancing;516;38;73,25;3;268;16,3941706005061;0,108910891089109;0,118811881188119
100j-250r-6m.ms;GreedyLoadBalancing;516;38;73,25;4;268;15,9762346204905;0,108910891089109;0,118811881188119
100j-250r-6m.ms;GreedyLoadBalancing;516;38;73,25;5;268;13;0,108910891089109;0,118811881188119
100j-250r-6m.ms;GreedyLoadBalancing;516;38;73,25;6;268;15,2474204831715;0,108910891089109;0,118811881188119
100j-250r-6m.ms;GreedyLoadBalancing;516;38;73,25;7;270,36038095211;241,44717869324;0,98019801980198;0,99009900990099
100j-250r-6m.ms;GreedyLoadBalancing;516;38;73,25;8;268;13,5479098114276;0,108910891089109;0,118811881188119
100j-250r-6m.ms;GreedyLoadBalancing;516;38;73,25;9;268;15,0080570714045;0,108910891089109;0,118811881188119
100j-250r-6m.ms;Random;949;51;95;0;369,433040917893;161,273230670692;0,99009900990099;1
100j-250r-6m.ms;Random;949;51;95;1;368,693282661086;306,154724199065;0,99009900990099;1
100j-250r-6m.ms;Random;949;51;95;2;351;94,8740392009367;0,514851485148515;0,524752475247525
100j-250r-6m.ms;Random;949;51;95;3;367,416054079315;66,6892717145791;0,99009900990099;1
100j-250r-6m.ms;Random;949;51;95;4;370,966636803688;132,512809997772;0,99009900990099;1
100j-250r-6m.ms;Random;949;51;95;5;371,357830288845;148,502548079087;0,99009900990099;1
100j-250r-6m.ms;Random;949;51;95;6;368,692181382763;262,330317444922;0,99009900990099;1
100j-250r-6m.ms;Random;949;51;95;7;366,653221978668;70,9515834127051;0,99009900990099;1
100j-250r-6m.ms;Random;949;51;95;8;379,449225908507;527,150596531837;0,99009900990099;1
100j-250r-6m.ms;Random;949;51;95;9;367,250920058249;313,610770430996;0,99009900990099;1
100j-50r-12m.ms;Rolling Machine Assignment;414;18;24;0;145,66331860565;593,549124019266;0,99009900990099;1
100j-50r-12m.ms;Rolling Machine Assignment;414;18;24;1;150,090434633998;624,966419825491;0,99009900990099;1
100j-50r-12m.ms;Rolling Machine Assignment;414;18;24;2;146,960781019669;617,422293575295;0,99009900990099;0,99009900990099
100j-50r-12m.ms;Rolling Machine Assignment;414;18;24;3;146,773126896767;547,106810211055;0,99009900990099;1
100j-50r-12m.ms;Rolling Machine Assignment;414;18;24;4;144,787814984962;570,664829876058;0,99009900990099;1
100j-50r-12m.ms;Rolling Machine Assignment;414;18;24;5;142,114339073996;557,661965555116;0,99009900990099;1
100j-50r-12m.ms;Rolling Machine Assignment;414;18;24;6;148,495657206521;596,943635847003;0,99009900990099;0,99009900990099
100j-50r-12m.ms;Rolling Machine Assignment;414;18;24;7;143,940986913804;568,952701326124;0,99009900990099;0,99009900990099
100j-50r-12m.ms;Rolling Machine Assignment;414;18;24;8;144,047971612366;591,859994522206;0,99009900990099;1
100j-50r-12m.ms;Rolling Machine Assignment;414;18;24;9;147,763541666655;563,256565106923;0,99009900990099;1
100j-50r-12m.ms;GreedyLoadBalancing;761;47;117,25;0;169,24315404998;623,957593876081;0,98019801980198;1
100j-50r-12m.ms;GreedyLoadBalancing;761;47;117,25;1;170,814991552501;815,93521000097;0,98019801980198;0,99009900990099
100j-50r-12m.ms;GreedyLoadBalancing;761;47;117,25;2;172,293571576918;651,855964233152;0,98019801980198;0,99009900990099
100j-50r-12m.ms;GreedyLoadBalancing;761;47;117,25;3;171,960818797428;761,264759630831;0,98019801980198;0,99009900990099
100j-50r-12m.ms;GreedyLoadBalancing;761;47;117,25;4;171,379955094964;687,875423185988;0,98019801980198;0,99009900990099
100j-50r-12m.ms;GreedyLoadBalancing;761;47;117,25;5;171,261088550416;662,775449221777;0,98019801980198;0,99009900990099
100j-50r-12m.ms;GreedyLoadBalancing;761;47;117,25;6;171,930159139585;841,575334189486;0,98019801980198;1
100j-50r-12m.ms;GreedyLoadBalancing;761;47;117,25;7;172,028232303087;782,812177180686;0,98019801980198;0,99009900990099
100j-50r-12m.ms;GreedyLoadBalancing;761;47;117,25;8;170,073961455175;752,699680031074;0,98019801980198;1
100j-50r-12m.ms;GreedyLoadBalancing;761;47;117,25;9;171,438150259453;823,459713820251;0,98019801980198;0,99009900990099
100j-50r-12m.ms;Random;1273;55;122;0;222,295943127965;267,945672769238;1;1
100j-50r-12m.ms;Random;1273;55;122;1;226,205551000732;444,79563374885;1;1
100j-50r-12m.ms;Random;1273;55;122;2;221,973439046393;306,531514093952;1;1
100j-50r-12m.ms;Random;1273;55;122;3;222,915462506497;361,562108274417;1;1
100j-50r-12m.ms;Random;1273;55;122;4;220,232368845432;336,857824918429;1;1
100j-50r-12m.ms;Random;1273;55;122;5;221,140038722815;365,822712076125;1;1
100j-50r-12m.ms;Random;1273;55;122;6;221,129885158666;460,12791784157;1;1
100j-50r-12m.ms;Random;1273;55;122;7;222,891787895127;335,685477014058;1;1
100j-50r-12m.ms;Random;1273;55;122;8;229,113253312512;459,075142809245;1;1
100j-50r-12m.ms;Random;1273;55;122;9;220,716526951485;323,520880016513;1;1
100j-50r-6m.ms;Rolling Machine Assignment;146;8;15,75;0;246,762894172943;903,28612410493;0,99009900990099;1
100j-50r-6m.ms;Rolling Machine Assignment;146;8;15,75;1;245,162499764266;955,591463098031;0,99009900990099;0,99009900990099
100j-50r-6m.ms;Rolling Machine Assignment;146;8;15,75;2;245,692321470877;903,688989017768;0,99009900990099;1
100j-50r-6m.ms;Rolling Machine Assignment;146;8;15,75;3;248,541898581945;888,294362429797;0,99009900990099;1
100j-50r-6m.ms;Rolling Machine Assignment;146;8;15,75;4;239,499671088956;863,098944237489;0,99009900990099;0,99009900990099
100j-50r-6m.ms;Rolling Machine Assignment;146;8;15,75;5;241,913778317611;851,160214901981;0,99009900990099;1
100j-50r-6m.ms;Rolling Machine Assignment;146;8;15,75;6;231,712655333014;841,221378141075;0,742574257425743;0,752475247524752
100j-50r-6m.ms;Rolling Machine Assignment;146;8;15,75;7;246,328016534476;965,749376944246;0,99009900990099;0,99009900990099
100j-50r-6m.ms;Rolling Machine Assignment;146;8;15,75;8;249,813996643682;947,215348447775;0,99009900990099;0,99009900990099
100j-50r-6m.ms;Rolling Machine Assignment;146;8;15,75;9;246,894474363488;969,220117443315;0,99009900990099;1
100j-50r-6m.ms;GreedyLoadBalancing;432;42;90;0;287,651304328155;1260,46453345587;0,98019801980198;1
100j-50r-6m.ms;GreedyLoadBalancing;432;42;90;1;284,660731521596;1454,75759631761;0,98019801980198;1
100j-50r-6m.ms;GreedyLoadBalancing;432;42;90;2;288,903231387126;1421,89851093411;0,98019801980198;1
100j-50r-6m.ms;GreedyLoadBalancing;432;42;90;3;289,602557765212;1516,208774539;0,98019801980198;1
100j-50r-6m.ms;GreedyLoadBalancing;432;42;90;4;294,440229027918;1846,26623883542;0,98019801980198;1
100j-50r-6m.ms;GreedyLoadBalancing;432;42;90;5;290,337479071491;1725,5167823249;0,98019801980198;1
100j-50r-6m.ms;GreedyLoadBalancing;432;42;90;6;291,479962426689;1820,18552801602;0,98019801980198;1
100j-50r-6m.ms;GreedyLoadBalancing;432;42;90;7;289,631741077672;1832,64604211011;0,98019801980198;0,99009900990099
100j-50r-6m.ms;GreedyLoadBalancing;432;42;90;8;292,795259412487;2022,95746497903;0,98019801980198;0,99009900990099
100j-50r-6m.ms;GreedyLoadBalancing;432;42;90;9;285,991636021753;1441,23288495397;0,98019801980198;0,99009900990099
100j-50r-6m.ms;Random;1179;54;134,75;0;408,549598571076;145,819035113675;0,98019801980198;1
100j-50r-6m.ms;Random;1179;54;134,75;1;409,473696146748;221,389188508766;0,98019801980198;0,99009900990099
100j-50r-6m.ms;Random;1179;54;134,75;2;414,965184529517;315,161324328345;0,98019801980198;1
100j-50r-6m.ms;Random;1179;54;134,75;3;412,377030282617;466,866814705823;0,98019801980198;0,99009900990099
100j-50r-6m.ms;Random;1179;54;134,75;4;410,020211237999;177,775418602338;0,98019801980198;1
100j-50r-6m.ms;Random;1179;54;134,75;5;412,586798594983;311,160988708479;0,98019801980198;0,99009900990099
100j-50r-6m.ms;Random;1179;54;134,75;6;418,792228481498;498,789591506932;0,98019801980198;1
100j-50r-6m.ms;Random;1179;54;134,75;7;411,733006529406;398,493500785788;0,98019801980198;0,99009900990099
100j-50r-6m.ms;Random;1179;54;134,75;8;412,754710321987;360,425431148506;0,98019801980198;0,99009900990099
100j-50r-6m.ms;Random;1179;54;134,75;9;420,867880466947;363,148624188098;0,98019801980198;1
30j-15r-4m.ms;Rolling Machine Assignment;72;5;8,75;0;113,065025386785;79,4113781875608;0,967741935483871;0,967741935483871
30j-15r-4m.ms;Rolling Machine Assignment;72;5;8,75;1;110,757002096037;105,003189203215;0,967741935483871;1
30j-15r-4m.ms;Rolling Machine Assignment;72;5;8,75;2;111,999012231914;88,5618788967826;0,967741935483871;0,967741935483871
30j-15r-4m.ms;Rolling Machine Assignment;72;5;8,75;3;110,411583678133;108,455912080358;0,967741935483871;1
30j-15r-4m.ms;Rolling Machine Assignment;72;5;8,75;4;111,52555308344;89,1704619234105;0,967741935483871;1
30j-15r-4m.ms;Rolling Machine Assignment;72;5;8,75;5;110,464055992097;77,2292143692382;0,967741935483871;0,967741935483871
30j-15r-4m.ms;Rolling Machine Assignment;72;5;8,75;6;112,200881924241;120,920023738691;0,967741935483871;1
30j-15r-4m.ms;Rolling Machine Assignment;72;5;8,75;7;113,426914678396;104,526997568232;0,967741935483871;0,967741935483871
30j-15r-4m.ms;Rolling Machine Assignment;72;5;8,75;8;111,140917061269;99,1963605590099;0,967741935483871;0,967741935483871
30j-15r-4m.ms;Rolling Machine Assignment;72;5;8,75;9;113,610028359762;85,0762480995316;0,967741935483871;1
30j-15r-4m.ms;GreedyLoadBalancing;140;11;18,25;0;121,915858547209;91,0219071202986;0,935483870967742;1
30j-15r-4m.ms;GreedyLoadBalancing;140;11;18,25;1;127,356796249662;156,820602964395;0,935483870967742;1
30j-15r-4m.ms;GreedyLoadBalancing;140;11;18,25;2;121,542617654147;79,2198219262003;0,935483870967742;0,967741935483871
30j-15r-4m.ms;GreedyLoadBalancing;140;11;18,25;3;124,428975188352;91,7446311365704;0,935483870967742;0,967741935483871
30j-15r-4m.ms;GreedyLoadBalancing;140;11;18,25;4;119,883371515952;92,8553146580172;0,935483870967742;1
30j-15r-4m.ms;GreedyLoadBalancing;140;11;18,25;5;120,434164915844;81,4628062582687;0,935483870967742;1
30j-15r-4m.ms;GreedyLoadBalancing;140;11;18,25;6;125,488788394599;98,5344573051965;0,935483870967742;1
30j-15r-4m.ms;GreedyLoadBalancing;140;11;18,25;7;119,861049033287;80,640463653404;0,935483870967742;1
30j-15r-4m.ms;GreedyLoadBalancing;140;11;18,25;8;121,53349580664;73,3713242813766;0,935483870967742;0,967741935483871
30j-15r-4m.ms;GreedyLoadBalancing;140;11;18,25;9;122,335638925492;78,2159036796217;0,935483870967742;0,967741935483871
30j-15r-4m.ms;Random;179;17;34;0;133,130624452029;32,6163732236048;0,935483870967742;0,967741935483871
30j-15r-4m.ms;Random;179;17;34;1;136,883179642008;36,7301715806251;0,935483870967742;0,967741935483871
30j-15r-4m.ms;Random;179;17;34;2;133,283173776387;32,9870716080717;0,935483870967742;0,967741935483871
30j-15r-4m.ms;Random;179;17;34;3;131,470738616192;19,0152304210413;0,935483870967742;1
30j-15r-4m.ms;Random;179;17;34;4;135,790458643837;72,2200645248306;0,935483870967742;1
30j-15r-4m.ms;Random;179;17;34;5;134,407972852071;59,9326841256018;0,935483870967742;0,967741935483871
30j-15r-4m.ms;Random;179;17;34;6;137,33247057305;62,2899151637965;0,935483870967742;1
30j-15r-4m.ms;Random;179;17;34;7;131,920971208403;23,9699679232488;0,935483870967742;0,967741935483871
30j-15r-4m.ms;Random;179;17;34;8;133,192715351549;27,8986182133365;0,935483870967742;0,967741935483871
30j-15r-4m.ms;Random;179;17;34;9;140,095693650826;98,1045844249087;0,935483870967742;0,967741935483871
30j-15r-8m.ms;Rolling Machine Assignment;86;7;8,25;0;58,4755851692513;13,7598257807761;0,967741935483871;0,967741935483871
30j-15r-8m.ms;Rolling Machine Assignment;86;7;8,25;1;60,6297653462616;15,5700161177744;1;1
30j-15r-8m.ms;Rolling Machine Assignment;86;7;8,25;2;62,304100408946;16,6660695619296;0,967741935483871;0,967741935483871
30j-15r-8m.ms;Rolling Machine Assignment;86;7;8,25;3;62,705091580258;17,3034751928434;1;1
30j-15r-8m.ms;Rolling Machine Assignment;86;7;8,25;4;62,7045677376749;26,8847707129291;0,967741935483871;0,967741935483871
30j-15r-8m.ms;Rolling Machine Assignment;86;7;8,25;5;60,5492237693181;19,2872410363528;1;1
30j-15r-8m.ms;Rolling Machine Assignment;86;7;8,25;6;63,2761807868253;25,8798882070422;1;1
30j-15r-8m.ms;Rolling Machine Assignment;86;7;8,25;7;60,8640788988111;12,4440256881835;1;1
30j-15r-8m.ms;Rolling Machine Assignment;86;7;8,25;8;60,0354487672622;17,1206562122084;0,967741935483871;0,967741935483871
30j-15r-8m.ms;Rolling Machine Assignment;86;7;8,25;9;62,405208289939;16,4746354435843;0,870967741935484;0,870967741935484
30j-15r-8m.ms;GreedyLoadBalancing;154;15;33,75;0;62;2,0091920519792;0,580645161290323;0,612903225806452
30j-15r-8m.ms;GreedyLoadBalancing;154;15;33,75;1;66,1582981695617;29,7704445162807;0,935483870967742;0,967741935483871
30j-15r-8m.ms;GreedyLoadBalancing;154;15;33,75;2;64,8592398173326;9,52614739008602;0,967741935483871;1
30j-15r-8m.ms;GreedyLoadBalancing;154;15;33,75;3;62,484101466954;25,7252903084772;0,935483870967742;0,967741935483871
30j-15r-8m.ms;GreedyLoadBalancing;154;15;33,75;4;63,3705226105879;17,5973303032662;0,935483870967742;0,967741935483871
30j-15r-8m.ms;GreedyLoadBalancing;154;15;33,75;5;65,4445025437015;21,9786211967353;0,935483870967742;0,967741935483871
30j-15r-8m.ms;GreedyLoadBalancing;154;15;33,75;6;68,1503888062524;30,2449198716033;0,967741935483871;1
30j-15r-8m.ms;GreedyLoadBalancing;154;15;33,75;7;64,1957181160789;12,3744740259812;0,935483870967742;0,967741935483871
30j-15r-8m.ms;GreedyLoadBalancing;154;15;33,75;8;66,149486717458;20,6368848914537;0,935483870967742;0,967741935483871
30j-15r-8m.ms;GreedyLoadBalancing;154;15;33,75;9;62,5353194194802;19,7492750554996;0,967741935483871;1
30j-15r-8m.ms;Random;423;20;49,25;0;104,344888548128;24,3948593217015;1;1
30j-15r-8m.ms;Random;423;20;49,25;1;103,08851146979;16,1108990981469;0,967741935483871;0,967741935483871
30j-15r-8m.ms;Random;423;20;49,25;2;102,305496448261;9,0180142405373;1;1
30j-15r-8m.ms;Random;423;20;49,25;3;102,336343845606;10,7271745611162;0,967741935483871;0,967741935483871
30j-15r-8m.ms;Random;423;20;49,25;4;103,478105700454;9,23633237433874;1;1
30j-15r-8m.ms;Random;423;20;49,25;5;104,605296173183;15,9921018837801;0,967741935483871;0,967741935483871
30j-15r-8m.ms;Random;423;20;49,25;6;111,341218127926;48,573083415859;1;1
30j-15r-8m.ms;Random;423;20;49,25;7;105,446726794934;27,2952605951037;1;1
30j-15r-8m.ms;Random;423;20;49,25;8;106,894972102971;24,4370233542786;0,967741935483871;0,967741935483871
30j-15r-8m.ms;Random;423;20;49,25;9;104,241275832097;27,1235849562474;1;1
30j-30r-4m.ms;Rolling Machine Assignment;37;5;4,5;0;95,9633789742983;87,3049710244627;0,967741935483871;1
30j-30r-4m.ms;Rolling Machine Assignment;37;5;4,5;1;93,6374932025638;54,6590323842084;0,967741935483871;0,967741935483871
30j-30r-4m.ms;Rolling Machine Assignment;37;5;4,5;2;92,9937016982375;74,1317796869505;0,967741935483871;1
30j-30r-4m.ms;Rolling Machine Assignment;37;5;4,5;3;91,8664294453875;65,2432684061123;0,967741935483871;1
30j-30r-4m.ms;Rolling Machine Assignment;37;5;4,5;4;94,0850678025056;84,9105374249962;0,967741935483871;0,967741935483871
30j-30r-4m.ms;Rolling Machine Assignment;37;5;4,5;5;94,831434307109;93,2294758441231;0,967741935483871;1
30j-30r-4m.ms;Rolling Machine Assignment;37;5;4,5;6;96,0596940343124;87,6542174623215;0,967741935483871;1
30j-30r-4m.ms;Rolling Machine Assignment;37;5;4,5;7;93,9435311403223;95,8133390599212;0,967741935483871;1
30j-30r-4m.ms;Rolling Machine Assignment;37;5;4,5;8;94,7266829645368;64,7234863668218;0,967741935483871;1
30j-30r-4m.ms;Rolling Machine Assignment;37;5;4,5;9;92,8579955542878;73,2349003515219;0,967741935483871;0,967741935483871
30j-30r-4m.ms;GreedyLoadBalancing;95;13;20,25;0;107,754031306218;73,9000553676862;0,935483870967742;0,967741935483871
30j-30r-4m.ms;GreedyLoadBalancing;95;13;20,25;1;114,81931456869;87,4394095520948;0,870967741935484;0,903225806451613
30j-30r-4m.ms;GreedyLoadBalancing;95;13;20,25;2;107,448709711978;81,1365474696565;0,935483870967742;0,967741935483871
30j-30r-4m.ms;GreedyLoadBalancing;95;13;20,25;3;105,425066465825;76,8230116847826;0,935483870967742;1
30j-30r-4m.ms;GreedyLoadBalancing;95;13;20,25;4;108,975449461827;62,5033371663524;0,935483870967742;1
30j-30r-4m.ms;GreedyLoadBalancing;95;13;20,25;5;108,834923312911;49,4632285345163;0,935483870967742;1
30j-30r-4m.ms;GreedyLoadBalancing;95;13;20,25;6;107,187583064586;45,0772484133018;0,935483870967742;0,967741935483871
30j-30r-4m.ms;GreedyLoadBalancing;95;13;20,25;7;110,68936183587;71,4822483986383;0,935483870967742;0,967741935483871
30j-30r-4m.ms;GreedyLoadBalancing;95;13;20,25;8;111,457369641607;134,056009462931;0,935483870967742;0,967741935483871
30j-30r-4m.ms;GreedyLoadBalancing;95;13;20,25;9;107,080815590064;56,4462516889914;0,935483870967742;0,967741935483871
30j-30r-4m.ms;Random;245;18;35,75;0;143,658894395004;55,4533722304825;0,935483870967742;1
30j-30r-4m.ms;Random;245;18;35,75;1;143,307224092316;21,2225579317138;0,935483870967742;0,967741935483871
30j-30r-4m.ms;Random;245;18;35,75;2;143,276313148499;26,9805353533114;0,935483870967742;1
30j-30r-4m.ms;Random;245;18;35,75;3;144,753399128961;26,2448508871086;0,935483870967742;1
30j-30r-4m.ms;Random;245;18;35,75;4;142,837596927644;25,7490009646739;0,935483870967742;1
30j-30r-4m.ms;Random;245;18;35,75;5;148,009439030741;76,7321724682839;0,935483870967742;0,967741935483871
30j-30r-4m.ms;Random;245;18;35,75;6;147,050370700939;96,7363244690621;0,935483870967742;0,967741935483871
30j-30r-4m.ms;Random;245;18;35,75;7;149,315136443256;111,722896387856;0,935483870967742;1
30j-30r-4m.ms;Random;245;18;35,75;8;145,376117618089;43,6193663790886;0,935483870967742;1
30j-30r-4m.ms;Random;245;18;35,75;9;143,617829132487;47,2145040921965;0,935483870967742;1
30j-30r-8m.ms;Rolling Machine Assignment;107;12;11;0;45,4918935293944;32,2040421676808;0,967741935483871;0,967741935483871
30j-30r-8m.ms;Rolling Machine Assignment;107;12;11;1;42,9258511968661;24,2894854643319;0,967741935483871;0,967741935483871
30j-30r-8m.ms;Rolling Machine Assignment;107;12;11;2;45,3046989379048;32,4987079646722;0,967741935483871;0,967741935483871
30j-30r-8m.ms;Rolling Machine Assignment;107;12;11;3;46,2377512953344;38,9039922079055;0,967741935483871;0,967741935483871
30j-30r-8m.ms;Rolling Machine Assignment;107;12;11;4;44,8607637213697;39,2124494005246;0,967741935483871;1
30j-30r-8m.ms;Rolling Machine Assignment;107;12;11;5;45,6475358936986;23,3631140868153;0,967741935483871;0,967741935483871
30j-30r-8m.ms;Rolling Machine Assignment;107;12;11;6;44,753910052791;24,8033246515409;0,967741935483871;1
30j-30r-8m.ms;Rolling Machine Assignment;107;12;11;7;44,2087405131628;22,4103601316518;0,967741935483871;1
30j-30r-8m.ms;Rolling Machine Assignment;107;12;11;8;46,4231876732672;36,2169502303704;0,967741935483871;1
30j-30r-8m.ms;Rolling Machine Assignment;107;12;11;9;43,2059386372324;25,9765877864766;0,967741935483871;0,967741935483871
30j-30r-8m.ms;GreedyLoadBalancing;118;17;16,25;0;46,646649321205;45,2038855036756;0,935483870967742;1
30j-30r-8m.ms;GreedyLoadBalancing;118;17;16,25;1;46,1889051533804;70,3536458827968;0,935483870967742;0,967741935483871
30j-30r-8m.ms;GreedyLoadBalancing;118;17;16,25;2;45,0549541879402;35,6656102707744;0,935483870967742;0,967741935483871
30j-30r-8m.ms;GreedyLoadBalancing;118;17;16,25;3;43,9686065558674;40,5538817310267;0,935483870967742;1
30j-30r-8m.ms;GreedyLoadBalancing;118;17;16,25;4;46,4997421981329;51,7827279928541;0,935483870967742;1
30j-30r-8m.ms;GreedyLoadBalancing;118;17;16,25;5;44,3955422544694;43,6639048412395;0,935483870967742;0,967741935483871
30j-30r-8m.ms;GreedyLoadBalancing;118;17;16,25;6;45,7331222707293;32,3053730400078;0,935483870967742;1
30j-30r-8m.ms;GreedyLoadBalancing;118;17;16,25;7;43,7122859095705;29,1171663277934;0,935483870967742;0,967741935483871
30j-30r-8m.ms;GreedyLoadBalancing;118;17;16,25;8;43,8437203552578;33,4790644566228;0,935483870967742;0,967741935483871
30j-30r-8m.ms;GreedyLoadBalancing;118;17;16,25;9;43,4823358693279;43,4736639388835;0,935483870967742;1
30j-30r-8m.ms;Random;284;19;18,5;0;70,4720039971031;19,2374255701636;1;1
30j-30r-8m.ms;Random;284;19;18,5;1;72,9663906685224;8,6083350460918;1;1
30j-30r-8m.ms;Random;284;19;18,5;2;71,8860373103049;35,9136494404101;1;1
30j-30r-8m.ms;Random;284;19;18,5;3;72,6176182998495;29,3850902855644;1;1
30j-30r-8m.ms;Random;284;19;18,5;4;71,4466687841014;13,8477597405524;1;1
30j-30r-8m.ms;Random;284;19;18,5;5;73,6274725699474;28,2696366634884;1;1
30j-30r-8m.ms;Random;284;19;18,5;6;71,4291608743432;7,70602900231648;1;1
30j-30r-8m.ms;Random;284;19;18,5;7;71,7598747061786;43,1518811401913;1;1
30j-30r-8m.ms;Random;284;19;18,5;8;71,5421786634604;5,9083265355158;1;1
30j-30r-8m.ms;Random;284;19;18,5;9;72,516536276109;14,8319407050579;1;1
30j-75r-4m.ms;Rolling Machine Assignment;95;11;10,5;0;108,496947135096;29,4357092277891;0,967741935483871;0,967741935483871
30j-75r-4m.ms;Rolling Machine Assignment;95;11;10,5;1;103,591566186855;24,0645213348091;0,967741935483871;0,967741935483871
30j-75r-4m.ms;Rolling Machine Assignment;95;11;10,5;2;91;11,8517216046912;0,483870967741936;0,483870967741936
30j-75r-4m.ms;Rolling Machine Assignment;95;11;10,5;3;91;31,7526397289072;0,483870967741936;0,483870967741936
30j-75r-4m.ms;Rolling Machine Assignment;95;11;10,5;4;91;11,2497689307708;0,483870967741936;0,483870967741936
30j-75r-4m.ms;Rolling Machine Assignment;95;11;10,5;5;104,786967477528;18,4185866331958;0,967741935483871;0,967741935483871
30j-75r-4m.ms;Rolling Machine Assignment;95;11;10,5;6;91;2,24121526936509;0,483870967741936;0,483870967741936
30j-75r-4m.ms;Rolling Machine Assignment;95;11;10,5;7;91;13,2096201760733;0,483870967741936;0,483870967741936
30j-75r-4m.ms;Rolling Machine Assignment;95;11;10,5;8;106,492190427747;26,2420775621772;0,967741935483871;0,967741935483871
30j-75r-4m.ms;Rolling Machine Assignment;95;11;10,5;9;91;13,4418498078463;0,483870967741936;0,483870967741936
30j-75r-4m.ms;GreedyLoadBalancing;162;15;25,25;0;111;18,0693687234364;0,225806451612903;0,258064516129032
30j-75r-4m.ms;GreedyLoadBalancing;162;15;25,25;1;111;18,5899034514602;0,225806451612903;0,258064516129032
30j-75r-4m.ms;GreedyLoadBalancing;162;15;25,25;2;111;21,7094896550839;0,225806451612903;0,258064516129032
30j-75r-4m.ms;GreedyLoadBalancing;162;15;25,25;3;122,980902417674;62,9562455138987;0,935483870967742;0,967741935483871
30j-75r-4m.ms;GreedyLoadBalancing;162;15;25,25;4;111;19,1979214867938;0,225806451612903;0,258064516129032
30j-75r-4m.ms;GreedyLoadBalancing;162;15;25,25;5;124,509263073177;107,325066005021;0,935483870967742;0,967741935483871
30j-75r-4m.ms;GreedyLoadBalancing;162;15;25,25;6;111;15,9044757024014;0,225806451612903;0,258064516129032
30j-75r-4m.ms;GreedyLoadBalancing;162;15;25,25;7;128,372754525939;138,145952093115;0,935483870967742;0,967741935483871
30j-75r-4m.ms;GreedyLoadBalancing;162;15;25,25;8;121,036548013356;46,3355324832394;0,935483870967742;0,967741935483871
30j-75r-4m.ms;GreedyLoadBalancing;162;15;25,25;9;111;6,68430819812599;0,225806451612903;0,258064516129032
30j-75r-4m.ms;Random;256;17;24;0;133;26,216470862342;0,258064516129032;0,290322580645161
30j-75r-4m.ms;Random;256;17;24;1;146,713572539351;43,3137047070769;0,935483870967742;0,967741935483871
30j-75r-4m.ms;Random;256;17;24;2;152,811942938833;146,813917018301;0,935483870967742;0,967741935483871
30j-75r-4m.ms;Random;256;17;24;3;148,73894639146;88,7918977578043;0,935483870967742;0,967741935483871
30j-75r-4m.ms;Random;256;17;24;4;149,382240936476;80,0824651853422;0,935483870967742;0,967741935483871
30j-75r-4m.ms;Random;256;17;24;5;133;21,7454707494047;0,258064516129032;0,290322580645161
30j-75r-4m.ms;Random;256;17;24;6;133;22,015633863415;0,258064516129032;0,290322580645161
30j-75r-4m.ms;Random;256;17;24;7;152,248050514251;103,059629151709;0,935483870967742;0,967741935483871
30j-75r-4m.ms;Random;256;17;24;8;157,394471050424;143,069171595694;0,935483870967742;0,967741935483871
30j-75r-4m.ms;Random;256;17;24;9;146,8882950348;35,7244051436432;0,935483870967742;0,967741935483871
30j-75r-8m.ms;Rolling Machine Assignment;204;16;23,25;0;81,4111044940897;23,1847512075728;1;1
30j-75r-8m.ms;Rolling Machine Assignment;204;16;23,25;1;78,8128106151329;11,3498212045931;1;1
30j-75r-8m.ms;Rolling Machine Assignment;204;16;23,25;2;78,7307822508836;14,3892113487497;1;1
30j-75r-8m.ms;Rolling Machine Assignment;204;16;23,25;3;80,2092122872852;13,8815303151804;1;1
30j-75r-8m.ms;Rolling Machine Assignment;204;16;23,25;4;77,0745580678056;17,7188433046911;1;1
30j-75r-8m.ms;Rolling Machine Assignment;204;16;23,25;5;81,365819358205;15,4669890952556;1;1
30j-75r-8m.ms;Rolling Machine Assignment;204;16;23,25;6;80,6618290626247;32,1760062172254;1;1
30j-75r-8m.ms;Rolling Machine Assignment;204;16;23,25;7;78,2548734616538;13,0450447993125;1;1
30j-75r-8m.ms;Rolling Machine Assignment;204;16;23,25;8;80,3854207406646;23,7396625483156;1;1
30j-75r-8m.ms;Rolling Machine Assignment;204;16;23,25;9;81,6894418795178;17,0332461829937;1;1
30j-75r-8m.ms;GreedyLoadBalancing;228;16;23,25;0;83,1551637665936;34,2348732318167;0,967741935483871;1
30j-75r-8m.ms;GreedyLoadBalancing;228;16;23,25;1;87,3230740930992;68,4563399276064;1;1
30j-75r-8m.ms;GreedyLoadBalancing;228;16;23,25;2;82,6632017519363;56,6058118380638;1;1
30j-75r-8m.ms;GreedyLoadBalancing;228;16;23,25;3;68;10,1713847206125;0,483870967741936;0,516129032258065
30j-75r-8m.ms;GreedyLoadBalancing;228;16;23,25;4;84,9943271678601;19,484945896837;1;1
30j-75r-8m.ms;GreedyLoadBalancing;228;16;23,25;5;85,4029219050555;35,7891614034162;1;1
30j-75r-8m.ms;GreedyLoadBalancing;228;16;23,25;6;83,9236184756403;14,5035282829539;0,967741935483871;1
30j-75r-8m.ms;GreedyLoadBalancing;228;16;23,25;7;84,5762409315224;28,2888520617082;0,967741935483871;1
30j-75r-8m.ms;GreedyLoadBalancing;228;16;23,25;8;82,8009746849776;43,5117004669436;1;1
30j-75r-8m.ms;GreedyLoadBalancing;228;16;23,25;9;84,6165999380566;31,3620162066221;1;1
30j-75r-8m.ms;Random;355;19;37,75;0;121,443470936384;118,084041936355;0,967741935483871;1
30j-75r-8m.ms;Random;355;19;37,75;1;123,361500570808;36,9229790536718;0,967741935483871;1
30j-75r-8m.ms;Random;355;19;37,75;2;121,8916742072;62,7031340576182;0,967741935483871;1
30j-75r-8m.ms;Random;355;19;37,75;3;124,648428512412;48,2028400418936;0,967741935483871;1
30j-75r-8m.ms;Random;355;19;37,75;4;122,021238741764;73,6689940144051;0,967741935483871;1
30j-75r-8m.ms;Random;355;19;37,75;5;119,809428314857;37,2999113325401;0,967741935483871;1
30j-75r-8m.ms;Random;355;19;37,75;6;120,317110748034;51,2598497472249;0,967741935483871;1
30j-75r-8m.ms;Random;355;19;37,75;7;118,640512388733;27,1567516208769;0,967741935483871;1
30j-75r-8m.ms;Random;355;19;37,75;8;120,931132333117;42,2782316366843;0,967741935483871;1
30j-75r-8m.ms;Random;355;19;37,75;9;121,000193671941;63,1401894295982;0,967741935483871;1
Pinedo;Rolling Machine Assignment;13;4;4,25;0;37,716959114492;3,05326840050232;0,8;0,9
Pinedo;Rolling Machine Assignment;13;4;4,25;1;38,6580190733701;8,43841628779194;0,8;0,9
Pinedo;Rolling Machine Assignment;13;4;4,25;2;39,8073810461398;2,69183495101582;0,8;0,9
Pinedo;Rolling Machine Assignment;13;4;4,25;3;39,4427692124918;11,0306306685731;0,8;0,9
Pinedo;Rolling Machine Assignment;13;4;4,25;4;39,100642135612;4,62583801884644;1;1
Pinedo;Rolling Machine Assignment;13;4;4,25;5;42,8052757669916;18,4855074109794;0,8;0,9
Pinedo;Rolling Machine Assignment;13;4;4,25;6;40,2667587985375;13,8678867960943;0,8;0,9
Pinedo;Rolling Machine Assignment;13;4;4,25;7;41,3105451954558;11,4215090235485;1;1
Pinedo;Rolling Machine Assignment;13;4;4,25;8;41,5638269686966;24,2837869949977;0,8;0,9
Pinedo;Rolling Machine Assignment;13;4;4,25;9;39,9216267361751;3,65516315016098;1;1
Pinedo;GreedyLoadBalancing;13;5;5;0;39,5568398186306;3,65235560461754;1;1
Pinedo;GreedyLoadBalancing;13;5;5;1;38,958340474879;7,5766576850118;1;1
Pinedo;GreedyLoadBalancing;13;5;5;2;39,6491706740305;11,358315515659;0,8;0,9
Pinedo;GreedyLoadBalancing;13;5;5;3;39,6463957865975;6,42658594035137;0,8;0,9
Pinedo;GreedyLoadBalancing;13;5;5;4;40,3486645880364;9,13837311241056;0,8;0,9
Pinedo;GreedyLoadBalancing;13;5;5;5;39,3246935141386;2,67304708316314;0,8;0,9
Pinedo;GreedyLoadBalancing;13;5;5;6;39,2465683404661;3,37818394411179;0,8;0,9
Pinedo;GreedyLoadBalancing;13;5;5;7;40,2885245495857;1,18771747382411;1;1
Pinedo;GreedyLoadBalancing;13;5;5;8;40,1537412086824;5,07683351736002;1;1
Pinedo;GreedyLoadBalancing;13;5;5;9;40,9791584914091;19,3150698449284;0,8;0,9
Pinedo;Random;23;5;5,25;0;50,2562786138048;1,70735490208787;0,9;0,9
Pinedo;Random;23;5;5,25;1;56,5985747781203;37,0331288644965;0,9;0,9
Pinedo;Random;23;5;5,25;2;54,7040453348911;19,0628338095961;1;1
Pinedo;Random;23;5;5,25;3;51,966040570923;1,22214685762476;0,9;0,9
Pinedo;Random;23;5;5,25;4;51,1369342359543;5,18200972187998;0,9;0,9
Pinedo;Random;23;5;5,25;5;51,8763415457789;14,1188341748729;0,9;0,9
Pinedo;Random;23;5;5,25;6;55,242005743676;22,8702750652844;0,9;0,9
Pinedo;Random;23;5;5,25;7;49,494497899952;9,72522605251653;0,9;0,9
Pinedo;Random;23;5;5,25;8;56,0419237721444;39,5795855837999;0,9;0,9
Pinedo;Random;23;5;5,25;9;51,8942172497703;10,59600934137;1;1
100j-100r-12m.ms;Rolling Machine Assignment;900;19;35;0;196,788031137862;797,563793070572;0,99009900990099;0,99009900990099
100j-100r-12m.ms;Rolling Machine Assignment;900;19;35;1;196,841865166684;669,909638899191;0,99009900990099;0,99009900990099
100j-100r-12m.ms;Rolling Machine Assignment;900;19;35;2;199,650554709844;810,199506201516;0,99009900990099;0,99009900990099
100j-100r-12m.ms;Rolling Machine Assignment;900;19;35;3;198,494709788651;727,673918761748;0,99009900990099;1
100j-100r-12m.ms;Rolling Machine Assignment;900;19;35;4;205,030928098505;876,242331581814;0,99009900990099;1
100j-100r-12m.ms;Rolling Machine Assignment;900;19;35;5;201,361438998406;785,68443630957;0,99009900990099;0,99009900990099
100j-100r-12m.ms;Rolling Machine Assignment;900;19;35;6;199,647975001628;788,574695288341;0,99009900990099;0,99009900990099
100j-100r-12m.ms;Rolling Machine Assignment;900;19;35;7;198,091273617633;711,100990418535;0,99009900990099;1
100j-100r-12m.ms;Rolling Machine Assignment;900;19;35;8;199,366863480781;813,23318513267;0,99009900990099;0,99009900990099
100j-100r-12m.ms;Rolling Machine Assignment;900;19;35;9;203,482284669428;806,633904314203;0,99009900990099;0,99009900990099
100j-100r-12m.ms;GreedyLoadBalancing;1080;48;94,5;0;211,226971297862;290,783391311444;0,98019801980198;0,99009900990099
100j-100r-12m.ms;GreedyLoadBalancing;1080;48;94,5;1;212,461962306121;374,785613853621;0,98019801980198;0,99009900990099
100j-100r-12m.ms;GreedyLoadBalancing;1080;48;94,5;2;210,956617564496;442,808774411661;0,98019801980198;0,99009900990099
100j-100r-12m.ms;GreedyLoadBalancing;1080;48;94,5;3;210,167876737395;276,116810592411;0,98019801980198;0,99009900990099
100j-100r-12m.ms;GreedyLoadBalancing;1080;48;94,5;4;213,917594069375;403,815451179434;0,98019801980198;0,99009900990099
100j-100r-12m.ms;GreedyLoadBalancing;1080;48;94,5;5;213,186473765432;274,702399144304;0,98019801980198;0,99009900990099
100j-100r-12m.ms;GreedyLoadBalancing;1080;48;94,5;6;211,48528751123;511,139000392776;0,98019801980198;1
100j-100r-12m.ms;GreedyLoadBalancing;1080;48;94,5;7;214,593891208689;383,261700577479;0,98019801980198;0,99009900990099
100j-100r-12m.ms;GreedyLoadBalancing;1080;48;94,5;8;212,95759283705;340,349949944132;0,98019801980198;0,99009900990099
100j-100r-12m.ms;GreedyLoadBalancing;1080;48;94,5;9;215,324094389783;214,498546650344;0,98019801980198;0,99009900990099
100j-100r-12m.ms;Random;1614;53;108,5;0;257,865842664631;724,661870832846;0,99009900990099;1
100j-100r-12m.ms;Random;1614;53;108,5;1;263,214954105114;959,543017427381;0,99009900990099;1
100j-100r-12m.ms;Random;1614;53;108,5;2;259,865795335919;786,075543344621;0,99009900990099;1
100j-100r-12m.ms;Random;1614;53;108,5;3;262,178665113141;915,818706587701;0,99009900990099;1
100j-100r-12m.ms;Random;1614;53;108,5;4;263,489808387262;803,408619159336;0,99009900990099;1
100j-100r-12m.ms;Random;1614;53;108,5;5;265,746469666959;901,181856196328;0,99009900990099;1
100j-100r-12m.ms;Random;1614;53;108,5;6;261,138829792659;835,265172162397;0,99009900990099;1
100j-100r-12m.ms;Random;1614;53;108,5;7;258,951133109143;621,046370254373;0,99009900990099;1
100j-100r-12m.ms;Random;1614;53;108,5;8;262,505845087022;820,965313811526;0,99009900990099;1
100j-100r-12m.ms;Random;1614;53;108,5;9;264,064862854011;679,392450805369;0,99009900990099;1
100j-100r-6m.ms;Rolling Machine Assignment;386;17;31,25;0;263,050366754045;494,393759061577;0,99009900990099;1
100j-100r-6m.ms;Rolling Machine Assignment;386;17;31,25;1;263,292483082862;662,619959192023;0,99009900990099;0,99009900990099
100j-100r-6m.ms;Rolling Machine Assignment;386;17;31,25;2;269,067183412356;697,793386898001;0,99009900990099;1
100j-100r-6m.ms;Rolling Machine Assignment;386;17;31,25;3;264,10616687639;540,283950777811;0,99009900990099;0,99009900990099
100j-100r-6m.ms;Rolling Machine Assignment;386;17;31,25;4;265,267767552679;544,766688449896;0,99009900990099;0,99009900990099
100j-100r-6m.ms;Rolling Machine Assignment;386;17;31,25;5;271,905746658635;910,06737966544;0,99009900990099;0,99009900990099
100j-100r-6m.ms;Rolling Machine Assignment;386;17;31,25;6;266,609173697554;565,836859662696;0,99009900990099;1
100j-100r-6m.ms;Rolling Machine Assignment;386;17;31,25;7;267,992631339485;586,247262534209;0,99009900990099;1
100j-100r-6m.ms;Rolling Machine Assignment;386;17;31,25;8;261,204599050547;508,499631005955;0,99009900990099;0,99009900990099
100j-100r-6m.ms;Rolling Machine Assignment;386;17;31,25;9;262,542767760473;524,354648654443;0,99009900990099;0,99009900990099
100j-100r-6m.ms;GreedyLoadBalancing;438;35;66;0;291,497436690063;2690,55064604845;0,98019801980198;0,99009900990099
100j-100r-6m.ms;GreedyLoadBalancing;438;35;66;1;278,134856547054;2292,21266139714;0,98019801980198;0,99009900990099
100j-100r-6m.ms;GreedyLoadBalancing;438;35;66;2;281,668567730667;2333,98325841165;0,98019801980198;0,99009900990099
100j-100r-6m.ms;GreedyLoadBalancing;438;35;66;3;285,462204027697;2372,27867930282;0,98019801980198;1
100j-100r-6m.ms;GreedyLoadBalancing;438;35;66;4;290,307428428957;2663,30462368129;0,98019801980198;0,99009900990099
100j-100r-6m.ms;GreedyLoadBalancing;438;35;66;5;279,337000328238;2270,84196603631;0,98019801980198;0,99009900990099
100j-100r-6m.ms;GreedyLoadBalancing;438;35;66;6;283,8911307328;2405,70591530734;0,98019801980198;1
100j-100r-6m.ms;GreedyLoadBalancing;438;35;66;7;281,709838568053;2279,17435732386;0,98019801980198;1
100j-100r-6m.ms;GreedyLoadBalancing;438;35;66;8;282,984154319572;2332,92146947241;0,98019801980198;1
100j-100r-6m.ms;GreedyLoadBalancing;438;35;66;9;281,459562069077;2488,79594551232;0,98019801980198;0,99009900990099
100j-100r-6m.ms;Random;924;52;121,25;0;360,961055181644;2545,31557085109;0,99009900990099;1
100j-100r-6m.ms;Random;924;52;121,25;1;361,461528626289;2300,51229446983;0,99009900990099;1
100j-100r-6m.ms;Random;924;52;121,25;2;361,815536748213;2327,76655314005;0,99009900990099;1
100j-100r-6m.ms;Random;924;52;121,25;3;357,764504749709;2002,32245353434;0,99009900990099;1
100j-100r-6m.ms;Random;924;52;121,25;4;350,84607059219;2030,21299362092;0,99009900990099;1
100j-100r-6m.ms;Random;924;52;121,25;5;361,997918971543;2247,19713498487;0,99009900990099;1
100j-100r-6m.ms;Random;924;52;121,25;6;364,974720694205;2271,47331668652;0,99009900990099;1
100j-100r-6m.ms;Random;924;52;121,25;7;361,748599182935;2275,64619291399;0,99009900990099;1
100j-100r-6m.ms;Random;924;52;121,25;8;355,285707604685;2144,11405185059;0,99009900990099;1
100j-100r-6m.ms;Random;924;52;121,25;9;362,643770585524;2410,23851892051;0,99009900990099;1
100j-250r-12m.ms;Rolling Machine Assignment;687;36;81;0;184,866640161069;85,2593116666666;0,99009900990099;1
100j-250r-12m.ms;Rolling Machine Assignment;687;36;81;1;190,214899646341;207,763415060548;0,99009900990099;1
100j-250r-12m.ms;Rolling Machine Assignment;687;36;81;2;185,57038917569;140,463841163237;0,99009900990099;1
100j-250r-12m.ms;Rolling Machine Assignment;687;36;81;3;196,822054104983;238,436985636284;0,99009900990099;0,99009900990099
100j-250r-12m.ms;Rolling Machine Assignment;687;36;81;4;186,810825738371;143,601573087624;0,99009900990099;1
100j-250r-12m.ms;Rolling Machine Assignment;687;36;81;5;188,126690657458;109,312615154259;0,99009900990099;0,99009900990099
100j-250r-12m.ms;Rolling Machine Assignment;687;36;81;6;187,438483047835;276,768401115676;0,99009900990099;0,99009900990099
100j-250r-12m.ms;Rolling Machine Assignment;687;36;81;7;184,094630990814;79,1037800939734;0,99009900990099;0,99009900990099
100j-250r-12m.ms;Rolling Machine Assignment;687;36;81;8;191,962551205465;145,269932572205;0,99009900990099;1
100j-250r-12m.ms;Rolling Machine Assignment;687;36;81;9;191,984131284417;315,306369735219;0,99009900990099;0,99009900990099
100j-250r-12m.ms;GreedyLoadBalancing;732;46;107,5;0;186,209776618315;264,480832274647;0,98019801980198;0,99009900990099
100j-250r-12m.ms;GreedyLoadBalancing;732;46;107,5;1;189,598187653829;182,415269041891;0,98019801980198;1
100j-250r-12m.ms;GreedyLoadBalancing;732;46;107,5;2;186,721672011416;186,081473756203;0,98019801980198;1
100j-250r-12m.ms;GreedyLoadBalancing;732;46;107,5;3;186,842278430682;220,185594429483;0,98019801980198;1
100j-250r-12m.ms;GreedyLoadBalancing;732;46;107,5;4;187,547838088379;187,170181515279;0,98019801980198;0,99009900990099
100j-250r-12m.ms;GreedyLoadBalancing;732;46;107,5;5;189,699922064457;151,961485674463;0,98019801980198;0,99009900990099
100j-250r-12m.ms;GreedyLoadBalancing;732;46;107,5;6;183,071930269044;185,898535951874;0,98019801980198;0,99009900990099
100j-250r-12m.ms;GreedyLoadBalancing;732;46;107,5;7;185,106757435968;172,256170475324;0,98019801980198;1
100j-250r-12m.ms;GreedyLoadBalancing;732;46;107,5;8;192,386530755608;239,499730151798;0,98019801980198;1
100j-250r-12m.ms;GreedyLoadBalancing;732;46;107,5;9;192,668804436802;240,719804501619;0,98019801980198;1
100j-250r-12m.ms;Random;1455;56;149,25;0;279,153538859075;142,353156106258;1;1
100j-250r-12m.ms;Random;1455;56;149,25;1;280,786264642274;44,7154965302966;1;1
100j-250r-12m.ms;Random;1455;56;149,25;2;275,555025462971;101,258763767138;1;1
100j-250r-12m.ms;Random;1455;56;149,25;3;279,060098156147;243,910351435439;1;1
100j-250r-12m.ms;Random;1455;56;149,25;4;277,860252723337;64,7934956292949;1;1
100j-250r-12m.ms;Random;1455;56;149,25;5;280,174951586175;132,451165628005;1;1
100j-250r-12m.ms;Random;1455;56;149,25;6;284,762690230807;324,274419835523;1;1
100j-250r-12m.ms;Random;1455;56;149,25;7;278,256098815219;69,6165439195109;1;1
100j-250r-12m.ms;Random;1455;56;149,25;8;278,649737190532;81,9658977014619;1;1
100j-250r-12m.ms;Random;1455;56;149,25;9;286,582595158581;364,151829091219;1;1
100j-250r-6m.ms;Rolling Machine Assignment;318;21;45,5;0;237;42,9143148493432;0,257425742574257;0,257425742574257
100j-250r-6m.ms;Rolling Machine Assignment;318;21;45,5;1;237;59,37317762091;0,257425742574257;0,257425742574257
100j-250r-6m.ms;Rolling Machine Assignment;318;21;45,5;2;237;57,3304037639233;0,257425742574257;0,257425742574257
100j-250r-6m.ms;Rolling Machine Assignment;318;21;45,5;3;237;57,6777494345877;0,257425742574257;0,257425742574257
100j-250r-6m.ms;Rolling Machine Assignment;318;21;45,5;4;237;46,0509700213794;0,257425742574257;0,257425742574257
100j-250r-6m.ms;Rolling Machine Assignment;318;21;45,5;5;237;55,2881982585063;0,257425742574257;0,257425742574257
100j-250r-6m.ms;Rolling Machine Assignment;318;21;45,5;6;237;50,6598093713596;0,257425742574257;0,257425742574257
100j-250r-6m.ms;Rolling Machine Assignment;318;21;45,5;7;239,959348200254;142,292914781417;0,99009900990099;0,99009900990099
100j-250r-6m.ms;Rolling Machine Assignment;318;21;45,5;8;238,923333402441;139,014894201537;0,99009900990099;0,99009900990099
100j-250r-6m.ms;Rolling Machine Assignment;318;21;45,5;9;237;62,8041281801667;0,257425742574257;0,257425742574257
100j-250r-6m.ms;GreedyLoadBalancing;516;38;73,25;0;268;13,2182359575506;0,108910891089109;0,118811881188119
100j-250r-6m.ms;GreedyLoadBalancing;516;38;73,25;1;268;13;0,108910891089109;0,118811881188119
100j-250r-6m.ms;GreedyLoadBalancing;516;38;73,25;2;268;14,4162806408014;0,108910891089109;0,118811881188119
100j-250r-6m.ms;GreedyLoadBalancing;516;38;73,25;3;269,657964553226;89,7788986961562;0,98019801980198;0,99009900990099
100j-250r-6m.ms;GreedyLoadBalancing;516;38;73,25;4;272,393309027534;292,931591834688;0,98019801980198;0,99009900990099
100j-250r-6m.ms;GreedyLoadBalancing;516;38;73,25;5;268;13;0,108910891089109;0,118811881188119
100j-250r-6m.ms;GreedyLoadBalancing;516;38;73,25;6;272,283415544323;138,608274560757;0,98019801980198;0,99009900990099
100j-250r-6m.ms;GreedyLoadBalancing;516;38;73,25;7;266,965282235433;156,560305950514;0,98019801980198;0,99009900990099
100j-250r-6m.ms;GreedyLoadBalancing;516;38;73,25;8;272,655895053688;124,916249951583;0,98019801980198;0,99009900990099
100j-250r-6m.ms;GreedyLoadBalancing;516;38;73,25;9;267,881238663212;207,485167621547;0,98019801980198;0,99009900990099
100j-250r-6m.ms;Random;1152;51;116,25;0;390,410374653424;442,615066632748;0,99009900990099;1
100j-250r-6m.ms;Random;1152;51;116,25;1;394,896362754978;488,091087430097;0,99009900990099;1
100j-250r-6m.ms;Random;1152;51;116,25;2;392,126279931503;456,086956389969;0,99009900990099;1
100j-250r-6m.ms;Random;1152;51;116,25;3;392,086772012335;512,481957757718;0,99009900990099;1
100j-250r-6m.ms;Random;1152;51;116,25;4;387,367776352291;171,458565545115;0,99009900990099;1
100j-250r-6m.ms;Random;1152;51;116,25;5;399,343820297286;672,051703809769;0,99009900990099;1
100j-250r-6m.ms;Random;1152;51;116,25;6;395,696468586046;696,393838340535;0,99009900990099;1
100j-250r-6m.ms;Random;1152;51;116,25;7;392,61445981373;610,002940577116;0,99009900990099;1
100j-250r-6m.ms;Random;1152;51;116,25;8;388,403129651196;397,65781762234;0,99009900990099;1
100j-250r-6m.ms;Random;1152;51;116,25;9;397,905203986227;462,64800593256;0,99009900990099;1
100j-50r-12m.ms;Rolling Machine Assignment;414;18;24;0;143,878800665721;533,326520550865;0,99009900990099;0,99009900990099
100j-50r-12m.ms;Rolling Machine Assignment;414;18;24;1;147,972323838148;592,234429716652;0,99009900990099;1
100j-50r-12m.ms;Rolling Machine Assignment;414;18;24;2;144,422318441505;593,398974348543;0,99009900990099;1
100j-50r-12m.ms;Rolling Machine Assignment;414;18;24;3;144,927900422367;563,828724879315;0,99009900990099;0,99009900990099
100j-50r-12m.ms;Rolling Machine Assignment;414;18;24;4;148,970381747298;588,347389192306;0,99009900990099;0,99009900990099
100j-50r-12m.ms;Rolling Machine Assignment;414;18;24;5;150,199381656819;654,277283951607;0,99009900990099;1
100j-50r-12m.ms;Rolling Machine Assignment;414;18;24;6;146,344527489184;616,836607577943;0,99009900990099;1
100j-50r-12m.ms;Rolling Machine Assignment;414;18;24;7;150,990629280566;628,436556239215;0,99009900990099;0,99009900990099
100j-50r-12m.ms;Rolling Machine Assignment;414;18;24;8;143,162383478941;554,849874591173;0,99009900990099;1
100j-50r-12m.ms;Rolling Machine Assignment;414;18;24;9;144,889061853359;582,372225607528;0,99009900990099;0,99009900990099
100j-50r-12m.ms;GreedyLoadBalancing;761;47;117,25;0;169,824984053499;667,283674077882;0,98019801980198;1
100j-50r-12m.ms;GreedyLoadBalancing;761;47;117,25;1;172,291793866694;651,063975506143;0,98019801980198;0,99009900990099
100j-50r-12m.ms;GreedyLoadBalancing;761;47;117,25;2;172,100572147228;605,589229813006;0,98019801980198;1
100j-50r-12m.ms;GreedyLoadBalancing;761;47;117,25;3;173,446824339137;709,053082095772;0,98019801980198;1
100j-50r-12m.ms;GreedyLoadBalancing;761;47;117,25;4;170,006190539541;706,08365378618;0,98019801980198;0,99009900990099
100j-50r-12m.ms;GreedyLoadBalancing;761;47;117,25;5;168,629793317117;699,028420755895;0,98019801980198;1
100j-50r-12m.ms;GreedyLoadBalancing;761;47;117,25;6;170,122413161897;660,22842968766;0,98019801980198;1
100j-50r-12m.ms;GreedyLoadBalancing;761;47;117,25;7;169,842825003931;690,641419278893;0,98019801980198;0,99009900990099
100j-50r-12m.ms;GreedyLoadBalancing;761;47;117,25;8;170,859493517646;674,327734167556;0,98019801980198;1
100j-50r-12m.ms;GreedyLoadBalancing;761;47;117,25;9;169,595612746411;697,034307010522;0,98019801980198;0,99009900990099
100j-50r-12m.ms;Random;1593;61;147,75;0;244,460576265965;524,352507906983;0,98019801980198;1
100j-50r-12m.ms;Random;1593;61;147,75;1;241,917663021933;290,824583104698;0,98019801980198;1
100j-50r-12m.ms;Random;1593;61;147,75;2;249,12402135631;411,844391167663;0,98019801980198;1
100j-50r-12m.ms;Random;1593;61;147,75;3;243,696488744704;392,8108075934;0,98019801980198;1
100j-50r-12m.ms;Random;1593;61;147,75;4;245,546434473086;331,736512434243;0,98019801980198;1
100j-50r-12m.ms;Random;1593;61;147,75;5;242,181903219443;356,994198427943;0,98019801980198;0,99009900990099
100j-50r-12m.ms;Random;1593;61;147,75;6;243,92304918261;318,664877936352;0,98019801980198;1
100j-50r-12m.ms;Random;1593;61;147,75;7;248,285768582966;318,547363493879;0,98019801980198;1
100j-50r-12m.ms;Random;1593;61;147,75;8;245,296761970066;327,097224393736;0,98019801980198;1
100j-50r-12m.ms;Random;1593;61;147,75;9;246,828927831484;480,104729698557;0,98019801980198;0,99009900990099
100j-50r-6m.ms;Rolling Machine Assignment;146;8;15,75;0;249,115325524016;961,471756013771;0,99009900990099;0,99009900990099
100j-50r-6m.ms;Rolling Machine Assignment;146;8;15,75;1;247,608639346434;1053,25737702518;0,99009900990099;0,99009900990099
100j-50r-6m.ms;Rolling Machine Assignment;146;8;15,75;2;249,338201974257;951,937996745383;0,99009900990099;0,99009900990099
100j-50r-6m.ms;Rolling Machine Assignment;146;8;15,75;3;248,341822118687;946,667604601462;0,99009900990099;0,99009900990099
100j-50r-6m.ms;Rolling Machine Assignment;146;8;15,75;4;247,777150529268;992,204993057566;0,99009900990099;1
100j-50r-6m.ms;Rolling Machine Assignment;146;8;15,75;5;252,958425965167;1062,07428443606;0,99009900990099;1
100j-50r-6m.ms;Rolling Machine Assignment;146;8;15,75;6;240,087384351314;890,857251531107;0,99009900990099;0,99009900990099
100j-50r-6m.ms;Rolling Machine Assignment;146;8;15,75;7;242,494471641609;905,267981170836;0,99009900990099;0,99009900990099
100j-50r-6m.ms;Rolling Machine Assignment;146;8;15,75;8;239,050560105621;923,43576379578;0,99009900990099;0,99009900990099
100j-50r-6m.ms;Rolling Machine Assignment;146;8;15,75;9;247,110262991096;958,842334787822;0,99009900990099;0,99009900990099
100j-50r-6m.ms;GreedyLoadBalancing;432;42;90;0;287,678490292642;1598,0715438022;0,98019801980198;1
100j-50r-6m.ms;GreedyLoadBalancing;432;42;90;1;290,9694205782;1684,77872627564;0,98019801980198;1
100j-50r-6m.ms;GreedyLoadBalancing;432;42;90;2;290,13466433828;1614,63838570921;0,98019801980198;0,99009900990099
100j-50r-6m.ms;GreedyLoadBalancing;432;42;90;3;285,142604247596;1526,61318976971;0,98019801980198;1
100j-50r-6m.ms;GreedyLoadBalancing;432;42;90;4;282,522123884465;1367,62810808724;0,98019801980198;0,99009900990099
100j-50r-6m.ms;GreedyLoadBalancing;432;42;90;5;285,491774049534;1633,30687742092;0,98019801980198;1
100j-50r-6m.ms;GreedyLoadBalancing;432;42;90;6;290,438148854222;1671,83275557918;0,98019801980198;1
100j-50r-6m.ms;GreedyLoadBalancing;432;42;90;7;283,261144886818;1216,22246289475;0,98019801980198;1
100j-50r-6m.ms;GreedyLoadBalancing;432;42;90;8;288,109095876123;1664,56463583705;0,98019801980198;1
100j-50r-6m.ms;GreedyLoadBalancing;432;42;90;9;291,357736312585;1770,03123439887;0,98019801980198;1
100j-50r-6m.ms;Random;1028;48;132,75;0;376,450850958106;280,069357400289;0,98019801980198;0,99009900990099
100j-50r-6m.ms;Random;1028;48;132,75;1;376,32357818592;321,411728416961;0,98019801980198;1
100j-50r-6m.ms;Random;1028;48;132,75;2;379,810360210913;416,693289104902;0,98019801980198;0,99009900990099
100j-50r-6m.ms;Random;1028;48;132,75;3;381,804025115052;706,962138302654;0,98019801980198;0,99009900990099
100j-50r-6m.ms;Random;1028;48;132,75;4;380,36027919769;366,778290620179;0,98019801980198;1
100j-50r-6m.ms;Random;1028;48;132,75;5;379,890638780743;371,034518725754;0,98019801980198;1
100j-50r-6m.ms;Random;1028;48;132,75;6;378,075396179022;378,404427948669;0,98019801980198;0,99009900990099
100j-50r-6m.ms;Random;1028;48;132,75;7;377,3480233379;282,519496588401;0,98019801980198;1
100j-50r-6m.ms;Random;1028;48;132,75;8;386,211406968406;474,485651895518;0,98019801980198;1
100j-50r-6m.ms;Random;1028;48;132,75;9;378,834596359809;462,737572459501;0,98019801980198;1
30j-15r-4m.ms;Rolling Machine Assignment;72;5;8,75;0;112,233686406472;120,717250693466;0,967741935483871;0,967741935483871
30j-15r-4m.ms;Rolling Machine Assignment;72;5;8,75;1;112,163452587302;116,485732850221;0,967741935483871;1
30j-15r-4m.ms;Rolling Machine Assignment;72;5;8,75;2;113,924613086063;85,6068339150597;0,967741935483871;1
30j-15r-4m.ms;Rolling Machine Assignment;72;5;8,75;3;112,836178833467;110,78185665138;0,967741935483871;1
30j-15r-4m.ms;Rolling Machine Assignment;72;5;8,75;4;112,294782596046;81,3367428505467;0,967741935483871;0,967741935483871
30j-15r-4m.ms;Rolling Machine Assignment;72;5;8,75;5;114,09497003981;121,796836723237;0,967741935483871;0,967741935483871
30j-15r-4m.ms;Rolling Machine Assignment;72;5;8,75;6;109,072143244762;95,6456378146929;0,967741935483871;1
30j-15r-4m.ms;Rolling Machine Assignment;72;5;8,75;7;112,112955577427;104,734430420448;0,967741935483871;0,967741935483871
30j-15r-4m.ms;Rolling Machine Assignment;72;5;8,75;8;115,059591748451;103,059059482847;0,967741935483871;1
30j-15r-4m.ms;Rolling Machine Assignment;72;5;8,75;9;110,810334718073;106,738152356982;0,967741935483871;0,967741935483871
30j-15r-4m.ms;GreedyLoadBalancing;140;11;18,25;0;123,410719941513;113,509850183997;0,935483870967742;0,967741935483871
30j-15r-4m.ms;GreedyLoadBalancing;140;11;18,25;1;122,225339220102;125,06234224023;0,935483870967742;1
30j-15r-4m.ms;GreedyLoadBalancing;140;11;18,25;2;122,261333404614;70,0912221959156;0,935483870967742;1
30j-15r-4m.ms;GreedyLoadBalancing;140;11;18,25;3;120,225099716508;70,2985689750383;0,935483870967742;1
30j-15r-4m.ms;GreedyLoadBalancing;140;11;18,25;4;121,458630499513;91,5797198616247;0,935483870967742;1
30j-15r-4m.ms;GreedyLoadBalancing;140;11;18,25;5;125,794017980594;118,366159101616;0,935483870967742;1
30j-15r-4m.ms;GreedyLoadBalancing;140;11;18,25;6;122,77871000735;73,1560734292698;0,935483870967742;1
30j-15r-4m.ms;GreedyLoadBalancing;140;11;18,25;7;122,78932034615;74,9376949726811;0,935483870967742;1
30j-15r-4m.ms;GreedyLoadBalancing;140;11;18,25;8;121,273609075353;76,5421725362949;0,935483870967742;0,967741935483871
30j-15r-4m.ms;GreedyLoadBalancing;140;11;18,25;9;121,713793912739;85,9155074812541;0,935483870967742;0,967741935483871
30j-15r-4m.ms;Random;230;11;21,25;0;149,985970751604;25,849419686798;0,935483870967742;0,967741935483871
30j-15r-4m.ms;Random;230;11;21,25;1;149,374694525657;45,9698645312263;0,935483870967742;1
30j-15r-4m.ms;Random;230;11;21,25;2;146,873185068171;31,3396046877456;0,935483870967742;1
30j-15r-4m.ms;Random;230;11;21,25;3;144,427028097944;27,1727421941084;0,935483870967742;0,967741935483871
30j-15r-4m.ms;Random;230;11;21,25;4;150,873632419245;64,5394309926023;0,935483870967742;1
30j-15r-4m.ms;Random;230;11;21,25;5;146,353817537764;11,1577835454348;0,935483870967742;1
30j-15r-4m.ms;Random;230;11;21,25;6;155,815034816612;114,632364444532;0,935483870967742;1
30j-15r-4m.ms;Random;230;11;21,25;7;145,820616258644;16,0072157185598;0,935483870967742;1
30j-15r-4m.ms;Random;230;11;21,25;8;150,184590739609;56,9518917153685;0,935483870967742;1
30j-15r-4m.ms;Random;230;11;21,25;9;147,735372377571;14,857144793628;0,935483870967742;0,967741935483871
30j-15r-8m.ms;Rolling Machine Assignment;86;7;8,25;0;62,8487086618143;31,1279528919128;0,967741935483871;0,967741935483871
30j-15r-8m.ms;Rolling Machine Assignment;86;7;8,25;1;59,6313978623109;10,2365397989597;1;1
30j-15r-8m.ms;Rolling Machine Assignment;86;7;8,25;2;60,2547321318854;14,2396024827288;0,967741935483871;0,967741935483871
30j-15r-8m.ms;Rolling Machine Assignment;86;7;8,25;3;59,8473755273018;17,8908078172742;1;1
30j-15r-8m.ms;Rolling Machine Assignment;86;7;8,25;4;60,7897881287394;12,0662404334982;1;1
30j-15r-8m.ms;Rolling Machine Assignment;86;7;8,25;5;62,3205073985952;16,3118820500361;1;1
30j-15r-8m.ms;Rolling Machine Assignment;86;7;8,25;6;64,8633949874973;20,9047584211165;0,967741935483871;0,967741935483871
30j-15r-8m.ms;Rolling Machine Assignment;86;7;8,25;7;58,8937851222956;9,2336886563515;0,967741935483871;0,967741935483871
30j-15r-8m.ms;Rolling Machine Assignment;86;7;8,25;8;61,4782501043931;15,8420075663249;1;1
30j-15r-8m.ms;Rolling Machine Assignment;86;7;8,25;9;62,9785365407605;20,8887441313982;1;1
30j-15r-8m.ms;GreedyLoadBalancing;154;15;33,75;0;62;9,71789671984968;0,580645161290323;0,612903225806452
30j-15r-8m.ms;GreedyLoadBalancing;154;15;33,75;1;66,9720608395744;29,2661044774088;0,967741935483871;1
30j-15r-8m.ms;GreedyLoadBalancing;154;15;33,75;2;65,4862803198372;38,6271342983876;0,967741935483871;1
30j-15r-8m.ms;GreedyLoadBalancing;154;15;33,75;3;64,1258220158343;30,7671737007228;0,967741935483871;1
30j-15r-8m.ms;GreedyLoadBalancing;154;15;33,75;4;61,5797569856139;16,008455090661;0,967741935483871;1
30j-15r-8m.ms;GreedyLoadBalancing;154;15;33,75;5;66,7232007918627;36,6343657870045;0,935483870967742;0,967741935483871
30j-15r-8m.ms;GreedyLoadBalancing;154;15;33,75;6;62,1182156674915;5,86545429487689;0,967741935483871;1
30j-15r-8m.ms;GreedyLoadBalancing;154;15;33,75;7;64,9590417894227;21,0579785472484;0,870967741935484;0,903225806451613
30j-15r-8m.ms;GreedyLoadBalancing;154;15;33,75;8;68,3158860763011;38,9469375034426;0,967741935483871;1
30j-15r-8m.ms;GreedyLoadBalancing;154;15;33,75;9;62,2725038339544;16,5195248896266;0,967741935483871;1
30j-15r-8m.ms;Random;324;17;35,75;0;86,8809793368942;54,3287092475485;0,967741935483871;1
30j-15r-8m.ms;Random;324;17;35,75;1;86,5207603130055;37,5057223009528;0,967741935483871;1
30j-15r-8m.ms;Random;324;17;35,75;2;85,6803774313161;47,750644127382;0,967741935483871;1
30j-15r-8m.ms;Random;324;17;35,75;3;85,2350294329121;27,2593013667917;0,967741935483871;1
30j-15r-8m.ms;Random;324;17;35,75;4;88,7213748965808;43,644127965623;0,967741935483871;1
30j-15r-8m.ms;Random;324;17;35,75;5;87,9116117585862;35,0685727341328;0,967741935483871;1
30j-15r-8m.ms;Random;324;17;35,75;6;86,1767395908189;31,4331640797628;0,967741935483871;1
30j-15r-8m.ms;Random;324;17;35,75;7;86,6669113825185;38,0038510157722;0,967741935483871;1
30j-15r-8m.ms;Random;324;17;35,75;8;86,558790413108;34,3663165604735;0,967741935483871;1
30j-15r-8m.ms;Random;324;17;35,75;9;87,4622963074839;54,911051545912;0,967741935483871;1
30j-30r-4m.ms;Rolling Machine Assignment;37;5;4,5;0;93,0072127865032;84,949533349899;0,967741935483871;0,967741935483871
30j-30r-4m.ms;Rolling Machine Assignment;37;5;4,5;1;92,9398405240091;84,5078628485595;0,967741935483871;0,967741935483871
30j-30r-4m.ms;Rolling Machine Assignment;37;5;4,5;2;94,9233094349182;66,0742595816463;0,967741935483871;1
30j-30r-4m.ms;Rolling Machine Assignment;37;5;4,5;3;97,3316558529388;108,204674335924;0,967741935483871;0,967741935483871
30j-30r-4m.ms;Rolling Machine Assignment;37;5;4,5;4;91,0302804073821;44,9990741195866;0,967741935483871;0,967741935483871
30j-30r-4m.ms;Rolling Machine Assignment;37;5;4,5;5;94,3497209179845;80,2495376768146;0,967741935483871;0,967741935483871
30j-30r-4m.ms;Rolling Machine Assignment;37;5;4,5;6;95,9597110016572;93,1677745249505;0,967741935483871;1
30j-30r-4m.ms;Rolling Machine Assignment;37;5;4,5;7;92,8138387047981;61,5403386521812;0,967741935483871;0,967741935483871
30j-30r-4m.ms;Rolling Machine Assignment;37;5;4,5;8;91,3829469997012;43,8703124609729;0,967741935483871;1
30j-30r-4m.ms;Rolling Machine Assignment;37;5;4,5;9;92,7603546598495;72,4473938071526;0,967741935483871;1
30j-30r-4m.ms;GreedyLoadBalancing;95;13;20,25;0;105,530531614722;61,1340913594155;0,935483870967742;1
30j-30r-4m.ms;GreedyLoadBalancing;95;13;20,25;1;108,832993740644;67,92456565997;0,935483870967742;0,967741935483871
30j-30r-4m.ms;GreedyLoadBalancing;95;13;20,25;2;107,420325169719;51,723207862918;0,935483870967742;1
30j-30r-4m.ms;GreedyLoadBalancing;95;13;20,25;3;105,52673793102;53,8069191688845;0,935483870967742;0,967741935483871
30j-30r-4m.ms;GreedyLoadBalancing;95;13;20,25;4;105,922360284443;50,0838948374581;0,935483870967742;0,967741935483871
30j-30r-4m.ms;GreedyLoadBalancing;95;13;20,25;5;107,702232960853;62,5265043405345;0,935483870967742;1
30j-30r-4m.ms;GreedyLoadBalancing;95;13;20,25;6;108,189327760135;56,4963546845927;0,935483870967742;0,967741935483871
30j-30r-4m.ms;GreedyLoadBalancing;95;13;20,25;7;108,21049738448;53,0538586869618;0,935483870967742;1
30j-30r-4m.ms;GreedyLoadBalancing;95;13;20,25;8;109,066989757833;77,4070159951198;0,935483870967742;0,967741935483871
30j-30r-4m.ms;GreedyLoadBalancing;95;13;20,25;9;106,004259586528;44,6034477218864;0,935483870967742;0,967741935483871
30j-30r-4m.ms;Random;233;16;37,5;0;146,667284420475;96,9835405057651;0,967741935483871;1
30j-30r-4m.ms;Random;233;16;37,5;1;145,941204271875;68,3009951349879;0,967741935483871;1
30j-30r-4m.ms;Random;233;16;37,5;2;143,543844059706;50,1136510215365;0,967741935483871;1
30j-30r-4m.ms;Random;233;16;37,5;3;143,153549034453;53,7983877270969;0,967741935483871;1
30j-30r-4m.ms;Random;233;16;37,5;4;142,437463752273;42,9402599690365;0,967741935483871;1
30j-30r-4m.ms;Random;233;16;37,5;5;141,916164886098;42,615771578315;0,967741935483871;1
30j-30r-4m.ms;Random;233;16;37,5;6;142,394711856017;34,6084381507275;0,967741935483871;1
30j-30r-4m.ms;Random;233;16;37,5;7;141,149968436584;19,2385476412751;0,967741935483871;1
30j-30r-4m.ms;Random;233;16;37,5;8;142,393948372577;22,3961664674471;0,967741935483871;1
30j-30r-4m.ms;Random;233;16;37,5;9;141,365589199021;41,9896609443955;0,967741935483871;1
30j-30r-8m.ms;Rolling Machine Assignment;107;12;11;0;43,5160477892734;32,2723224950681;0,967741935483871;0,967741935483871
30j-30r-8m.ms;Rolling Machine Assignment;107;12;11;1;45,3465447704869;48,8780070231179;0,967741935483871;0,967741935483871
30j-30r-8m.ms;Rolling Machine Assignment;107;12;11;2;47,6367189142214;44,9471247764767;0,967741935483871;0,967741935483871
30j-30r-8m.ms;Rolling Machine Assignment;107;12;11;3;47,1903625157577;50,7323312567054;0,967741935483871;1
30j-30r-8m.ms;Rolling Machine Assignment;107;12;11;4;43,0581590139432;23,0308916652254;0,967741935483871;0,967741935483871
30j-30r-8m.ms;Rolling Machine Assignment;107;12;11;5;43,824764406783;36,6596689515603;0,967741935483871;1
30j-30r-8m.ms;Rolling Machine Assignment;107;12;11;6;42,798602206578;35,8990356195646;0,967741935483871;0,967741935483871
30j-30r-8m.ms;Rolling Machine Assignment;107;12;11;7;44,5473151847404;38,6358167222446;0,967741935483871;1
30j-30r-8m.ms;Rolling Machine Assignment;107;12;11;8;45,823757704963;37,4284142538121;0,967741935483871;1
30j-30r-8m.ms;Rolling Machine Assignment;107;12;11;9;47,0762793704526;33,2889185649041;0,967741935483871;0,967741935483871
30j-30r-8m.ms;GreedyLoadBalancing;118;17;16,25;0;45,2328842642608;49,2322980103588;0,935483870967742;1
30j-30r-8m.ms;GreedyLoadBalancing;118;17;16,25;1;43,0521290611621;42,2915933125029;0,935483870967742;1
30j-30r-8m.ms;GreedyLoadBalancing;118;17;16,25;2;45,3950047172096;53,2730695477784;0,935483870967742;1
30j-30r-8m.ms;GreedyLoadBalancing;118;17;16,25;3;44,6427650673852;52,2487800201951;0,935483870967742;1
30j-30r-8m.ms;GreedyLoadBalancing;118;17;16,25;4;44,7219114035639;35,7805269041587;0,935483870967742;1
30j-30r-8m.ms;GreedyLoadBalancing;118;17;16,25;5;45,5067699326947;68,4471847937786;0,935483870967742;0,967741935483871
30j-30r-8m.ms;GreedyLoadBalancing;118;17;16,25;6;45,7077350806825;42,8120610838207;0,935483870967742;1
30j-30r-8m.ms;GreedyLoadBalancing;118;17;16,25;7;44,1324083025587;30,4748224182294;0,935483870967742;1
30j-30r-8m.ms;GreedyLoadBalancing;118;17;16,25;8;44,587842367555;29,5881502723291;0,935483870967742;0,967741935483871
30j-30r-8m.ms;GreedyLoadBalancing;118;17;16,25;9;43,9400294690085;35,6237135464468;0,935483870967742;1
30j-30r-8m.ms;Random;314;20;23,75;0;76,1681950509054;45,6778690089855;0,967741935483871;1
30j-30r-8m.ms;Random;314;20;23,75;1;78,5631431095354;36,0994696873922;0,967741935483871;1
30j-30r-8m.ms;Random;314;20;23,75;2;77,3870697710072;42,6412423856294;0,967741935483871;1
30j-30r-8m.ms;Random;314;20;23,75;3;76,4038905904519;29,2977503447236;0,967741935483871;1
30j-30r-8m.ms;Random;314;20;23,75;4;74,4749836328824;22,0150808219964;0,967741935483871;1
30j-30r-8m.ms;Random;314;20;23,75;5;76,6670535884979;46,3391190404002;0,967741935483871;1
30j-30r-8m.ms;Random;314;20;23,75;6;75,9094255917502;50,5025826303672;0,967741935483871;1
30j-30r-8m.ms;Random;314;20;23,75;7;77,7277391889341;20,1211482494033;0,967741935483871;1
30j-30r-8m.ms;Random;314;20;23,75;8;78,7563908050576;21,7456802945762;0,967741935483871;1
30j-30r-8m.ms;Random;314;20;23,75;9;76,7558273733541;40,164712833118;0,967741935483871;1
30j-75r-4m.ms;Rolling Machine Assignment;95;11;10,5;0;91;5,96728531511747;0,483870967741936;0,483870967741936
30j-75r-4m.ms;Rolling Machine Assignment;95;11;10,5;1;106,291434692813;33,1760595314583;0,967741935483871;0,967741935483871
30j-75r-4m.ms;Rolling Machine Assignment;95;11;10,5;2;103,063706740621;12,9109733648825;0,967741935483871;0,967741935483871
30j-75r-4m.ms;Rolling Machine Assignment;95;11;10,5;3;110,384865941992;88,2107929844499;0,967741935483871;0,967741935483871
30j-75r-4m.ms;Rolling Machine Assignment;95;11;10,5;4;91;3,58428778688735;0,483870967741936;0,483870967741936
30j-75r-4m.ms;Rolling Machine Assignment;95;11;10,5;5;91;1,28276251564281;0,483870967741936;0,483870967741936
30j-75r-4m.ms;Rolling Machine Assignment;95;11;10,5;6;107,476519879071;40,5117578940821;0,967741935483871;0,967741935483871
30j-75r-4m.ms;Rolling Machine Assignment;95;11;10,5;7;91;2,69442982061626;0,483870967741936;0,483870967741936
30j-75r-4m.ms;Rolling Machine Assignment;95;11;10,5;8;91;8,44339301150496;0,483870967741936;0,483870967741936
30j-75r-4m.ms;Rolling Machine Assignment;95;11;10,5;9;107,699136600857;24,0927504445564;0,967741935483871;0,967741935483871
30j-75r-4m.ms;GreedyLoadBalancing;162;15;25,25;0;125,582359142136;88,096463971693;0,935483870967742;0,967741935483871
30j-75r-4m.ms;GreedyLoadBalancing;162;15;25,25;1;111;17,8066496537891;0,225806451612903;0,258064516129032
30j-75r-4m.ms;GreedyLoadBalancing;162;15;25,25;2;111;14,7023079164885;0,225806451612903;0,258064516129032
30j-75r-4m.ms;GreedyLoadBalancing;162;15;25,25;3;111;13,2262042334398;0,225806451612903;0,258064516129032
30j-75r-4m.ms;GreedyLoadBalancing;162;15;25,25;4;111;8,12316037887146;0,225806451612903;0,258064516129032
30j-75r-4m.ms;GreedyLoadBalancing;162;15;25,25;5;131,448382549667;125,326076649349;0,935483870967742;0,967741935483871
30j-75r-4m.ms;GreedyLoadBalancing;162;15;25,25;6;123,59575647551;118,639779987946;0,935483870967742;0,967741935483871
30j-75r-4m.ms;GreedyLoadBalancing;162;15;25,25;7;111;25,3963809061554;0,225806451612903;0,258064516129032
30j-75r-4m.ms;GreedyLoadBalancing;162;15;25,25;8;111;22,2456959586406;0,225806451612903;0,258064516129032
30j-75r-4m.ms;GreedyLoadBalancing;162;15;25,25;9;111;12,957155060324;0,225806451612903;0,258064516129032
30j-75r-4m.ms;Random;299;17;32,25;0;162,962174722914;54,7995469064433;0,967741935483871;1
30j-75r-4m.ms;Random;299;17;32,25;1;165,096405150081;50,5921886404878;0,967741935483871;1
30j-75r-4m.ms;Random;299;17;32,25;2;163,499379029308;46,9071167896542;0,967741935483871;1
30j-75r-4m.ms;Random;299;17;32,25;3;163,26624152965;17,0997991041263;0,967741935483871;1
30j-75r-4m.ms;Random;299;17;32,25;4;163,413244723146;28,6154887306867;0,967741935483871;1
30j-75r-4m.ms;Random;299;17;32,25;5;161,301134509961;41,7760379663925;0,967741935483871;1
30j-75r-4m.ms;Random;299;17;32,25;6;164,190484655731;34,8863179579019;0,967741935483871;1
30j-75r-4m.ms;Random;299;17;32,25;7;164,033070571138;58,3106277181993;0,967741935483871;1
30j-75r-4m.ms;Random;299;17;32,25;8;161,762734357913;19,5690851551399;0,967741935483871;1
30j-75r-4m.ms;Random;299;17;32,25;9;166,562728795577;80,8965515430845;0,967741935483871;1
30j-75r-8m.ms;Rolling Machine Assignment;204;16;23,25;0;80,2806225908236;17,7144037383095;1;1
30j-75r-8m.ms;Rolling Machine Assignment;204;16;23,25;1;77,2440373370789;16,8764663031071;1;1
30j-75r-8m.ms;Rolling Machine Assignment;204;16;23,25;2;80,7915406295871;16,6379583527393;1;1
30j-75r-8m.ms;Rolling Machine Assignment;204;16;23,25;3;77,1877422331798;21,0207652374467;1;1
30j-75r-8m.ms;Rolling Machine Assignment;204;16;23,25;4;76,1387577634472;16,1057374850906;1;1
30j-75r-8m.ms;Rolling Machine Assignment;204;16;23,25;5;77,3741502813057;29,5695333643366;1;1
30j-75r-8m.ms;Rolling Machine Assignment;204;16;23,25;6;82,9312469827862;30,4476167357111;1;1
30j-75r-8m.ms;Rolling Machine Assignment;204;16;23,25;7;79,5380514549251;13,4910432409353;1;1
30j-75r-8m.ms;Rolling Machine Assignment;204;16;23,25;8;78,9930539696696;25,8599815502195;1;1
30j-75r-8m.ms;Rolling Machine Assignment;204;16;23,25;9;81,1662777389067;21,9949127207669;1;1
30j-75r-8m.ms;GreedyLoadBalancing;228;16;23,25;0;68;0;0,129032258064516;0,129032258064516
30j-75r-8m.ms;GreedyLoadBalancing;228;16;23,25;1;68;9,1765784169694;0,516129032258065;0,516129032258065
30j-75r-8m.ms;GreedyLoadBalancing;228;16;23,25;2;82,1785514995401;8,73598642738623;0,967741935483871;1
30j-75r-8m.ms;GreedyLoadBalancing;228;16;23,25;3;84,5011596627654;15,8541832320703;1;1
30j-75r-8m.ms;GreedyLoadBalancing;228;16;23,25;4;68;2,76491399141718;0,161290322580645;0,193548387096774
30j-75r-8m.ms;GreedyLoadBalancing;228;16;23,25;5;87,0595326345418;52,7379005017083;0,967741935483871;1
30j-75r-8m.ms;GreedyLoadBalancing;228;16;23,25;6;85,4000575990703;34,893655091324;0,967741935483871;1
30j-75r-8m.ms;GreedyLoadBalancing;228;16;23,25;7;85,5043056272913;32,8100212371554;0,967741935483871;1
30j-75r-8m.ms;GreedyLoadBalancing;228;16;23,25;8;83,9405647340221;29,2322645516666;1;1
30j-75r-8m.ms;GreedyLoadBalancing;228;16;23,25;9;86,9460354038426;32,9074207866099;1;1
30j-75r-8m.ms;Random;304;17;34,75;0;108,692773600801;62,5728779481879;1;1
30j-75r-8m.ms;Random;304;17;34,75;1;110,680366205934;75,9689032312654;1;1
30j-75r-8m.ms;Random;304;17;34,75;2;107,817082773914;56,2385010248068;1;1
30j-75r-8m.ms;Random;304;17;34,75;3;109,276544551599;51,416492939939;1;1
30j-75r-8m.ms;Random;304;17;34,75;4;108,297479097306;24,6525201692503;1;1
30j-75r-8m.ms;Random;304;17;34,75;5;110,885513243415;55,6921046765846;1;1
30j-75r-8m.ms;Random;304;17;34,75;6;96;7,11477138113999;0,516129032258065;0,516129032258065
30j-75r-8m.ms;Random;304;17;34,75;7;105,430422204125;16,6409703227655;1;1
30j-75r-8m.ms;Random;304;17;34,75;8;96;8,205164348061;0,516129032258065;0,516129032258065
30j-75r-8m.ms;Random;304;17;34,75;9;110,7140382995;55,7605603650176;1;1
Pinedo;Rolling Machine Assignment;13;4;4,25;0;41,7176278404139;4,27282423460385;1;1
Pinedo;Rolling Machine Assignment;13;4;4,25;1;39,3009625589334;6,2931979644861;0,8;0,9
Pinedo;Rolling Machine Assignment;13;4;4,25;2;39,5068217186633;1,79871837347731;1;1
Pinedo;Rolling Machine Assignment;13;4;4,25;3;38,8029875133036;5,58913349492725;0,8;0,9
Pinedo;Rolling Machine Assignment;13;4;4,25;4;37,4633775748672;1,08114350904362;0,8;0,9
Pinedo;Rolling Machine Assignment;13;4;4,25;5;39,6003566848785;9,60432448813045;1;1
Pinedo;Rolling Machine Assignment;13;4;4,25;6;42,1879156092962;16,1747812515299;0,8;0,9
Pinedo;Rolling Machine Assignment;13;4;4,25;7;43,3596908516753;20,498162298688;0,8;0,9
Pinedo;Rolling Machine Assignment;13;4;4,25;8;39,9635972667475;0,885672050169194;1;1
Pinedo;Rolling Machine Assignment;13;4;4,25;9;40,5668134773265;3,56404891873077;1;1
Pinedo;GreedyLoadBalancing;13;5;5;0;39,2341032735192;0,0377218003457127;1;1
Pinedo;GreedyLoadBalancing;13;5;5;1;38,1896261571455;7,3254115851786;0,8;0,9
Pinedo;GreedyLoadBalancing;13;5;5;2;39,1983252982697;0,953586869026505;1;1
Pinedo;GreedyLoadBalancing;13;5;5;3;39,0878123414865;2,69009686351052;0,8;0,9
Pinedo;GreedyLoadBalancing;13;5;5;4;40,2924459462039;4,28556171194118;1;1
Pinedo;GreedyLoadBalancing;13;5;5;5;41,6996151939552;18,5529388902861;0,8;0,9
Pinedo;GreedyLoadBalancing;13;5;5;6;38,6290345269469;6,54336058556358;1;1
Pinedo;GreedyLoadBalancing;13;5;5;7;38,4997159595789;2,5791412329085;0,8;0,9
Pinedo;GreedyLoadBalancing;13;5;5;8;40,3938962079264;4,84960488102614;1;1
Pinedo;GreedyLoadBalancing;13;5;5;9;39,4777713541221;0,292029703809638;1;1
Pinedo;Random;9;4;4,25;0;39,166532736169;1,44961785367611;1;1
Pinedo;Random;9;4;4,25;1;40,4855841562946;3,02348323129105;1;1
Pinedo;Random;9;4;4,25;2;38,5866866055461;4,28099698017127;0,9;0,9
Pinedo;Random;9;4;4,25;3;41,0538821336777;9,941962079116;1;1
Pinedo;Random;9;4;4,25;4;40,8954572904736;10,0369492502323;0,9;0,9
Pinedo;Random;9;4;4,25;5;39,3291787301979;7,12767480930255;0,9;0,9
Pinedo;Random;9;4;4,25;6;40,2337173432399;13,4111800133668;1;1
Pinedo;Random;9;4;4,25;7;37,7520040567662;0,514442063293446;1;1
Pinedo;Random;9;4;4,25;8;38,9730313809563;4,71055934897038;1;1
Pinedo;Random;9;4;4,25;9;39,6603187312534;2,64846464475013;1;1
