0;338,649138789296;435,52022844587;0,99009900990099;0,99009900990099
1;341,163434724878;289,020229676308;0,99009900990099;0,99009900990099
2;336;70,5736484620529;0,0891089108910891;0,0891089108910891
3;336;69,3908177061271;0,0891089108910891;0,0891089108910891
4;346,654721051613;471,041966582741;0,99009900990099;0,99009900990099
5;335,194331722811;325,539562347779;0,99009900990099;0,99009900990099
6;344,474399186321;504,18229272048;0,99009900990099;0,99009900990099
7;336;67,7237435208866;0,0891089108910891;0,0891089108910891
8;343,752680990923;472,878859607618;0,99009900990099;0,99009900990099
9;336;64,8421996673036;0,0891089108910891;0,0891089108910891
10;351,261907410597;719,090088917768;0,99009900990099;0,99009900990099
11;336;67,0788140102265;0,0891089108910891;0,0891089108910891
12;336;70,1127191342861;0,0891089108910891;0,0891089108910891
13;336;66,3547531883569;0,0891089108910891;0,0891089108910891
14;348,990854624222;520,320407553118;0,99009900990099;0,99009900990099
15;347,563806641875;641,013748745262;0,99009900990099;0,99009900990099
16;336;67,7681652140456;0,0891089108910891;0,0891089108910891
17;351,641300666243;971,397234548846;0,99009900990099;0,99009900990099
18;336;69,0528314141895;0,0891089108910891;0,0891089108910891
19;336;72,0766568366213;0,0891089108910891;0,0891089108910891
20;345,723143229454;569,178439790937;0,99009900990099;0,99009900990099
21;337,70910509187;309,088410871915;0,99009900990099;0,99009900990099
22;336;67,357406232072;0,0891089108910891;0,0891089108910891
23;336;72,3691238284252;0,0891089108910891;0,0891089108910891
24;337,74687476937;310,555442767432;0,99009900990099;0,99009900990099
25;339,342512273641;299,716469539875;0,99009900990099;0,99009900990099
26;336;272,491645657059;0,623762376237624;0,623762376237624
27;342,594188713765;460,751710281021;0,99009900990099;0,99009900990099
28;342,75509918309;408,544548335395;0,99009900990099;0,99009900990099
29;348,754111838083;718,991457604004;0,99009900990099;0,99009900990099
30;342,783003641335;433,383947473206;0,99009900990099;0,99009900990099
31;342,006513493095;437,532209346821;0,99009900990099;0,99009900990099
32;345,388339902109;673,810151677516;0,99009900990099;0,99009900990099
33;342,369332218232;334,064741139573;0,99009900990099;0,99009900990099
34;336;66,160362303441;0,0891089108910891;0,0891089108910891
35;340,090554504514;437,131612012101;0,99009900990099;0,99009900990099
36;336;67,3751593194287;0,0891089108910891;0,0891089108910891
37;336;65,333525609494;0,0891089108910891;0,0891089108910891
38;336;63,0042750650278;0,0891089108910891;0,0891089108910891
39;336;63,3592320179191;0,0891089108910891;0,0891089108910891
40;338,628058191893;355,89064210877;0,99009900990099;0,99009900990099
41;336;65,6060678821208;0,0891089108910891;0,0891089108910891
42;340,885082691242;348,710383647918;0,99009900990099;0,99009900990099
43;341,497711093597;364,583518238755;0,99009900990099;0,99009900990099
44;342,384518122104;531,228272270744;0,99009900990099;0,99009900990099
45;339,416563244784;354,57749469851;0,99009900990099;0,99009900990099
46;338,725163075039;307,611723810131;0,99009900990099;0,99009900990099
47;336;69,5476674220295;0,0891089108910891;0,0891089108910891
48;336;66,7721209436573;0,0891089108910891;0,0891089108910891
49;340,269380035392;473,856162325124;0,99009900990099;0,99009900990099
50;336;68,1967427355119;0,0891089108910891;0,0891089108910891
51;336;67,5757337830713;0,0891089108910891;0,0891089108910891
52;338,570828063534;259,277130597816;0,99009900990099;0,99009900990099
53;336;64,5433310110842;0,0891089108910891;0,0891089108910891
54;336;68,8325994372807;0,0891089108910891;0,0891089108910891
55;346,057945929335;601,907416100863;0,99009900990099;0,99009900990099
56;336,673837152483;347,303516366313;0,99009900990099;0,99009900990099
57;337,9086021158;426,511372123995;0,99009900990099;0,99009900990099
58;336;66,4207308456691;0,0891089108910891;0,0891089108910891
59;339,289235035405;278,212239849418;0,99009900990099;0,99009900990099
60;344,410470429103;373,861362049701;0,99009900990099;0,99009900990099
61;343,763269481484;390,909285830894;0,99009900990099;0,99009900990099
62;338,687198065181;361,729988027614;0,99009900990099;0,99009900990099
63;342,739652434656;402,168391454262;0,99009900990099;0,99009900990099
64;340,221746773418;376,491649104158;0,99009900990099;0,99009900990099
65;336;66,7913747906731;0,0891089108910891;0,0891089108910891
66;336;65,999156926728;0,0891089108910891;0,0891089108910891
67;338,287152687974;389,338501482169;0,99009900990099;0,99009900990099
68;336;68,1579118252624;0,0891089108910891;0,0891089108910891
69;339,826280314412;386,309314756829;0,99009900990099;0,99009900990099
70;337,702544494184;462,139887877177;0,99009900990099;0,99009900990099
71;336,363136373314;358,528369248447;0,99009900990099;0,99009900990099
72;336;65,1330820756999;0,0891089108910891;0,0891089108910891
73;342,824606024638;532,111580659326;0,99009900990099;0,99009900990099
74;344,726541387514;607,591252969372;0,99009900990099;0,99009900990099
75;336;69,1292516094625;0,0891089108910891;0,0891089108910891
76;339,259182330869;358,882034879065;0,99009900990099;0,99009900990099
77;339,124374515299;333,845776250313;0,99009900990099;0,99009900990099
78;336;64,3615739226229;0,0891089108910891;0,0891089108910891
79;336;66,9722517669473;0,0891089108910891;0,0891089108910891
80;336;64,5307564749657;0,0891089108910891;0,0891089108910891
81;336;64,6566345647777;0,0891089108910891;0,0891089108910891
82;336;67,2406531242174;0,0891089108910891;0,0891089108910891
83;336;66,5786638864749;0,0891089108910891;0,0891089108910891
84;336;66,7947733378052;0,0891089108910891;0,0891089108910891
85;343,215407506706;650,602235418836;0,99009900990099;0,99009900990099
86;336;68,4092071065385;0,0891089108910891;0,0891089108910891
87;336;64,6144634342585;0,0891089108910891;0,0891089108910891
88;336;68,4302423866883;0,0891089108910891;0,0891089108910891
89;336;65,0535848509996;0,0891089108910891;0,0891089108910891
90;340,336152927751;406,676452688548;0,99009900990099;0,99009900990099
91;336;67,9877167037678;0,0891089108910891;0,0891089108910891
92;336;68,7211532369054;0,0891089108910891;0,0891089108910891
93;336,491576812207;339,512881330379;0,99009900990099;0,99009900990099
94;336;69,269587589657;0,0891089108910891;0,0891089108910891
95;339,974851281867;323,026114971601;0,99009900990099;0,99009900990099
96;343,019521199731;395,899475357069;0,99009900990099;0,99009900990099
97;340,010193621526;333,644428321616;0,99009900990099;0,99009900990099
98;347,191275559402;536,514574208563;0,99009900990099;0,99009900990099
99;343,944660457548;476,775920550438;0,99009900990099;0,99009900990099
100;342,914597423351;299,21733344546;0,99009900990099;0,99009900990099
101;336;66,004695450896;0,0891089108910891;0,0891089108910891
102;336;64,0402400573991;0,0891089108910891;0,0891089108910891
103;337,576273636894;285,393877735177;0,99009900990099;0,99009900990099
104;337,530215728668;260,058163299625;0,99009900990099;0,99009900990099
105;338,02519105527;265,060392991117;0,99009900990099;0,99009900990099
106;336;66,3479243549559;0,0891089108910891;0,0891089108910891
107;336;65,6761828932476;0,0891089108910891;0,0891089108910891
108;336;72,6722253303103;0,0891089108910891;0,0891089108910891
109;342,815504369619;397,14431764923;0,99009900990099;0,99009900990099
110;340,710305853449;349,117502157511;0,99009900990099;0,99009900990099
111;339,122458683715;332,201251584833;0,99009900990099;0,99009900990099
112;336;68,9671941862288;0,0891089108910891;0,0891089108910891
113;344,537483842166;530,20855087874;0,99009900990099;0,99009900990099
114;340,818666294271;367,203462598361;0,99009900990099;0,99009900990099
115;339,404195562338;385,410234100827;0,99009900990099;0,99009900990099
116;336;64,4576323506149;0,0891089108910891;0,0891089108910891
117;336;66,3314327525061;0,0891089108910891;0,0891089108910891
118;339,377078048518;290,757330804378;0,99009900990099;0,99009900990099
119;336;62,911338697152;0,0891089108910891;0,0891089108910891
120;336;66,4081404753893;0,0891089108910891;0,0891089108910891
121;336;67,820546726764;0,0891089108910891;0,0891089108910891
122;336;67,0406081590387;0,0891089108910891;0,0891089108910891
123;348,577162786911;686,498509040754;0,99009900990099;0,99009900990099
124;342,329360945921;425,703038405488;0,99009900990099;0,99009900990099
125;338,969760901963;383,23707481191;0,99009900990099;0,99009900990099
126;348,139456347146;365,715637014868;0,99009900990099;0,99009900990099
127;343,020577083633;416,812389507716;0,99009900990099;0,99009900990099
128;335,634965012567;318,201134689181;0,99009900990099;0,99009900990099
129;339,781054989679;416,039242213274;0,99009900990099;0,99009900990099
130;336;65,1973504952461;0,0891089108910891;0,0891089108910891
131;345,148960017163;416,913438920301;0,99009900990099;0,99009900990099
132;336;64,7844821345576;0,0891089108910891;0,0891089108910891
133;336;64,0884283773142;0,0891089108910891;0,0891089108910891
134;343,308855440909;369,411057936187;0,99009900990099;0,99009900990099
135;336;65,8215335379769;0,0891089108910891;0,0891089108910891
136;339,945762978511;301,294678245801;0,99009900990099;0,99009900990099
137;336;65,4023769103887;0,0891089108910891;0,0891089108910891
138;336;289,270305381428;0,841584158415842;0,841584158415842
139;336;62,7041873052627;0,0891089108910891;0,0891089108910891
140;339,711901249324;519,998805791427;0,99009900990099;0,99009900990099
141;336;66,8373826586495;0,0891089108910891;0,0891089108910891
142;336;66,8515373660147;0,0891089108910891;0,0891089108910891
143;346,896017079252;499,37170460368;0,99009900990099;0,99009900990099
144;344,857075295428;582,835708005859;0,99009900990099;0,99009900990099
145;336;66,3839159921769;0,0891089108910891;0,0891089108910891
146;344,433285446807;673,297409554857;0,99009900990099;0,99009900990099
147;336;61,333588047335;0,0891089108910891;0,0891089108910891
148;336;69,3467926811162;0,0891089108910891;0,0891089108910891
149;339,54571986433;380,619227155585;0,99009900990099;0,99009900990099
150;336;253,029419007161;0,623762376237624;0,623762376237624
151;336;66,2424825871622;0,0891089108910891;0,0891089108910891
152;336;66,2758618510427;0,0891089108910891;0,0891089108910891
153;336;66,4029966327303;0,0891089108910891;0,0891089108910891
154;343,895493550632;457,800234684554;0,99009900990099;0,99009900990099
155;348,503313802835;687,543884568688;0,99009900990099;0,99009900990099
156;336;63,7986964919698;0,0891089108910891;0,0891089108910891
157;346,615518779471;808,870069693751;0,99009900990099;0,99009900990099
158;336;66,0954512284501;0,0891089108910891;0,0891089108910891
159;337,648982318518;390,08777996704;0,99009900990099;0,99009900990099
160;342,225912013293;476,81638598871;0,99009900990099;0,99009900990099
161;336;70,0153806951042;0,0891089108910891;0,0891089108910891
162;336;67,9128682316007;0,0891089108910891;0,0891089108910891
163;336;64,8768601158956;0,0891089108910891;0,0891089108910891
164;336;67,9114749686086;0,0891089108910891;0,0891089108910891
165;341,694641525351;384,650410475986;0,99009900990099;0,99009900990099
166;336;60,9725392352536;0,0891089108910891;0,0891089108910891
167;336;69,1465181219457;0,0891089108910891;0,0891089108910891
168;336,71144263791;291,917049734115;0,99009900990099;0,99009900990099
169;336;62,224812504651;0,0891089108910891;0,0891089108910891
170;336;64,2114243147104;0,0891089108910891;0,0891089108910891
171;336;67,690445629322;0,0891089108910891;0,0891089108910891
172;336;63,410623784866;0,0891089108910891;0,0891089108910891
173;345,623897618855;563,81174626729;0,99009900990099;0,99009900990099
174;336;65,4763446868572;0,0891089108910891;0,0891089108910891
175;340,913787391747;419,23225759121;0,99009900990099;0,99009900990099
176;340,738793797561;337,408000647272;0,99009900990099;0,99009900990099
177;336;65,8972193339353;0,0891089108910891;0,0891089108910891
178;336;67,0273751677281;0,0891089108910891;0,0891089108910891
179;340,425194343625;427,569583861833;0,99009900990099;0,99009900990099
180;345,583518837205;467,084172463945;0,99009900990099;0,99009900990099
181;336;61,6424313721275;0,0891089108910891;0,0891089108910891
182;340,395640008213;497,745552338402;0,99009900990099;0,99009900990099
183;336;66,7678717707224;0,0891089108910891;0,0891089108910891
184;336;69,248756891803;0,0891089108910891;0,0891089108910891
185;336;65,9655716539428;0,0891089108910891;0,0891089108910891
186;344,223099729692;739,660644270565;0,99009900990099;0,99009900990099
187;336;68,3154157337038;0,0891089108910891;0,0891089108910891
188;336;69,0353969387195;0,0891089108910891;0,0891089108910891
189;336;66,3899697376132;0,0891089108910891;0,0891089108910891
190;336;61,2584616978861;0,0891089108910891;0,0891089108910891
191;340,031369159461;403,072074649798;0,99009900990099;0,99009900990099
192;336;62,7683385592416;0,0891089108910891;0,0891089108910891
193;341,816010576641;425,692211724229;0,99009900990099;0,99009900990099
194;336;67,394997076303;0,0891089108910891;0,0891089108910891
195;336;62,136889728295;0,0891089108910891;0,0891089108910891
196;336;66,5580177098112;0,0891089108910891;0,0891089108910891
197;336;68,49038268065;0,0891089108910891;0,0891089108910891
198;336;65,5637247356973;0,0891089108910891;0,0891089108910891
199;336;67,5007298409478;0,0891089108910891;0,0891089108910891
200;337,706794120261;354,045113076921;0,99009900990099;0,99009900990099
201;336;64,4327857074921;0,0891089108910891;0,0891089108910891
202;343,047336722009;577,35770659068;0,99009900990099;0,99009900990099
203;337,452432064627;410,809242030256;0,99009900990099;0,99009900990099
204;336;66,6711531638797;0,0891089108910891;0,0891089108910891
205;340,884451493174;442,66141201971;0,99009900990099;0,99009900990099
206;336;67,076194618774;0,0891089108910891;0,0891089108910891
207;336;66,0779577688451;0,0891089108910891;0,0891089108910891
208;336;63,7725024134415;0,0891089108910891;0,0891089108910891
209;336;66,0665528518262;0,0891089108910891;0,0891089108910891
210;336;380,113764292216;0,841584158415842;0,841584158415842
211;343,221264595605;300,49388622298;0,99009900990099;0,99009900990099
212;345,672985589746;695,993490999327;0,99009900990099;0,99009900990099
213;336;65,6862281298599;0,0891089108910891;0,0891089108910891
214;339,149283794205;294,632075560906;0,99009900990099;0,99009900990099
215;340,771776838013;442,941562389302;0,99009900990099;0,99009900990099
216;336;66,909943423651;0,0891089108910891;0,0891089108910891
217;341,066674613374;367,486584353703;0,99009900990099;0,99009900990099
218;336;67,4425468157126;0,0891089108910891;0,0891089108910891
219;336;62,9372063426163;0,0891089108910891;0,0891089108910891
220;341,227685492142;387,136216858456;0,99009900990099;0,99009900990099
221;336;61,0792801111111;0,0891089108910891;0,0891089108910891
222;339,535635305557;341,030354422426;0,99009900990099;0,99009900990099
223;339,150640016482;480,538430526576;0,99009900990099;0,99009900990099
224;336;59,2057158135035;0,0891089108910891;0,0891089108910891
225;342,73779692506;580,214907622324;0,99009900990099;0,99009900990099
226;339,091786443486;325,425707754433;0,99009900990099;0,99009900990099
227;336;69,5488052319239;0,0891089108910891;0,0891089108910891
228;339,315871939046;403,31176782321;0,99009900990099;0,99009900990099
229;336;70,0085962538377;0,0891089108910891;0,0891089108910891
230;337,225088167514;297,160295338903;0,99009900990099;0,99009900990099
231;336;65,5117406279944;0,0891089108910891;0,0891089108910891
232;345,203293697874;539,03979639237;0,99009900990099;0,99009900990099
233;336;71,3210038105542;0,0891089108910891;0,0891089108910891
234;339,682112019052;313,379570872774;0,99009900990099;0,99009900990099
235;335,497312384581;349,3291465934;0,99009900990099;0,99009900990099
236;336;67,3192304738264;0,0891089108910891;0,0891089108910891
237;336;64,9581885632695;0,0891089108910891;0,0891089108910891
238;341,298736099283;335,933317236771;0,99009900990099;0,99009900990099
239;337,880373800261;283,679133828302;0,99009900990099;0,99009900990099
240;338,050255288324;361,42081819974;0,99009900990099;0,99009900990099
241;341,628131475586;446,945133139443;0,99009900990099;0,99009900990099
242;336;64,8129908314039;0,0891089108910891;0,0891089108910891
243;340,262839672744;413,120272143535;0,99009900990099;0,99009900990099
244;336;66,0640545610342;0,0891089108910891;0,0891089108910891
245;336;62,9445733958208;0,0891089108910891;0,0891089108910891
246;336;62,649665823984;0,0891089108910891;0,0891089108910891
247;336;69,139355049353;0,0891089108910891;0,0891089108910891
248;336,567898551415;288,525115184221;0,99009900990099;0,99009900990099
249;340,773377536447;438,497983341627;0,99009900990099;0,99009900990099
250;337,026200465484;295,407496097085;0,99009900990099;0,99009900990099
251;336;65,0873847848141;0,0891089108910891;0,0891089108910891
252;336;64,6008101912152;0,0891089108910891;0,0891089108910891
253;337,723340845315;261,579122033428;0,99009900990099;0,99009900990099
254;336;67,4499497182193;0,0891089108910891;0,0891089108910891
255;336,665656132514;399,088119646411;0,99009900990099;0,99009900990099
256;336;65,2903083685525;0,0891089108910891;0,0891089108910891
257;341,877712661892;382,189985172163;0,99009900990099;0,99009900990099
258;342,017799988081;614,311284319934;0,99009900990099;0,99009900990099
259;336;63,1734306179042;0,0891089108910891;0,0891089108910891
260;346,544253207034;491,740839471776;0,99009900990099;0,99009900990099
261;336;67,6319662599146;0,0891089108910891;0,0891089108910891
262;344,407653567407;329,853476668245;0,99009900990099;0,99009900990099
263;336;67,0249110444491;0,0891089108910891;0,0891089108910891
264;336;65,1534098058449;0,0891089108910891;0,0891089108910891
265;351,775221980819;748,703586450926;0,99009900990099;0,99009900990099
266;340,901688277829;317,109374184523;0,99009900990099;0,99009900990099
267;336;66,6774816931811;0,0891089108910891;0,0891089108910891
268;336;65,2457847841038;0,0891089108910891;0,0891089108910891
269;336;72,5401110439376;0,0891089108910891;0,0891089108910891
270;338,530008784492;263,272074743773;0,99009900990099;0,99009900990099
271;341,31956265531;355,413561742741;0,99009900990099;0,99009900990099
272;336;63,6336173178324;0,0891089108910891;0,0891089108910891
273;340,596734156385;480,993041691885;0,99009900990099;0,99009900990099
274;340,501294527869;318,340214149415;0,99009900990099;0,99009900990099
275;337,279314903611;328,200121024272;0,99009900990099;0,99009900990099
276;340,359306496041;483,520869091813;0,99009900990099;0,99009900990099
277;340,906897342039;459,379501602692;0,99009900990099;0,99009900990099
278;336;61,6154087387554;0,0891089108910891;0,0891089108910891
279;336;64,3177752798396;0,0891089108910891;0,0891089108910891
280;337,570800583289;308,00557098966;0,99009900990099;0,99009900990099
281;340,214160101721;283,094630473623;0,99009900990099;0,99009900990099
282;336;70,0341531422125;0,0891089108910891;0,0891089108910891
283;336;63,8443890052795;0,0891089108910891;0,0891089108910891
284;341,343978804267;639,943805355621;0,99009900990099;0,99009900990099
285;341,147150441574;309,349713819314;0,99009900990099;0,99009900990099
286;339,468817085986;347,371996646777;0,99009900990099;0,99009900990099
287;345,882347629557;653,480571825815;0,99009900990099;0,99009900990099
288;336;64,4830592434809;0,0891089108910891;0,0891089108910891
289;336;66,5941988657523;0,0891089108910891;0,0891089108910891
290;336;62,4272710670761;0,0891089108910891;0,0891089108910891
291;336;69,4983523977389;0,0891089108910891;0,0891089108910891
292;336;64,1584904410689;0,0891089108910891;0,0891089108910891
293;336;66,5999581178761;0,0891089108910891;0,0891089108910891
294;346,993600768455;533,244048935272;0,99009900990099;0,99009900990099
295;336;66,5261428588187;0,0891089108910891;0,0891089108910891
296;336;71,0565933516783;0,0891089108910891;0,0891089108910891
297;336;66,9275663119753;0,0891089108910891;0,0891089108910891
298;336;64,1090557822115;0,0891089108910891;0,0891089108910891
299;338,565991180444;373,746811655193;0,99009900990099;0,99009900990099
300;336;65,991234008722;0,0891089108910891;0,0891089108910891
301;336;67,7268783013953;0,0891089108910891;0,0891089108910891
302;336;68,3674348002723;0,0891089108910891;0,0891089108910891
303;338,505452220281;426,658859715427;0,99009900990099;0,99009900990099
304;336;65,0083799510192;0,0891089108910891;0,0891089108910891
305;336;63,9267298930268;0,0891089108910891;0,0891089108910891
306;340,42936985328;422,93507352908;0,99009900990099;0,99009900990099
307;336;65,5228506469737;0,0891089108910891;0,0891089108910891
308;342,89165229496;331,837453022979;0,99009900990099;0,99009900990099
309;336;69,0772710388225;0,0891089108910891;0,0891089108910891
310;344,278834188786;487,265889760373;0,99009900990099;0,99009900990099
311;336;65,9845469339695;0,0891089108910891;0,0891089108910891
312;340,625428837003;294,309492114586;0,99009900990099;0,99009900990099
313;336;68,7179145084583;0,0891089108910891;0,0891089108910891
314;338,452803455459;453,945733829667;0,99009900990099;0,99009900990099
315;341,738673855221;418,326299770355;0,99009900990099;0,99009900990099
316;336;66,4414821275519;0,0891089108910891;0,0891089108910891
317;339,458963944425;331,603637745826;0,99009900990099;0,99009900990099
318;336;64,7841161334821;0,0891089108910891;0,0891089108910891
319;340,1637405781;547,253921538443;0,99009900990099;0,99009900990099
320;336;68,9605614030943;0,0891089108910891;0,0891089108910891
321;336;66,8483917206562;0,0891089108910891;0,0891089108910891
322;344,473878895642;452,802508882139;0,99009900990099;0,99009900990099
323;336;62,9260409775647;0,0891089108910891;0,0891089108910891
324;350,487159953315;870,317355955282;0,99009900990099;0,99009900990099
325;348,796212664451;620,917659164112;0,99009900990099;0,99009900990099
326;335,45363558431;305,37726858946;0,99009900990099;0,99009900990099
327;336;64,0732483105071;0,0891089108910891;0,0891089108910891
328;338,245609908985;282,276790879042;0,99009900990099;0,99009900990099
329;336;64,306633190273;0,0891089108910891;0,0891089108910891
330;336;68,6361491317811;0,0891089108910891;0,0891089108910891
331;342,241966644148;327,231968819658;0,99009900990099;0,99009900990099
332;338,658645697338;269,168258688329;0,99009900990099;0,99009900990099
333;340,132823461567;281,959733569821;0,99009900990099;0,99009900990099
334;336;68,1661624914444;0,0891089108910891;0,0891089108910891
335;336;72,9951329051899;0,0891089108910891;0,0891089108910891
336;336;64,3261775508263;0,0891089108910891;0,0891089108910891
337;339,817248345909;275,835821638207;0,99009900990099;0,99009900990099
338;337,479245145185;279,925656089546;0,99009900990099;0,99009900990099
339;339,941158619306;350,462385808049;0,99009900990099;0,99009900990099
340;345,479850870318;590,719653578352;0,99009900990099;0,99009900990099
341;336;68,2562110964882;0,0891089108910891;0,0891089108910891
342;336;67,9908779943592;0,0891089108910891;0,0891089108910891
343;338,303801978823;353,971114498605;0,99009900990099;0,99009900990099
344;342,891929532567;659,340390504252;0,99009900990099;0,99009900990099
345;336;66,1247461620866;0,0891089108910891;0,0891089108910891
346;349,894481270522;913,297193945315;0,99009900990099;0,99009900990099
347;341,456424144979;375,829476559155;0,99009900990099;0,99009900990099
348;338,387061406053;364,347175360029;0,99009900990099;0,99009900990099
349;335,716783199009;350,096111475306;0,99009900990099;0,99009900990099
350;338,902619530738;328,121703371547;0,99009900990099;0,99009900990099
351;340,030908828253;339,997544917231;0,99009900990099;0,99009900990099
352;336;67,4650331918513;0,0891089108910891;0,0891089108910891
353;343,309706500908;492,826194821874;0,99009900990099;0,99009900990099
354;338,058410798456;254,509989262818;0,99009900990099;0,99009900990099
355;336;65,617969387407;0,0891089108910891;0,0891089108910891
356;336,690395471672;400,355855484969;0,99009900990099;0,99009900990099
357;342,105227160259;393,57826624679;0,99009900990099;0,99009900990099
358;342,196747570949;471,112520410112;0,99009900990099;0,99009900990099
359;336;71,5699362961443;0,0891089108910891;0,0891089108910891
360;336;65,4286311579613;0,0891089108910891;0,0891089108910891
361;336;66,7747374309273;0,0891089108910891;0,0891089108910891
362;336;269,523784069949;0,841584158415842;0,841584158415842
363;336;66,6086174944867;0,0891089108910891;0,0891089108910891
364;339,112998842352;458,734774420607;0,99009900990099;0,99009900990099
365;336;62,9110693475218;0,0891089108910891;0,0891089108910891
366;348,600375350609;477,724320052777;0,99009900990099;0,99009900990099
367;336;68,5270302199114;0,0891089108910891;0,0891089108910891
368;344,855114391797;586,882308935385;0,99009900990099;0,99009900990099
369;336;65,5242313076861;0,0891089108910891;0,0891089108910891
370;336;67,6629898430088;0,0891089108910891;0,0891089108910891
371;339,420499967789;345,259221831212;0,99009900990099;0,99009900990099
372;341,474182296869;265,73257133144;0,99009900990099;0,99009900990099
373;341,848051053391;333,08394409217;0,99009900990099;0,99009900990099
374;336;64,4425262070889;0,0891089108910891;0,0891089108910891
375;336;66,7872994410417;0,0891089108910891;0,0891089108910891
376;343,554251447791;394,942970083656;0,99009900990099;0,99009900990099
377;336;67,5106820198498;0,0891089108910891;0,0891089108910891
378;336,781568737775;292,96536323653;0,99009900990099;0,99009900990099
379;336;63,5950228702565;0,0891089108910891;0,0891089108910891
380;336;65,7561578792206;0,0891089108910891;0,0891089108910891
381;343,565308403216;457,681800076803;0,99009900990099;0,99009900990099
382;336;67,5970062362063;0,0891089108910891;0,0891089108910891
383;336;327,37128295165;0,475247524752475;0,475247524752475
384;336;70,1186180751913;0,0891089108910891;0,0891089108910891
385;340,803209375728;298,165226172644;0,99009900990099;0,99009900990099
386;336;64,1660485660967;0,0891089108910891;0,0891089108910891
387;347,211406213542;673,935562033595;0,99009900990099;0,99009900990099
388;336;63,0282524238341;0,0891089108910891;0,0891089108910891
389;336;64,5807153304803;0,0891089108910891;0,0891089108910891
390;338,71522497078;410,714873255724;0,99009900990099;0,99009900990099
391;336;64,2608353694378;0,0891089108910891;0,0891089108910891
392;336;70,7566592683844;0,0891089108910891;0,0891089108910891
393;336;64,754774379458;0,0891089108910891;0,0891089108910891
394;336;69,9090353760551;0,0891089108910891;0,0891089108910891
395;338,136662609631;342,314756189326;0,99009900990099;0,99009900990099
396;340,925256401863;329,395865244452;0,99009900990099;0,99009900990099
397;336;65,9963454999491;0,0891089108910891;0,0891089108910891
398;336;66,8964068918908;0,0891089108910891;0,0891089108910891
399;340,119532977988;312,365098136305;0,99009900990099;0,99009900990099
400;337,227541904565;355,563669651293;0,99009900990099;0,99009900990099
401;336;66,8310679422533;0,0891089108910891;0,0891089108910891
402;349,096955181899;720,637868625865;0,99009900990099;0,99009900990099
403;343,024386001531;415,466178619635;0,99009900990099;0,99009900990099
404;336;64,71417155168;0,0891089108910891;0,0891089108910891
405;344,696055208375;420,004243637101;0,99009900990099;0,99009900990099
406;336;67,6947508742557;0,0891089108910891;0,0891089108910891
407;336;66,3181048612511;0,0891089108910891;0,0891089108910891
408;336;64,3642382606467;0,0891089108910891;0,0891089108910891
409;345,04939562719;473,423414414434;0,99009900990099;0,99009900990099
410;336;69,108289218588;0,0891089108910891;0,0891089108910891
411;336;61,9376590731565;0,0891089108910891;0,0891089108910891
412;336;64,5428365671596;0,0891089108910891;0,0891089108910891
413;350,241828104434;799,75684230876;0,99009900990099;0,99009900990099
414;336;66,578959325891;0,0891089108910891;0,0891089108910891
415;337,74219887633;325,7328861982;0,99009900990099;0,99009900990099
416;336;65,6427325151876;0,0891089108910891;0,0891089108910891
417;341,547644540457;316,102420439639;0,99009900990099;0,99009900990099
418;338,275766597247;479,022490210189;0,99009900990099;0,99009900990099
419;336;66,4900287281759;0,0891089108910891;0,0891089108910891
420;338,774312245872;408,822563679337;0,99009900990099;0,99009900990099
421;338,901556014632;288,818151986676;0,99009900990099;0,99009900990099
422;336;66,9630062568782;0,0891089108910891;0,0891089108910891
423;343,139945418974;387,958175662677;0,99009900990099;0,99009900990099
424;344,204990428225;524,009392082562;0,99009900990099;0,99009900990099
425;337,085262278103;311,394670625753;0,99009900990099;0,99009900990099
426;336;70,1006526366469;0,0891089108910891;0,0891089108910891
427;336;64,0807025094123;0,0891089108910891;0,0891089108910891
428;345,036545278475;591,919562014439;0,99009900990099;0,99009900990099
429;336;63,1709561983026;0,0891089108910891;0,0891089108910891
430;339,421324841244;338,055634017329;0,99009900990099;0,99009900990099
431;337,11034050513;496,989537782143;0,99009900990099;0,99009900990099
432;336;67,8218168467654;0,0891089108910891;0,0891089108910891
433;336;65,1578973734865;0,0891089108910891;0,0891089108910891
434;336;64,8241278365493;0,0891089108910891;0,0891089108910891
435;337,917233859553;326,41497310592;0,99009900990099;0,99009900990099
436;342,677925418079;503,087741417374;0,99009900990099;0,99009900990099
437;336;65,7812409899455;0,0891089108910891;0,0891089108910891
438;338,792735005923;348,491838716043;0,99009900990099;0,99009900990099
439;347,218568237007;588,315216272843;0,99009900990099;0,99009900990099
440;336;63,5843932365806;0,0891089108910891;0,0891089108910891
441;340,664056844167;445,885212819332;0,99009900990099;0,99009900990099
442;339,214035594519;329,652765417687;0,99009900990099;0,99009900990099
443;336;68,4152664304933;0,0891089108910891;0,0891089108910891
444;340,491158256321;337,848156529901;0,99009900990099;0,99009900990099
445;336;63,9449437343991;0,0891089108910891;0,0891089108910891
446;336,566501087388;307,961733092053;0,99009900990099;0,99009900990099
447;336;67,6576625008884;0,0891089108910891;0,0891089108910891
448;336;63,8713799599795;0,0891089108910891;0,0891089108910891
449;336;68,0431824025917;0,0891089108910891;0,0891089108910891
450;339,931800648051;402,377493733839;0,99009900990099;0,99009900990099
451;339,929582553845;452,158746619706;0,99009900990099;0,99009900990099
452;336;65,1494823068092;0,0891089108910891;0,0891089108910891
453;336;68,6686636307937;0,0891089108910891;0,0891089108910891
454;336;60,226146641001;0,0891089108910891;0,0891089108910891
455;336;67,5044965087141;0,0891089108910891;0,0891089108910891
456;336;64,6840593237843;0,0891089108910891;0,0891089108910891
457;336;65,273309687216;0,0891089108910891;0,0891089108910891
458;336;66,4386290051069;0,0891089108910891;0,0891089108910891
459;336;63,4455401428158;0,0891089108910891;0,0891089108910891
460;336;69,9799240241819;0,0891089108910891;0,0891089108910891
461;336,839938646663;220,008626478954;0,99009900990099;0,99009900990099
462;347,265742625986;654,908355901627;0,99009900990099;0,99009900990099
463;336;68,0465065586617;0,0891089108910891;0,0891089108910891
464;336;66,7319806608154;0,0891089108910891;0,0891089108910891
465;340,420601359874;335,91179589805;0,99009900990099;0,99009900990099
466;336;64,2369074938867;0,0891089108910891;0,0891089108910891
467;339,013936359231;306,682630838207;0,99009900990099;0,99009900990099
468;336;65,3522663484807;0,0891089108910891;0,0891089108910891
469;336;63,3969351812067;0,0891089108910891;0,0891089108910891
470;336;66,4384616886517;0,0891089108910891;0,0891089108910891
471;343,452531080485;720,111916550493;0,99009900990099;0,99009900990099
472;336;69,7467409393153;0,0891089108910891;0,0891089108910891
473;336;62,7777834511196;0,0891089108910891;0,0891089108910891
474;336;66,2855017240614;0,0891089108910891;0,0891089108910891
475;336;68,2592301342854;0,0891089108910891;0,0891089108910891
476;345,759146400641;413,173672658447;0,99009900990099;0,99009900990099
477;336;73,8353397779999;0,0891089108910891;0,0891089108910891
478;341,725742640924;294,279670267071;0,99009900990099;0,99009900990099
479;336;65,7857340748871;0,0891089108910891;0,0891089108910891
480;336;65,0366127002533;0,0891089108910891;0,0891089108910891
481;336;66,169437998566;0,0891089108910891;0,0891089108910891
482;343,222113846761;585,554218064933;0,99009900990099;0,99009900990099
483;336,771599114514;308,997999514003;0,99009900990099;0,99009900990099
484;337,425799516924;284,387734052806;0,99009900990099;0,99009900990099
485;336;67,5717990556395;0,0891089108910891;0,0891089108910891
486;343,986833634992;605,772942682758;0,99009900990099;0,99009900990099
487;339,285226809528;492,681145373366;0,99009900990099;0,99009900990099
488;336;67,5208666918009;0,0891089108910891;0,0891089108910891
489;336;65,1754203257888;0,0891089108910891;0,0891089108910891
490;338,307403082672;365,904798707292;0,99009900990099;0,99009900990099
491;342,263767806799;414,538209171831;0,99009900990099;0,99009900990099
492;341,404031824182;278,471357061296;0,99009900990099;0,99009900990099
493;338,702654828875;374,205946054036;0,99009900990099;0,99009900990099
494;345,199670485849;559,187698568716;0,99009900990099;0,99009900990099
495;342,995008805081;472,889835122002;0,99009900990099;0,99009900990099
496;344,070910655966;468,57168016859;0,99009900990099;0,99009900990099
497;343,347545139381;414,76556335818;0,99009900990099;0,99009900990099
498;343,633788006681;529,341239997992;0,99009900990099;0,99009900990099
499;338,89550908325;389,042786941432;0,99009900990099;0,99009900990099
500;340,575481637269;320,008795855764;0,99009900990099;0,99009900990099
501;336;64,3334249778234;0,0891089108910891;0,0891089108910891
502;342,971416584777;343,109366592431;0,99009900990099;0,99009900990099
503;346,370759086521;731,158645301162;0,99009900990099;0,99009900990099
504;337,327252411057;279,458300769294;0,99009900990099;0,99009900990099
505;336;65,0584117294834;0,0891089108910891;0,0891089108910891
506;346,852407617827;554,368212353448;0,99009900990099;0,99009900990099
507;336;68,0763852799066;0,0891089108910891;0,0891089108910891
508;336;64,9388043408933;0,0891089108910891;0,0891089108910891
509;336;63,2748705276111;0,0891089108910891;0,0891089108910891
510;336;68,9577852565521;0,0891089108910891;0,0891089108910891
511;336;64,0356258919174;0,0891089108910891;0,0891089108910891
512;336;70,004409890823;0,0891089108910891;0,0891089108910891
513;336;66,1297548290231;0,0891089108910891;0,0891089108910891
514;342,923156604777;485,211686811894;0,99009900990099;0,99009900990099
515;346,142249567212;720,893104000259;0,99009900990099;0,99009900990099
516;340,622297778507;478,890115724125;0,99009900990099;0,99009900990099
517;342,775170646119;511,81489064814;0,99009900990099;0,99009900990099
518;336;66,6589320962714;0,0891089108910891;0,0891089108910891
519;340,358959175387;350,863549023039;0,99009900990099;0,99009900990099
520;340,093934842317;396,484145683418;0,99009900990099;0,99009900990099
521;338,756113058212;302,731242240284;0,99009900990099;0,99009900990099
522;336;67,7360608120252;0,0891089108910891;0,0891089108910891
523;344,02295737333;472,115651293896;0,99009900990099;0,99009900990099
524;336;66,0848950448999;0,0891089108910891;0,0891089108910891
525;336;68,592276414476;0,0891089108910891;0,0891089108910891
526;336;67,3409135341407;0,0891089108910891;0,0891089108910891
527;344,321316028859;564,741951527545;0,99009900990099;0,99009900990099
528;336;313,120681435971;0,623762376237624;0,623762376237624
529;336;64,7902168878741;0,0891089108910891;0,0891089108910891
530;340,736039407723;284,438219676857;0,99009900990099;0,99009900990099
531;336;63,9223189815184;0,0891089108910891;0,0891089108910891
532;347,977199042553;651,716201981981;0,99009900990099;0,99009900990099
533;336;65,1946283449903;0,0891089108910891;0,0891089108910891
534;336;67,0185843800945;0,0891089108910891;0,0891089108910891
535;342,907535804422;402,326489085573;0,99009900990099;0,99009900990099
536;336;66,5226053467179;0,0891089108910891;0,0891089108910891
537;349,577939024449;632,659245087254;0,99009900990099;0,99009900990099
538;336;64,5608219713674;0,0891089108910891;0,0891089108910891
539;343,322384236268;593,737377576359;0,99009900990099;0,99009900990099
540;340,850807666321;465,208369188603;0,99009900990099;0,99009900990099
541;343,350493162641;558,690127922769;0,99009900990099;0,99009900990099
542;341,786774917801;294,416332414088;0,99009900990099;0,99009900990099
543;336;65,0768634459485;0,0891089108910891;0,0891089108910891
544;336;65,351345268979;0,0891089108910891;0,0891089108910891
545;345,35266171116;532,990862417369;0,99009900990099;0,99009900990099
546;346,242655047964;532,039626877184;0,99009900990099;0,99009900990099
547;335,805731066617;318,673971066388;0,99009900990099;0,99009900990099
548;336;65,6420103318575;0,0891089108910891;0,0891089108910891
549;336;69,7810995353675;0,0891089108910891;0,0891089108910891
550;336;64,8690514733613;0,0891089108910891;0,0891089108910891
551;337,795770257905;369,984400517086;0,99009900990099;0,99009900990099
552;336;70,7460641005791;0,0891089108910891;0,0891089108910891
553;336;64,8547808691172;0,0891089108910891;0,0891089108910891
554;341,5768369075;368,429321827274;0,99009900990099;0,99009900990099
555;336;70,9545425575288;0,0891089108910891;0,0891089108910891
556;342,927993574172;460,365674251727;0,99009900990099;0,99009900990099
557;336;62,312992149818;0,0891089108910891;0,0891089108910891
558;336;69,8090075157766;0,0891089108910891;0,0891089108910891
559;336;67,653138678305;0,0891089108910891;0,0891089108910891
560;338,589397773534;295,976913706015;0,99009900990099;0,99009900990099
561;336;69,8420509762517;0,0891089108910891;0,0891089108910891
562;337,233635003772;277,327359152837;0,99009900990099;0,99009900990099
563;336;69,7418728676721;0,0891089108910891;0,0891089108910891
564;336;68,0338312449823;0,0891089108910891;0,0891089108910891
565;336;68,1791836599101;0,0891089108910891;0,0891089108910891
566;347,399506760633;694,650162492084;0,99009900990099;0,99009900990099
567;336;65,1871377825139;0,0891089108910891;0,0891089108910891
568;336;66,8279514577398;0,0891089108910891;0,0891089108910891
569;336;64,657580903816;0,0891089108910891;0,0891089108910891
570;336;66,7829883313185;0,0891089108910891;0,0891089108910891
571;335,770464861812;293,701470270696;0,99009900990099;0,99009900990099
572;336;64,7200673940524;0,0891089108910891;0,0891089108910891
573;338,815233900028;262,567222368348;0,99009900990099;0,99009900990099
574;345,031776922511;709,377323749305;0,99009900990099;0,99009900990099
575;336;68,4993089303046;0,0891089108910891;0,0891089108910891
576;336;65,0984130492329;0,0891089108910891;0,0891089108910891
577;343,046599517287;412,473762769803;0,99009900990099;0,99009900990099
578;342,873459416972;399,889943800958;0,99009900990099;0,99009900990099
579;338,626473758053;319,423869726606;0,99009900990099;0,99009900990099
580;336;66,794935891644;0,0891089108910891;0,0891089108910891
581;336;69,3406125212386;0,0891089108910891;0,0891089108910891
582;336;64,7904729629311;0,0891089108910891;0,0891089108910891
583;340,836703538073;339,722172093585;0,99009900990099;0,99009900990099
584;338,327410304587;320,871305805641;0,99009900990099;0,99009900990099
585;336;66,088368472059;0,0891089108910891;0,0891089108910891
586;339,978239921195;347,685425404291;0,99009900990099;0,99009900990099
587;336;65,9054880339625;0,0891089108910891;0,0891089108910891
588;336,247745892685;402,647345336329;0,99009900990099;0,99009900990099
589;339,005978746486;476,651452090546;0,99009900990099;0,99009900990099
590;339,351595778379;449,039527309588;0,99009900990099;0,99009900990099
591;336,94157908326;376,689892931605;0,99009900990099;0,99009900990099
592;345,987494519699;530,653761363074;0,99009900990099;0,99009900990099
593;342,340529664695;409,835547794651;0,99009900990099;0,99009900990099
594;336;63,9481832665586;0,0891089108910891;0,0891089108910891
595;349,858130703917;916,772068609211;0,99009900990099;0,99009900990099
596;336;62,2585422987779;0,0891089108910891;0,0891089108910891
597;336;63,9284434436857;0,0891089108910891;0,0891089108910891
598;336;269,271815378318;0,623762376237624;0,623762376237624
599;336;64,2860872015576;0,0891089108910891;0,0891089108910891
600;339,718242160122;299,628522423038;0,99009900990099;0,99009900990099
601;341,556141776576;321,342852116872;0,99009900990099;0,99009900990099
602;339,809429376478;296,597929734421;0,99009900990099;0,99009900990099
603;336,359448724083;306,144887861393;0,99009900990099;0,99009900990099
604;339,010696400663;319,95182097019;0,99009900990099;0,99009900990099
605;336;65,2095399801196;0,0891089108910891;0,0891089108910891
606;336;65,2312998321049;0,0891089108910891;0,0891089108910891
607;345,432536897295;581,52687962358;0,99009900990099;0,99009900990099
608;336;66,7560116792224;0,0891089108910891;0,0891089108910891
609;339,284724928636;518,081686538017;0,99009900990099;0,99009900990099
610;336,089063467991;335,137741470773;0,99009900990099;0,99009900990099
611;342,03875709115;349,734259063836;0,99009900990099;0,99009900990099
612;341,565743566823;510,560057550595;0,99009900990099;0,99009900990099
613;348,280936508265;793,034845673957;0,99009900990099;0,99009900990099
614;336;64,6476007284986;0,0891089108910891;0,0891089108910891
615;346,531805624483;490,430473334158;0,99009900990099;0,99009900990099
616;344,535406982283;567,171791157888;0,99009900990099;0,99009900990099
617;339,462100511357;456,415806675579;0,99009900990099;0,99009900990099
618;336;300,452690350301;0,623762376237624;0,623762376237624
619;336;65,4907909425759;0,0891089108910891;0,0891089108910891
620;336;67,3370309809314;0,0891089108910891;0,0891089108910891
621;336;66,1751185288543;0,0891089108910891;0,0891089108910891
622;350,676620306162;654,372040657292;0,99009900990099;0,99009900990099
623;336;68,2896101863589;0,0891089108910891;0,0891089108910891
624;338,974497480327;304,708549738757;0,99009900990099;0,99009900990099
625;336;64,4686194820949;0,0891089108910891;0,0891089108910891
626;336;65,3898450222203;0,0891089108910891;0,0891089108910891
627;336;66,1655306195395;0,0891089108910891;0,0891089108910891
628;341,985905847836;353,7723491637;0,99009900990099;0,99009900990099
629;342,379796866921;566,684543662766;0,99009900990099;0,99009900990099
630;336;66,8039480960895;0,0891089108910891;0,0891089108910891
631;338,612009533158;355,009290166822;0,99009900990099;0,99009900990099
632;336;67,1414051253683;0,0891089108910891;0,0891089108910891
633;341,52039343135;391,099741028656;0,99009900990099;0,99009900990099
634;345,155926360812;642,791880414971;0,99009900990099;0,99009900990099
635;340,962621460657;326,374898835391;0,99009900990099;0,99009900990099
636;336;66,2029707227785;0,0891089108910891;0,0891089108910891
637;339,200769892052;417,367166534937;0,99009900990099;0,99009900990099
638;336;65,0337114553197;0,0891089108910891;0,0891089108910891
639;336;66,4893429283184;0,0891089108910891;0,0891089108910891
640;336,995044640832;272,583825674687;0,99009900990099;0,99009900990099
641;336;69,2645282726617;0,0891089108910891;0,0891089108910891
642;336;63,7881036762065;0,0891089108910891;0,0891089108910891
643;347,228470527411;698,932498562011;0,99009900990099;0,99009900990099
644;342,147142057318;386,318568854013;0,99009900990099;0,99009900990099
645;349,24939305717;716,852412930673;0,99009900990099;0,99009900990099
646;342,31831769198;347,107336045478;0,99009900990099;0,99009900990099
647;347,122838918132;628,806205674648;0,99009900990099;0,99009900990099
648;340,806904582865;408,716611322056;0,99009900990099;0,99009900990099
649;336;67,3622122857041;0,0891089108910891;0,0891089108910891
650;342,799048568585;522,495120695317;0,99009900990099;0,99009900990099
651;341,932039512073;350,839482257814;0,99009900990099;0,99009900990099
652;336;276,43412124696;0,623762376237624;0,623762376237624
653;339,086609444243;345,425652795001;0,99009900990099;0,99009900990099
654;336;66,6435480690499;0,0891089108910891;0,0891089108910891
655;336;66,5821576164091;0,0891089108910891;0,0891089108910891
656;339,812277014562;481,076497611227;0,99009900990099;0,99009900990099
657;337,962431562408;331,558172468075;0,99009900990099;0,99009900990099
658;342,910252980886;412,820456194205;0,99009900990099;0,99009900990099
659;336;66,3430052449679;0,0891089108910891;0,0891089108910891
660;339,776726751755;342,865701230312;0,99009900990099;0,99009900990099
661;342,235891427002;520,917175573506;0,99009900990099;0,99009900990099
662;336;64,3273452968018;0,0891089108910891;0,0891089108910891
663;336;66,1853264973014;0,0891089108910891;0,0891089108910891
664;336;66,4182536674103;0,0891089108910891;0,0891089108910891
665;340,63344283647;432,897274015973;0,99009900990099;0,99009900990099
666;336;65,6887725127029;0,0891089108910891;0,0891089108910891
667;345,074580187442;518,95894213442;0,99009900990099;0,99009900990099
668;336;66,6673396761081;0,0891089108910891;0,0891089108910891
669;336;326,618049818826;0,623762376237624;0,623762376237624
670;343,704023258558;472,277368257542;0,99009900990099;0,99009900990099
671;336;65,3902532352508;0,0891089108910891;0,0891089108910891
672;336;68,7466708516202;0,0891089108910891;0,0891089108910891
673;336;64,7483872945544;0,0891089108910891;0,0891089108910891
674;336;64,2836114246631;0,0891089108910891;0,0891089108910891
675;336;66,5561976932983;0,0891089108910891;0,0891089108910891
676;336;69,0214606087369;0,0891089108910891;0,0891089108910891
677;338,558614250103;517,740620166244;0,99009900990099;0,99009900990099
678;336,510894529312;434,330244106426;0,99009900990099;0,99009900990099
679;336,888638707935;279,336872103274;0,99009900990099;0,99009900990099
680;336;61,6716715223901;0,0891089108910891;0,0891089108910891
681;336;68,0730011779408;0,0891089108910891;0,0891089108910891
682;340,61795152212;450,790216665566;0,99009900990099;0,99009900990099
683;336;66,5540877951118;0,0891089108910891;0,0891089108910891
684;343,663564089586;616,009211946047;0,99009900990099;0,99009900990099
685;346,9744800285;484,323540804893;0,99009900990099;0,99009900990099
686;336;63,6076304223442;0,0891089108910891;0,0891089108910891
687;339,095606455653;430,754746646393;0,99009900990099;0,99009900990099
688;340,713372951075;395,852576433817;0,99009900990099;0,99009900990099
689;336;65,294679973318;0,0891089108910891;0,0891089108910891
690;336;65,109854643848;0,0891089108910891;0,0891089108910891
691;336;69,3277820491748;0,0891089108910891;0,0891089108910891
692;347,777192188616;532,039048093968;0,99009900990099;0,99009900990099
693;336;64,3796045288085;0,0891089108910891;0,0891089108910891
694;338,665145579849;303,93348480777;0,99009900990099;0,99009900990099
695;336;66,9893853294668;0,0891089108910891;0,0891089108910891
696;336;65,5593508582126;0,0891089108910891;0,0891089108910891
697;354,470499351698;1111,11590360787;0,99009900990099;0,99009900990099
698;336;67,0946776278364;0,0891089108910891;0,0891089108910891
699;336;68,596040960967;0,0891089108910891;0,0891089108910891
700;336;65,3229636008334;0,0891089108910891;0,0891089108910891
701;336;68,4192017651314;0,0891089108910891;0,0891089108910891
702;338,786812041029;257,301799939754;0,99009900990099;0,99009900990099
703;336;69,5228243367114;0,0891089108910891;0,0891089108910891
704;336;66,5085244913694;0,0891089108910891;0,0891089108910891
705;338,494050629354;364,85338505327;0,99009900990099;0,99009900990099
706;336;318,094462134376;0,841584158415842;0,841584158415842
707;344,978266647844;487,300997017662;0,99009900990099;0,99009900990099
708;336;61,0325020996108;0,0891089108910891;0,0891089108910891
709;336;69,6561787452741;0,0891089108910891;0,0891089108910891
710;339,524383113944;306,942750153902;0,99009900990099;0,99009900990099
711;342,705041294535;444,721212280081;0,99009900990099;0,99009900990099
712;340,796233607395;317,655114812585;0,99009900990099;0,99009900990099
713;342,771209768805;626,14654908951;0,99009900990099;0,99009900990099
714;336;63,9164712357085;0,0891089108910891;0,0891089108910891
715;339,863721578308;374,030722345695;0,99009900990099;0,99009900990099
716;342,844875258367;429,647497374451;0,99009900990099;0,99009900990099
717;336;66,6630099126326;0,0891089108910891;0,0891089108910891
718;346,404451685855;693,599597684231;0,99009900990099;0,99009900990099
719;350,737987060072;811,984650971427;0,99009900990099;0,99009900990099
720;338,795922788678;308,839941201475;0,99009900990099;0,99009900990099
721;344,798945619419;406,527043150299;0,99009900990099;0,99009900990099
722;336;67,925317073852;0,0891089108910891;0,0891089108910891
723;340,86860767287;550,754664602057;0,99009900990099;0,99009900990099
724;336;64,2176110884667;0,0891089108910891;0,0891089108910891
725;341,978825724066;459,181675752113;0,99009900990099;0,99009900990099
726;343,840388995179;691,302756757563;0,99009900990099;0,99009900990099
727;342,048980577567;523,930531852525;0,99009900990099;0,99009900990099
728;347,874228801779;915,099001182737;0,99009900990099;0,99009900990099
729;346,245640092892;800,995476667779;0,99009900990099;0,99009900990099
730;338,044692106734;290,166857957752;0,99009900990099;0,99009900990099
731;336;64,8791223832938;0,0891089108910891;0,0891089108910891
732;336;65,1873135298884;0,0891089108910891;0,0891089108910891
733;336;277,729635511942;0,623762376237624;0,623762376237624
734;336;66,0313885613729;0,0891089108910891;0,0891089108910891
735;341,429932474377;283,544749592156;0,99009900990099;0,99009900990099
736;336,686965256928;421,668816684116;0,99009900990099;0,99009900990099
737;342,984882687364;523,239950697134;0,99009900990099;0,99009900990099
738;340,078512286122;290,154787957367;0,99009900990099;0,99009900990099
739;340,213513742472;397,079855547994;0,99009900990099;0,99009900990099
740;339,837787316683;315,620170659734;0,99009900990099;0,99009900990099
741;336;67,6061617253092;0,0891089108910891;0,0891089108910891
742;336;65,3656766480354;0,0891089108910891;0,0891089108910891
743;336;68,4346816030904;0,0891089108910891;0,0891089108910891
744;342,636895362703;559,359183449559;0,99009900990099;0,99009900990099
745;339,683632808059;453,578770368464;0,99009900990099;0,99009900990099
746;346,990734803488;653,630437822712;0,99009900990099;0,99009900990099
747;336;64,3665284046074;0,0891089108910891;0,0891089108910891
748;336;66,397555226032;0,0891089108910891;0,0891089108910891
749;336;69,5008119389217;0,0891089108910891;0,0891089108910891
750;336;70,256880382502;0,0891089108910891;0,0891089108910891
751;338,68907905484;335,429075556644;0,99009900990099;0,99009900990099
752;341,384661370812;388,943785642565;0,99009900990099;0,99009900990099
753;336;64,6018718496221;0,0891089108910891;0,0891089108910891
754;344,032979177218;679,362624648342;0,99009900990099;0,99009900990099
755;336;69,4906797526845;0,0891089108910891;0,0891089108910891
756;340,046690325718;392,742316699662;0,99009900990099;0,99009900990099
757;336;67,5157334623458;0,0891089108910891;0,0891089108910891
758;336;66,5778716268282;0,0891089108910891;0,0891089108910891
759;336;66,9144045949344;0,0891089108910891;0,0891089108910891
760;343,600668388153;516,187198069771;0,99009900990099;0,99009900990099
761;336;65,4953552119334;0,0891089108910891;0,0891089108910891
762;336;67,1092290887106;0,0891089108910891;0,0891089108910891
763;343,02375800141;508,1699428417;0,99009900990099;0,99009900990099
764;336;64,1107456755599;0,0891089108910891;0,0891089108910891
765;345,551181743339;668,743363452157;0,99009900990099;0,99009900990099
766;339,7295547184;429,378862458848;0,99009900990099;0,99009900990099
767;336;66,8480885564636;0,0891089108910891;0,0891089108910891
768;336;68,450449249448;0,0891089108910891;0,0891089108910891
769;341,117734890466;368,207368604553;0,99009900990099;0,99009900990099
770;336;66,8189244081438;0,0891089108910891;0,0891089108910891
771;338,150264912925;365,32806261222;0,99009900990099;0,99009900990099
772;336;68,1412401217232;0,0891089108910891;0,0891089108910891
773;336;64,4896080235833;0,0891089108910891;0,0891089108910891
774;338,867786350161;293,725597194521;0,99009900990099;0,99009900990099
775;336;66,2588300117434;0,0891089108910891;0,0891089108910891
776;336;67,8220473992832;0,0891089108910891;0,0891089108910891
777;336;67,4936296247781;0,0891089108910891;0,0891089108910891
778;336;273,283930127254;0,623762376237624;0,623762376237624
779;338,016127768003;278,151776253038;0,99009900990099;0,99009900990099
780;337,021842058384;362,848468004392;0,99009900990099;0,99009900990099
781;336;64,3286484283252;0,0891089108910891;0,0891089108910891
782;337,086040914792;303,811290475835;0,99009900990099;0,99009900990099
783;344,585672138861;705,648254505741;0,99009900990099;0,99009900990099
784;340,212473882635;566,205941308776;0,99009900990099;0,99009900990099
785;336;62,6316735909639;0,0891089108910891;0,0891089108910891
786;336;67,418776362575;0,0891089108910891;0,0891089108910891
787;336;64,2889392911968;0,0891089108910891;0,0891089108910891
788;348,323576647194;807,449865022551;0,99009900990099;0,99009900990099
789;336;63,9850925414816;0,0891089108910891;0,0891089108910891
790;336;65,9188665269462;0,0891089108910891;0,0891089108910891
791;336;63,8381887914927;0,0891089108910891;0,0891089108910891
792;336;67,5633441321088;0,0891089108910891;0,0891089108910891
793;345,047804992767;464,978298427233;0,99009900990099;0,99009900990099
794;336;302,928111691886;0,623762376237624;0,623762376237624
795;336;69,0672526147191;0,0891089108910891;0,0891089108910891
796;336;66,3958570901794;0,0891089108910891;0,0891089108910891
797;336;65,9993579152739;0,0891089108910891;0,0891089108910891
798;336;69,7284993690071;0,0891089108910891;0,0891089108910891
799;336;62,3360895470878;0,0891089108910891;0,0891089108910891
800;346,82926719522;566,272310945932;0,99009900990099;0,99009900990099
801;336;66,1419641214994;0,0891089108910891;0,0891089108910891
802;336;64,0283911422829;0,0891089108910891;0,0891089108910891
803;340,888093249745;505,420879685367;0,99009900990099;0,99009900990099
804;339,306339387372;282,208730403407;0,99009900990099;0,99009900990099
805;336;69,1409683274381;0,0891089108910891;0,0891089108910891
806;340,30383719699;373,446519680378;0,99009900990099;0,99009900990099
807;339,90430204845;315,054065809946;0,99009900990099;0,99009900990099
808;336;65,096154904868;0,0891089108910891;0,0891089108910891
809;340,575118244609;301,769525783589;0,99009900990099;0,99009900990099
810;336;70,2621749526986;0,0891089108910891;0,0891089108910891
811;340,579436844059;378,746932849898;0,99009900990099;0,99009900990099
812;338,284055641962;500,958889412271;0,99009900990099;0,99009900990099
813;341,050489075451;323,162368971958;0,99009900990099;0,99009900990099
814;336;62,9715728059506;0,0891089108910891;0,0891089108910891
815;341,877137127605;468,255569599906;0,99009900990099;0,99009900990099
816;336;65,1901449338286;0,0891089108910891;0,0891089108910891
817;345,598083445297;603,450217934692;0,99009900990099;0,99009900990099
818;336;69,4322687731886;0,0891089108910891;0,0891089108910891
819;339,326484098376;607,768586669946;0,99009900990099;0,99009900990099
820;338,174605802223;281,74605007407;0,99009900990099;0,99009900990099
821;342,065075081489;429,852343825034;0,99009900990099;0,99009900990099
822;336;67,6735658798148;0,0891089108910891;0,0891089108910891
823;340,226753713868;508,582886110597;0,99009900990099;0,99009900990099
824;346,75980268027;635,869692946143;0,99009900990099;0,99009900990099
825;349,391988182774;766,38840978391;0,99009900990099;0,99009900990099
826;336;63,3679711113346;0,0891089108910891;0,0891089108910891
827;338,707823349792;321,275173356982;0,99009900990099;0,99009900990099
828;345,482615296411;434,339477662712;0,99009900990099;0,99009900990099
829;339,498235884526;306,82228694783;0,99009900990099;0,99009900990099
830;339,242103212756;294,558917741025;0,99009900990099;0,99009900990099
831;341,02604307786;377,680843179948;0,99009900990099;0,99009900990099
832;341,8178850291;247,574223615373;0,99009900990099;0,99009900990099
833;344,391605010572;516,352245002588;0,99009900990099;0,99009900990099
834;338,973765601793;257,257358200126;0,99009900990099;0,99009900990099
835;336;66,4581531116885;0,0891089108910891;0,0891089108910891
836;336;63,4799389332968;0,0891089108910891;0,0891089108910891
837;346,514240088428;522,161315496897;0,99009900990099;0,99009900990099
838;339,064669578104;291,844800903551;0,99009900990099;0,99009900990099
839;336;62,9246467014399;0,0891089108910891;0,0891089108910891
840;341,940741643334;624,650034221669;0,99009900990099;0,99009900990099
841;336;64,9284077033375;0,0891089108910891;0,0891089108910891
842;342,063585678918;422,52992349879;0,99009900990099;0,99009900990099
843;336;62,5357734085474;0,0891089108910891;0,0891089108910891
844;342,237565846369;374,539582639248;0,99009900990099;0,99009900990099
845;336;62,7466528894232;0,0891089108910891;0,0891089108910891
846;336;65,3383128821087;0,0891089108910891;0,0891089108910891
847;341,411424388731;397,19889978516;0,99009900990099;0,99009900990099
848;340,901808354303;245,218689919491;0,99009900990099;0,99009900990099
849;336;70,1158337621837;0,0891089108910891;0,0891089108910891
850;336;64,0259484133099;0,0891089108910891;0,0891089108910891
851;336,216169324201;267,95928854389;0,99009900990099;0,99009900990099
852;339,313396309374;362,111029051353;0,99009900990099;0,99009900990099
853;336;66,154951241879;0,0891089108910891;0,0891089108910891
854;336;67,7509020864706;0,0891089108910891;0,0891089108910891
855;342,02449744981;667,291883136159;0,99009900990099;0,99009900990099
856;342,313178684895;436,568104504196;0,99009900990099;0,99009900990099
857;336;64,9384879062605;0,0891089108910891;0,0891089108910891
858;336;67,5915955235434;0,0891089108910891;0,0891089108910891
859;336;72,2413552320291;0,0891089108910891;0,0891089108910891
860;336;365,043832058758;0,623762376237624;0,623762376237624
861;336;63,1087208099065;0,0891089108910891;0,0891089108910891
862;336;67,7274495798753;0,0891089108910891;0,0891089108910891
863;340,70947003907;417,77870725792;0,99009900990099;0,99009900990099
864;336;67,446785216908;0,0891089108910891;0,0891089108910891
865;343,730782010544;375,258353497916;0,99009900990099;0,99009900990099
866;336,348571759949;377,418353486871;0,99009900990099;0,99009900990099
867;336;68,1281333460861;0,0891089108910891;0,0891089108910891
868;342,514757412643;510,361354173717;0,99009900990099;0,99009900990099
869;336;67,2377758458581;0,0891089108910891;0,0891089108910891
870;336;63,421468852313;0,0891089108910891;0,0891089108910891
871;336;65,3093576551075;0,0891089108910891;0,0891089108910891
872;340,986352019146;372,128296474906;0,99009900990099;0,99009900990099
873;337,799131804456;441,362855804761;0,99009900990099;0,99009900990099
874;336;63,702566745593;0,0891089108910891;0,0891089108910891
875;336;67,7960451421458;0,0891089108910891;0,0891089108910891
876;336;68,8766843113483;0,0891089108910891;0,0891089108910891
877;339,250669990988;267,975824013838;0,99009900990099;0,99009900990099
878;336;67,8388521447921;0,0891089108910891;0,0891089108910891
879;336;66,5722361988226;0,0891089108910891;0,0891089108910891
880;343,999932424191;467,892923283253;0,99009900990099;0,99009900990099
881;343,305896965309;485,669780956565;0,99009900990099;0,99009900990099
882;336;65,6512023697212;0,0891089108910891;0,0891089108910891
883;340,58837274999;387,244360044214;0,99009900990099;0,99009900990099
884;344,081811179281;603,993645773995;0,99009900990099;0,99009900990099
885;336;66,0968440945606;0,0891089108910891;0,0891089108910891
886;336;66,8344966219393;0,0891089108910891;0,0891089108910891
887;336;62,4215128696821;0,0891089108910891;0,0891089108910891
888;336;64,7114741724872;0,0891089108910891;0,0891089108910891
889;336;63,863031377394;0,0891089108910891;0,0891089108910891
890;345,025065551153;439,164018421907;0,99009900990099;0,99009900990099
891;336;64,5157476507144;0,0891089108910891;0,0891089108910891
892;337,999609007935;381,330449389137;0,99009900990099;0,99009900990099
893;339,26570740781;342,501502338091;0,99009900990099;0,99009900990099
894;336;64,7555666941209;0,0891089108910891;0,0891089108910891
895;336;65,0847721993707;0,0891089108910891;0,0891089108910891
896;336;62,7983886681456;0,0891089108910891;0,0891089108910891
897;336;64,8162213648349;0,0891089108910891;0,0891089108910891
898;336;66,5482943252815;0,0891089108910891;0,0891089108910891
899;343,944884437993;583,150362605197;0,99009900990099;0,99009900990099
900;338,659965045784;391,606626409335;0,99009900990099;0,99009900990099
901;336;66,1625743509124;0,0891089108910891;0,0891089108910891
902;338,029232335097;345,378203252143;0,99009900990099;0,99009900990099
903;338,190822113055;285,076753629602;0,99009900990099;0,99009900990099
904;336;63,587508443631;0,0891089108910891;0,0891089108910891
905;347,90837219214;634,675693766494;0,99009900990099;0,99009900990099
906;336;63,4940759904003;0,0891089108910891;0,0891089108910891
907;338,71478018774;355,768213181537;0,99009900990099;0,99009900990099
908;336;65,9349651665626;0,0891089108910891;0,0891089108910891
909;337,758046506977;293,365121059814;0,99009900990099;0,99009900990099
910;336;68,8218109209945;0,0891089108910891;0,0891089108910891
911;343,083528237196;429,637874058352;0,99009900990099;0,99009900990099
912;336;70,0130219921966;0,0891089108910891;0,0891089108910891
913;336;63,1518575787664;0,0891089108910891;0,0891089108910891
914;338,301539619764;332,840674389535;0,99009900990099;0,99009900990099
915;344,743309215465;665,785675530901;0,99009900990099;0,99009900990099
916;336;70,5178476815738;0,0891089108910891;0,0891089108910891
917;343,811041543313;384,653975397592;0,99009900990099;0,99009900990099
918;336;70,4860438888949;0,0891089108910891;0,0891089108910891
919;336;70,7448359479248;0,0891089108910891;0,0891089108910891
920;336;64,9780589838619;0,0891089108910891;0,0891089108910891
921;337,002037307693;263,756327429492;0,99009900990099;0,99009900990099
922;336;69,4936855418734;0,0891089108910891;0,0891089108910891
923;337,922480788631;312,067681116683;0,99009900990099;0,99009900990099
924;346,799094564339;434,731412937499;0,99009900990099;0,99009900990099
925;344,74951385451;491,521877050916;0,99009900990099;0,99009900990099
926;336;68,0139772828234;0,0891089108910891;0,0891089108910891
927;336;64,5038548145448;0,0891089108910891;0,0891089108910891
928;340,649572009651;359,86264800926;0,99009900990099;0,99009900990099
929;336;65,167302005659;0,0891089108910891;0,0891089108910891
930;336;63,6711373598589;0,0891089108910891;0,0891089108910891
931;336;68,5407761444542;0,0891089108910891;0,0891089108910891
932;336;71,274621473385;0,0891089108910891;0,0891089108910891
933;336;66,1350583478494;0,0891089108910891;0,0891089108910891
934;336;66,3687870220506;0,0891089108910891;0,0891089108910891
935;348,462348159799;579,093008626128;0,99009900990099;0,99009900990099
936;339,354261159362;276,191475570856;0,99009900990099;0,99009900990099
937;339,984277875534;439,366215721737;0,99009900990099;0,99009900990099
938;336;64,9524131271298;0,0891089108910891;0,0891089108910891
939;336;66,8831928479357;0,0891089108910891;0,0891089108910891
940;336;69,3111513372656;0,0891089108910891;0,0891089108910891
941;336;64,1915254045872;0,0891089108910891;0,0891089108910891
942;336;65,2663256276101;0,0891089108910891;0,0891089108910891
943;336;65,2516838702348;0,0891089108910891;0,0891089108910891
944;336;63,0347393083479;0,0891089108910891;0,0891089108910891
945;342,973074350708;335,084361641889;0,99009900990099;0,99009900990099
946;336;70,8984235750971;0,0891089108910891;0,0891089108910891
947;336;63,6378970043025;0,0891089108910891;0,0891089108910891
948;336;67,6025126396765;0,0891089108910891;0,0891089108910891
949;342,812133536963;646,914623353576;0,99009900990099;0,99009900990099
950;344,521282171378;740,56456410848;0,99009900990099;0,99009900990099
951;336;62,5827023598215;0,0891089108910891;0,0891089108910891
952;344,320047958184;745,170541613544;0,99009900990099;0,99009900990099
953;336;67,558263205938;0,0891089108910891;0,0891089108910891
954;345,083568004653;609,58981100081;0,99009900990099;0,99009900990099
955;344,197761866627;422,724598999641;0,99009900990099;0,99009900990099
956;336;68,9031939736628;0,0891089108910891;0,0891089108910891
957;340,510166124573;538,893352113565;0,99009900990099;0,99009900990099
958;336;65,9018983232834;0,0891089108910891;0,0891089108910891
959;336;65,0898569244731;0,0891089108910891;0,0891089108910891
960;336,66395177968;309,456210213155;0,99009900990099;0,99009900990099
961;339,146977926655;388,926456578964;0,99009900990099;0,99009900990099
962;341,643213689173;462,568598054053;0,99009900990099;0,99009900990099
963;344,169590019587;334,014743138439;0,99009900990099;0,99009900990099
964;336;64,9897981728299;0,0891089108910891;0,0891089108910891
965;336;70,8855836312358;0,0891089108910891;0,0891089108910891
966;336;65,922576090373;0,0891089108910891;0,0891089108910891
967;340,336268065544;387,56882776908;0,99009900990099;0,99009900990099
968;336;69,5046825926149;0,0891089108910891;0,0891089108910891
969;344,305238958841;518,875167494809;0,99009900990099;0,99009900990099
970;343,154483754783;332,933932180482;0,99009900990099;0,99009900990099
971;336;65,3816971125017;0,0891089108910891;0,0891089108910891
972;336;64,0125900402172;0,0891089108910891;0,0891089108910891
973;339,236672769396;345,561110951365;0,99009900990099;0,99009900990099
974;336;64,4444280245314;0,0891089108910891;0,0891089108910891
975;336;69,1084270016966;0,0891089108910891;0,0891089108910891
976;347,876393952523;532,366015486457;0,99009900990099;0,99009900990099
977;336;61,455792459318;0,0891089108910891;0,0891089108910891
978;343,808548340573;416,836246276671;0,99009900990099;0,99009900990099
979;343,939897339913;444,015877769521;0,99009900990099;0,99009900990099
980;349,133861150731;808,453691243011;0,99009900990099;0,99009900990099
981;336;62,5941796315115;0,0891089108910891;0,0891089108910891
982;339,04707751401;346,830295945333;0,99009900990099;0,99009900990099
983;336;65,2046823487172;0,0891089108910891;0,0891089108910891
984;336;66,2529858552765;0,0891089108910891;0,0891089108910891
985;345,061097625386;470,282301601494;0,99009900990099;0,99009900990099
986;348,559357832139;541,175588699913;0,99009900990099;0,99009900990099
987;339,601814951906;320,730871655395;0,99009900990099;0,99009900990099
988;339,544561149177;378,551325487195;0,99009900990099;0,99009900990099
989;343,711527450867;444,108654042331;0,99009900990099;0,99009900990099
990;341,172179063919;260,895475669634;0,99009900990099;0,99009900990099
991;337,845030372969;313,172176655068;0,99009900990099;0,99009900990099
992;336;68,9906238928056;0,0891089108910891;0,0891089108910891
993;342,469427148687;440,960251200148;0,99009900990099;0,99009900990099
994;336;64,9293831838758;0,0891089108910891;0,0891089108910891
995;339,788992586114;493,930195430644;0,99009900990099;0,99009900990099
996;346,142159940464;410,941618345414;0,99009900990099;0,99009900990099
997;336;66,1767971719467;0,0891089108910891;0,0891089108910891
998;338,678495030013;271,488477427149;0,99009900990099;0,99009900990099
999;336;67,0852662593029;0,0891089108910891;0,0891089108910891
