0;359,159058040881;198,974826779352;0,98019801980198;1
1;356,690738304227;227,356839312958;0,98019801980198;1
2;355,011869121337;360,3734269963;0,98019801980198;0,99009900990099
3;356,155945121092;209,103403081236;0,98019801980198;1
4;354,062523191454;214,06617371375;0,98019801980198;0,99009900990099
5;363,635879090309;420,650412011651;0,98019801980198;0,99009900990099
6;356,401678769877;241,178307992863;0,98019801980198;0,99009900990099
7;360,133173688455;368,17171410702;0,98019801980198;1
8;357,905081318318;578,091082861076;0,98019801980198;1
9;356,268816342149;273,009229223609;0,98019801980198;1
10;353,52768136274;227,750578480391;0,98019801980198;0,99009900990099
11;356,076263311147;192,509068836347;0,98019801980198;1
12;356,751657833122;212,205795765776;0,98019801980198;1
13;352;97,0649326446694;0,237623762376238;0,257425742574257
14;358,963891564014;531,866844127485;0,98019801980198;0,99009900990099
15;358,00187324634;211,221134556566;0,98019801980198;0,99009900990099
16;358,783613663168;309,339691551407;0,98019801980198;0,99009900990099
17;356,103594674112;198,949947323826;0,98019801980198;1
18;357,191092143188;214,005731712658;0,98019801980198;0,99009900990099
19;366,268203249097;363,838100213563;0,98019801980198;1
20;360,212783537134;286,361233240218;0,98019801980198;1
21;355,391551683861;279,90244396126;0,98019801980198;0,99009900990099
22;360,858346404701;308,823786537307;0,98019801980198;0,99009900990099
23;356,184564517371;191,604561715163;0,98019801980198;1
24;355,720690310694;494,166619964451;0,98019801980198;1
25;356,627081364955;178,055292870869;0,98019801980198;0,99009900990099
26;362,760302452772;441,967492760421;0,98019801980198;0,99009900990099
27;357,899466234688;232,300789273497;0,98019801980198;0,99009900990099
28;355,877571988948;186,677575734288;0,98019801980198;0,99009900990099
29;358,660357035337;213,128804486158;0,98019801980198;1
30;361,043510526452;269,352876118978;0,98019801980198;0,99009900990099
31;355,7262300517;156,3680862222;0,98019801980198;0,99009900990099
32;360,539465549543;402,801524728085;0,98019801980198;0,99009900990099
33;364,510037675575;481,216614802737;0,98019801980198;1
34;362,424625907678;364,707668560329;0,98019801980198;0,99009900990099
35;361,021686790581;368,632779685295;0,98019801980198;0,99009900990099
36;363,809107812057;453,874621970309;0,98019801980198;0,99009900990099
37;355,811585821453;157,199260099774;0,98019801980198;0,99009900990099
38;355,725099609504;272,013751549819;0,98019801980198;1
39;356,429551184686;134,820828777814;0,98019801980198;0,99009900990099
40;355,800587659496;229,727420030823;0,98019801980198;1
41;357,792484300616;335,282297824649;0,98019801980198;1
42;358,03466321755;264,951813425209;0,98019801980198;1
43;363,626548257657;786,338396871686;0,98019801980198;1
44;361,134687469204;362,209824905319;0,98019801980198;1
45;359,246874011895;323,366307247834;0,98019801980198;1
46;357,978155119545;148,170398760638;0,98019801980198;0,99009900990099
47;359,192592769382;259,381727757046;0,98019801980198;1
48;359,690902547823;415,439953186627;0,98019801980198;1
49;360,678808854309;608,761472340964;0,98019801980198;0,99009900990099
50;361,535518451555;433,145789430713;0,98019801980198;0,99009900990099
51;355,949507143553;144,639929389252;0,98019801980198;1
52;364,011671521918;505,932637922666;0,98019801980198;0,99009900990099
53;358,172801715923;149,097272570108;0,98019801980198;0,99009900990099
54;358,876053212753;335,374666306887;0,98019801980198;1
55;361,922396963552;312,12942780993;0,98019801980198;0,99009900990099
56;355,419246267431;177,965707867223;0,98019801980198;1
57;368,052606791673;434,222095157512;0,98019801980198;1
58;359,170039731546;561,508962817302;0,98019801980198;1
59;356,006447927884;256,337330514258;0,98019801980198;1
60;354,62064495556;235,762615369068;0,98019801980198;0,99009900990099
61;358,923080197958;140,952914368285;0,98019801980198;0,99009900990099
62;354,751595912221;150,88774929577;0,98019801980198;0,99009900990099
63;358,268395449616;507,607883186574;0,98019801980198;1
64;355,591839970862;361,074405159735;0,98019801980198;1
65;359,600095320881;545,322499523757;0,98019801980198;1
66;352;126,171392000896;0,346534653465347;0,366336633663366
67;357,892553913399;247,522819493406;0,98019801980198;1
68;357,417617808146;188,514557080529;0,98019801980198;1
69;360,57749753158;257,46144058849;0,98019801980198;0,99009900990099
70;361,126946443842;227,244093334257;0,98019801980198;1
71;355,513564165427;240,670098229512;0,98019801980198;0,99009900990099
72;358,985417022556;269,002749039184;0,98019801980198;1
73;361,906701308886;297,748043769324;0,98019801980198;0,99009900990099
74;358,76743957201;268,592610498321;0,98019801980198;0,99009900990099
75;364,033567148342;627,348678197787;0,98019801980198;1
76;356,088895835568;205,018190635244;0,98019801980198;1
77;360,101840676696;567,341410380054;0,98019801980198;1
78;357,512560747684;248,502609290808;0,98019801980198;1
79;359,926658328507;274,823653306366;0,98019801980198;0,99009900990099
80;360,388141155864;423,572107236044;0,98019801980198;0,99009900990099
81;356,840525430787;328,172558821142;0,98019801980198;0,99009900990099
82;360,07354473541;262,847910027549;0,98019801980198;1
83;362,997781325278;230,641115618242;0,98019801980198;1
84;361,246114143241;382,48764991823;0,98019801980198;0,99009900990099
85;364,791439819305;655,069822194878;0,98019801980198;1
86;355,441633282466;219,185757486137;0,98019801980198;0,99009900990099
87;358,456775208537;236,514173722264;0,98019801980198;1
88;357,333413946786;226,955606058776;0,98019801980198;1
89;352;116,75507882945;0,237623762376238;0,257425742574257
90;353,479138500976;299,268885583681;0,98019801980198;1
91;354,823094698471;290,029574922183;0,98019801980198;0,99009900990099
92;352;136,496100939157;0,346534653465347;0,366336633663366
93;355,359836736831;200,771607283919;0,98019801980198;1
94;357,769571776071;410,757876420386;0,98019801980198;0,99009900990099
95;356,488045389417;188,036158644593;0,98019801980198;0,99009900990099
96;360,715770198427;312,727892712111;0,98019801980198;0,99009900990099
97;355,396579686168;304,907059166667;0,98019801980198;0,99009900990099
98;355,714708047372;257,34885912388;0,98019801980198;1
99;355,009861671866;286,212841798659;0,98019801980198;0,99009900990099
100;362,046202272568;382,724496291387;0,98019801980198;0,99009900990099
101;358,272624101689;227,132569180552;0,98019801980198;0,99009900990099
102;361,783697310387;612,900726172383;0,98019801980198;1
103;358,610104155227;211,039730663227;0,98019801980198;0,99009900990099
104;363,59307576103;351,961683797852;0,98019801980198;0,99009900990099
105;354,752204346633;206,987394718212;0,98019801980198;1
106;359,254754141125;217,184207849041;0,98019801980198;0,99009900990099
107;357,225667541154;345,26222274849;0,98019801980198;1
108;358,899448564906;281,727903723461;0,98019801980198;1
109;358,110868372761;430,499392001476;0,98019801980198;0,99009900990099
110;361,250047912642;238,100088386363;0,98019801980198;0,99009900990099
111;358,724486517731;373,546483600786;0,98019801980198;0,99009900990099
112;354,7990264959;293,510031849103;0,98019801980198;1
113;357,258830605426;256,312258900501;0,98019801980198;0,99009900990099
114;360,853927588717;412,535603994692;0,98019801980198;0,99009900990099
115;358,36515285738;412,782866357397;0,98019801980198;0,99009900990099
116;359,001371056793;283,471287679679;0,98019801980198;1
117;354,196314127668;191,429065668951;0,98019801980198;0,99009900990099
118;353,151658811403;146,610589266206;0,98019801980198;0,99009900990099
119;360,366185466168;417,729587026237;0,98019801980198;0,99009900990099
120;357,692588835584;438,676234680384;0,98019801980198;1
121;360,124907619911;191,274162041862;0,98019801980198;1
122;360,542554171741;494,894563367088;0,98019801980198;1
123;353,692965950822;270,835579779328;0,98019801980198;1
124;359,251220175428;330,295112485609;0,98019801980198;0,99009900990099
125;364,782499548022;525,016502659311;0,98019801980198;0,99009900990099
126;356,094323570322;412,866906650504;0,98019801980198;0,99009900990099
127;355,515445888852;193,69082433807;0,98019801980198;0,99009900990099
128;359,092489616203;301,744891057666;0,98019801980198;0,99009900990099
129;355,434632202106;168,598667860527;0,98019801980198;1
130;361,877138723413;351,709255207123;0,98019801980198;0,99009900990099
131;354,880261621485;134,678101653954;0,98019801980198;0,99009900990099
132;363,228046923728;610,966385038159;0,98019801980198;1
133;361,10947102324;328,344403861688;0,98019801980198;0,99009900990099
134;355,379197599639;263,582153526402;0,98019801980198;1
135;357,152493472254;258,018897086922;0,98019801980198;0,99009900990099
136;358,878298679212;470,310830410412;0,98019801980198;1
137;361,733477442589;225,870493419003;0,98019801980198;1
138;354,29484896244;230,26911792566;0,98019801980198;0,99009900990099
139;368,127820256241;520,597206941992;0,98019801980198;0,99009900990099
140;354,932509603538;246,665540451463;0,98019801980198;1
141;356,700514951736;179,682728656969;0,98019801980198;0,99009900990099
142;362,73051793064;476,61397157229;0,98019801980198;0,99009900990099
143;360,09023634701;424,142597007308;0,98019801980198;0,99009900990099
144;352;123,245641682735;0,237623762376238;0,247524752475248
145;360,820020149345;292,751401573964;0,98019801980198;1
146;363,367005185849;421,561620145425;0,98019801980198;0,99009900990099
147;362,420328106622;452,62877734937;0,98019801980198;1
148;358,817275571738;182,744566908868;0,98019801980198;0,99009900990099
149;360,169840305645;268,74884978371;0,98019801980198;1
150;358,037503079733;143,882893986881;0,98019801980198;1
151;357,252305733249;160,109534237161;0,98019801980198;0,99009900990099
152;355,221736476804;256,184093232708;0,98019801980198;1
153;359,663268582067;277,905701287473;0,98019801980198;1
154;358,223191552194;193,964462350683;0,98019801980198;1
155;358,004825318158;209,918315754644;0,98019801980198;1
156;358,203378972535;146,668400019757;0,98019801980198;0,99009900990099
157;357,886842877096;347,90357274347;0,98019801980198;1
158;361,323657321607;243,616019299343;0,98019801980198;0,99009900990099
159;362,041014862928;432,712054703059;0,98019801980198;0,99009900990099
160;359,286917119229;308,453799793282;0,98019801980198;0,99009900990099
161;352;119,025985895242;0,237623762376238;0,257425742574257
162;358,246964276388;352,03769891036;0,98019801980198;0,99009900990099
163;355,761543503152;369,134548049081;0,98019801980198;1
164;356,222767760198;334,887071595225;0,98019801980198;0,99009900990099
165;358,168062125912;162,301875257767;0,98019801980198;1
166;358,147216488533;252,690005754282;0,98019801980198;1
167;357,863808428868;226,640530120891;0,98019801980198;0,99009900990099
168;356,867370275681;195,708066858122;0,98019801980198;1
169;353,608936535062;223,715890478965;0,98019801980198;1
170;365,4864380573;286,858159493171;0,98019801980198;1
171;360,278052576932;226,853802574478;0,98019801980198;1
172;359,389281266679;291,54201400082;0,98019801980198;1
173;357,635022195636;252,318756970056;0,98019801980198;1
174;363,092137273448;539,099103008592;0,98019801980198;1
175;363,587039782627;493,818138083703;0,98019801980198;1
176;355,564023671526;149,971154350096;0,98019801980198;0,99009900990099
177;360,366146368126;421,773060703757;0,98019801980198;0,99009900990099
178;359,589480652944;254,530659388763;0,98019801980198;1
179;355,352543349075;190,823981223837;0,98019801980198;1
180;357,084238676923;183,544328864473;0,98019801980198;0,99009900990099
181;366,528309380775;397,721134872559;0,98019801980198;0,99009900990099
182;358,508973707221;189,024624034299;0,98019801980198;0,99009900990099
183;357,516528513478;627,437710976752;0,98019801980198;0,99009900990099
184;357,178478596532;358,032484915998;0,98019801980198;1
185;361,983144700042;602,421969566272;0,98019801980198;0,99009900990099
186;356,064646033507;257,803676200688;0,98019801980198;0,99009900990099
187;362,753730339919;300,339108549452;0,98019801980198;1
188;356,61427280374;258,025883808059;0,98019801980198;1
189;361,602805029691;295,845947430186;0,98019801980198;0,99009900990099
190;354,720424576698;159,509740123896;0,98019801980198;1
191;357,042546262378;278,469801238832;0,98019801980198;1
192;359,386483830106;191,384275843788;0,98019801980198;0,99009900990099
193;355,463991602909;205,248051772392;0,98019801980198;0,99009900990099
194;355,711736209851;175,243242946849;0,98019801980198;1
195;363,818122307969;319,95606756214;0,98019801980198;0,99009900990099
196;357,413962532466;258,608792355216;0,98019801980198;1
197;358,307063050259;403,401431223486;0,98019801980198;1
198;360,412827718315;237,108216538767;0,98019801980198;1
199;359,470304248383;518,239516228097;0,98019801980198;1
200;361,464679340557;442,712036443462;0,98019801980198;0,99009900990099
201;356,504332955454;216,625832018535;0,98019801980198;1
202;364,041761926892;429,741108313626;0,98019801980198;1
203;364,626164131258;510,831161211055;0,98019801980198;1
204;356,46110090071;230,830317448554;0,98019801980198;0,99009900990099
205;360,966967014137;378,995464758088;0,98019801980198;0,99009900990099
206;355,674466514416;411,54910602574;0,98019801980198;1
207;362,217567035894;165,994332049944;0,98019801980198;1
208;356,44723147273;162,519234458846;0,98019801980198;0,99009900990099
209;356,217394633094;183,122143499691;0,98019801980198;0,99009900990099
210;360,714895919664;277,820607336739;0,98019801980198;1
211;367,019376696949;533,755718717768;0,98019801980198;0,99009900990099
212;360,810098250934;462,153668927118;0,98019801980198;1
213;359,922043799695;287,173721371761;0,98019801980198;1
214;357,179696633228;232,583912014263;0,98019801980198;0,99009900990099
215;365,370185491992;744,593241087087;0,98019801980198;0,99009900990099
216;356,610684752123;154,604344385206;0,98019801980198;1
217;366,851168985071;757,898965072177;0,98019801980198;0,99009900990099
218;357,277057006425;300,335270345331;0,98019801980198;1
219;359,383388501483;297,393429611336;0,98019801980198;0,99009900990099
220;358,039352926712;222,519170781645;0,98019801980198;0,99009900990099
221;352;87,1718373938552;0,237623762376238;0,257425742574257
222;356,334083567068;327,275516310639;0,98019801980198;0,99009900990099
223;360,882850871819;292,374858120079;0,98019801980198;1
224;356,786769235338;239,525847095999;0,98019801980198;1
225;355,515321435193;144,888063041859;0,98019801980198;0,99009900990099
226;364,084179618011;848,75889527976;0,98019801980198;0,99009900990099
227;357,667164189288;189,860777256733;0,98019801980198;1
228;360,754711008761;238,730081770736;0,98019801980198;1
229;361,929267362832;386,816584074117;0,98019801980198;0,99009900990099
230;362,299479670774;507,525746226727;0,98019801980198;1
231;364,606842584401;344,423098483207;0,98019801980198;0,99009900990099
232;357,487213911859;325,333004828872;0,98019801980198;0,99009900990099
233;360,543656389805;320,937642849751;0,98019801980198;0,99009900990099
234;357,863076662836;225,827146978985;0,98019801980198;1
235;359,724680030536;284,730746970333;0,98019801980198;1
236;355,701114257045;461,068648673956;0,98019801980198;0,99009900990099
237;356,919839957478;237,652136616;0,98019801980198;1
238;360,444811475099;284,699262057663;0,98019801980198;0,99009900990099
239;358,026332080152;289,759173069519;0,98019801980198;1
240;354,252187572491;202,153555475083;0,98019801980198;1
241;354,966373723718;295,507710197332;0,98019801980198;0,99009900990099
242;358,957752661753;309,83268213371;0,98019801980198;0,99009900990099
243;357,126847384092;243,247957408672;0,98019801980198;1
244;355,205049421524;322,82739686059;0,98019801980198;1
245;358,047531107398;561,709723687587;0,98019801980198;1
246;359,304675208852;391,801962306106;0,98019801980198;1
247;353,842645516477;247,314262685684;0,98019801980198;1
248;353,662561543188;204,222101072229;0,98019801980198;0,99009900990099
249;356,622364568398;194,431091186777;0,98019801980198;1
250;353,7741942606;341,481928069447;0,98019801980198;1
251;357,38024410074;209,498900489971;0,98019801980198;0,99009900990099
252;358,940513283964;517,394435999421;0,98019801980198;1
253;359,442265505963;202,312364329347;0,98019801980198;1
254;359,350825625543;218,596942755014;0,98019801980198;0,99009900990099
255;358,482023863504;219,696034083915;0,98019801980198;0,99009900990099
256;363,562757858083;633,829843864883;0,98019801980198;0,99009900990099
257;357,186566257012;215,015695208623;0,98019801980198;1
258;358,358188549993;261,753324457066;0,98019801980198;0,99009900990099
259;366,899003929969;694,964521354672;0,98019801980198;0,99009900990099
260;365,474641405047;322,132494919925;0,98019801980198;1
261;358,431735677558;459,003278055416;0,98019801980198;1
262;354,929444002048;216,868290429479;0,98019801980198;0,99009900990099
263;358,350603593123;248,874693900003;0,98019801980198;1
264;361,336704359426;313,343845249635;0,98019801980198;0,99009900990099
265;356,243379100217;171,688572298274;0,98019801980198;0,99009900990099
266;360,27585838351;373,427478668841;0,98019801980198;1
267;364,561933433129;469,528993243078;0,98019801980198;1
268;354,93699887732;130,837345605159;0,98019801980198;1
269;357,040614640366;449,816326895659;0,98019801980198;1
270;360,339918075863;314,884530022908;0,98019801980198;1
271;362,32570226019;408,652468097851;0,98019801980198;0,99009900990099
272;355,824862776487;158,827893350712;0,98019801980198;1
273;365,470166226788;600,23473175806;0,98019801980198;0,99009900990099
274;356,785737575553;367,58735937935;0,98019801980198;0,99009900990099
275;360,52383133358;219,18901289931;0,98019801980198;1
276;360,622475813472;273,926656215345;0,98019801980198;1
277;352;97,6162530181863;0,237623762376238;0,247524752475248
278;354,830562703566;294,096662855438;0,98019801980198;0,99009900990099
279;359,855262513858;224,5064307476;0,98019801980198;1
280;357,357368604768;399,850944123085;0,98019801980198;1
281;360,123634716225;525,344869489232;0,98019801980198;0,99009900990099
282;359,202643614706;497,476848699623;0,98019801980198;0,99009900990099
283;355,441729559705;237,47407022662;0,98019801980198;1
284;361,87949129025;257,106733126973;0,98019801980198;0,99009900990099
285;358,688569739526;454,30675087774;0,98019801980198;0,99009900990099
286;357,666146487592;372,903657666316;0,98019801980198;1
287;368,422591997852;633,569941287526;0,98019801980198;0,99009900990099
288;352;96,5185079953754;0,237623762376238;0,247524752475248
289;358,241664405206;168,575678636792;0,98019801980198;0,99009900990099
290;360,92900078987;306,16373366466;0,98019801980198;1
291;359,875219600295;344,00606724457;0,98019801980198;0,99009900990099
292;356,801268732963;418,031209270092;0,98019801980198;1
293;356,599698628765;214,565287149221;0,98019801980198;1
294;362,624423052122;375,375005519964;0,98019801980198;0,99009900990099
295;356,758638774177;156,881946514241;0,98019801980198;1
296;367,278938683006;561,264633734671;0,98019801980198;1
297;359,867874915564;610,722531899787;0,98019801980198;1
298;354,748951993295;309,485206324784;0,98019801980198;0,99009900990099
299;357,186087790087;350,584566952374;0,98019801980198;1
300;363,211391142759;592,606999294464;0,98019801980198;0,99009900990099
301;363,156184585486;451,673412665025;0,98019801980198;1
302;360,020315081464;432,879803983082;0,98019801980198;1
303;359,398241273649;263,455396628108;0,98019801980198;0,99009900990099
304;356,696164125997;224,013281219809;0,98019801980198;0,99009900990099
305;364,218837583135;572,584588965718;0,98019801980198;1
306;355,350911979272;254,407369988856;0,98019801980198;0,99009900990099
307;357,820724620762;389,095101065063;0,98019801980198;0,99009900990099
308;358,529976751335;323,425537432105;0,98019801980198;0,99009900990099
309;360,153778628649;198,130958691151;0,98019801980198;0,99009900990099
310;352;109,536858875403;0,237623762376238;0,257425742574257
311;361,115281741331;536,54737478097;0,98019801980198;1
312;352;144,804699497587;0,346534653465347;0,356435643564356
313;355,647559062057;152,006669375227;0,98019801980198;1
314;363,999935251054;477,038109256107;0,98019801980198;1
315;357,564929623779;206,285959407828;0,98019801980198;1
316;353,412818998592;349,823418594843;0,98019801980198;0,99009900990099
317;362,333340552635;407,032295260656;0,98019801980198;1
318;357,429779960984;187,664458281822;0,98019801980198;0,99009900990099
319;361,385842125525;548,644560642945;0,98019801980198;0,99009900990099
320;362,722784832102;308,811545289016;0,98019801980198;0,99009900990099
321;360,394629476988;413,499126026303;0,98019801980198;1
322;355,387206746297;195,352740083981;0,98019801980198;0,99009900990099
323;360,435534654888;298,076402718437;0,98019801980198;0,99009900990099
324;359,514801765181;302,509058342931;0,98019801980198;1
325;366,471398061878;374,972121705405;0,98019801980198;0,99009900990099
326;365,043375594885;525,537429862433;0,98019801980198;0,99009900990099
327;361,603854820461;234,935395333907;0,98019801980198;0,99009900990099
328;358,216600274208;319,025079468742;0,98019801980198;1
329;363,029335840568;285,952777569434;0,98019801980198;0,99009900990099
330;357,16143644414;401,107507639224;0,98019801980198;0,99009900990099
331;362,642426619806;472,566916438295;0,98019801980198;0,99009900990099
332;355,152884398349;216,450167865755;0,98019801980198;0,99009900990099
333;354,551153851188;267,142309084087;0,98019801980198;1
334;355,917509867361;254,966557268906;0,98019801980198;1
335;360,162105607191;288,626532547528;0,98019801980198;0,99009900990099
336;357,837234615276;272,666281109176;0,98019801980198;1
337;357,767646215199;304,033489075101;0,98019801980198;0,99009900990099
338;359,412042278778;362,842844341097;0,98019801980198;0,99009900990099
339;358,783512498132;327,828002245218;0,98019801980198;1
340;359,033563822197;387,157375018512;0,98019801980198;0,99009900990099
341;357,575210304241;314,427868206302;0,98019801980198;0,99009900990099
342;358,214428297203;266,871939985119;0,98019801980198;1
343;361,354358853159;340,238141437776;0,98019801980198;0,99009900990099
344;364,598403626758;585,054650245736;0,98019801980198;1
345;357,529641277352;174,635738516649;0,98019801980198;1
346;361,898971608224;422,129656939294;0,98019801980198;0,99009900990099
347;363,772785328441;379,269971252811;0,98019801980198;0,99009900990099
348;354,459632262978;193,91120116445;0,98019801980198;0,99009900990099
349;358,105011277267;300,843156023326;0,98019801980198;1
350;356,400813761595;188,318978179948;0,98019801980198;0,99009900990099
351;363,482613620933;482,325224439379;0,98019801980198;0,99009900990099
352;356,081583429115;309,196042322338;0,98019801980198;1
353;361,765579290418;512,413991629692;0,98019801980198;0,99009900990099
354;355,329904588591;125,058138184105;0,98019801980198;0,99009900990099
355;352;92,6803229362476;0,237623762376238;0,257425742574257
356;359,49681027572;214,389014901847;0,98019801980198;1
357;356,085944030148;170,245216159421;0,98019801980198;1
358;357,652304247593;277,923933306237;0,98019801980198;0,99009900990099
359;362,192064748509;527,513747319285;0,98019801980198;1
360;364,096999266208;368,771857674065;0,98019801980198;1
361;357,195745603367;180,032878091257;0,98019801980198;0,99009900990099
362;354,020329660156;219,626642516241;0,98019801980198;0,99009900990099
363;365,315613437416;586,604861647693;0,98019801980198;0,99009900990099
364;352;88,3478427457635;0,237623762376238;0,257425742574257
365;365,695307016152;652,809465770105;0,98019801980198;1
366;357,403502725229;199,268097216691;0,98019801980198;0,99009900990099
367;356,673596693957;202,609517164103;0,98019801980198;1
368;355,170208420663;164,648468803534;0,98019801980198;1
369;356,163484964945;156,465021388108;0,98019801980198;1
370;356,54421257974;264,111672799555;0,98019801980198;0,99009900990099
371;356,688785960634;265,862884675597;0,98019801980198;0,99009900990099
372;362,100655018145;291,362944172007;0,98019801980198;1
373;358,522289743528;452,158587103667;0,98019801980198;0,99009900990099
374;359,829057817392;274,356413109166;0,98019801980198;1
375;358,408646395371;430,517128558124;0,98019801980198;0,99009900990099
376;355,24382187723;268,577229268824;0,98019801980198;1
377;355,354568998628;208,652900312511;0,98019801980198;0,99009900990099
378;358,836400201835;382,885485019035;0,98019801980198;0,99009900990099
379;358,626952748557;159,277639758816;0,98019801980198;0,99009900990099
380;359,033229610267;349,608218820213;0,98019801980198;1
381;355,448194197098;246,075419472202;0,98019801980198;1
382;358,859234269233;322,159265528217;0,98019801980198;1
383;355,697091137414;305,193032929325;0,98019801980198;1
384;359,852938281921;265,164823919393;0,98019801980198;1
385;355,901844270705;227,053705433268;0,98019801980198;0,99009900990099
386;362,154591219207;503,546990996945;0,98019801980198;0,99009900990099
387;352;129,940658324578;0,346534653465347;0,356435643564356
388;357,00048137269;370,035602001564;0,98019801980198;0,99009900990099
389;362,437260139451;469,664106772576;0,98019801980198;0,99009900990099
390;358,015922119282;243,648548725275;0,98019801980198;1
391;360,22510953331;272,757206470941;0,98019801980198;0,99009900990099
392;356,610859053955;177,341106572242;0,98019801980198;1
393;359,953453127613;283,759124646287;0,98019801980198;0,99009900990099
394;355,367561025236;210,627021759116;0,98019801980198;1
395;361,307783258885;258,173501978614;0,98019801980198;1
396;352;118,702314232078;0,346534653465347;0,366336633663366
397;359,856021448601;399,811193349824;0,98019801980198;1
398;355,12865458674;187,389689617968;0,98019801980198;1
399;357,196691959711;305,921472584037;0,98019801980198;1
400;362,208015176357;414,01573607749;0,98019801980198;0,99009900990099
401;362,291633026254;458,150637316882;0,98019801980198;0,99009900990099
402;360,77445353878;468,855299523923;0,98019801980198;1
403;362,887379709793;392,830897295309;0,98019801980198;1
404;356,273742471822;269,485322239871;0,98019801980198;1
405;356,362862921877;236,708935977933;0,98019801980198;0,99009900990099
406;356,152999634368;285,486729348306;0,98019801980198;0,99009900990099
407;355,72704623886;457,192349769904;0,98019801980198;1
408;360,114465842997;453,700799264553;0,98019801980198;0,99009900990099
409;356,123345091021;242,085497192419;0,98019801980198;0,99009900990099
410;358,583604059335;333,043653626271;0,98019801980198;0,99009900990099
411;356,037441015966;199,106569764453;0,98019801980198;1
412;356,856942505894;246,135582582256;0,98019801980198;0,99009900990099
413;356,520113413179;199,625770375288;0,98019801980198;0,99009900990099
414;360,052241047689;498,665766665634;0,98019801980198;1
415;355,572371514311;142,651637767297;0,98019801980198;1
416;363,216851641154;634,935130814568;0,98019801980198;0,99009900990099
417;357,566078387187;406,506705110625;0,98019801980198;0,99009900990099
418;352;132,743476862833;0,346534653465347;0,366336633663366
419;359,380045118695;167,439329215696;0,98019801980198;1
420;358,869199492834;428,920375872605;0,98019801980198;1
421;355,492718892431;161,058626454302;0,98019801980198;1
422;356,9723882276;292,331976468281;0,98019801980198;0,99009900990099
423;357,910174552277;264,112441810159;0,98019801980198;1
424;357,400174761526;241,395376692101;0,98019801980198;0,99009900990099
425;357,358947737262;215,919246612645;0,98019801980198;1
426;359,313429595089;166,718596214228;0,98019801980198;1
427;356,467483378375;306,21001356775;0,98019801980198;0,99009900990099
428;357,941791682765;305,288943743927;0,98019801980198;0,99009900990099
429;359,774984542937;215,419037836957;0,98019801980198;1
430;362,126363317981;447,597208452465;0,98019801980198;1
431;356,71552841468;202,107421398339;0,98019801980198;0,99009900990099
432;362,914914183196;376,262086763516;0,98019801980198;1
433;365,022852683799;571,161902499903;0,98019801980198;1
434;357,751867464438;265,394872653547;0,98019801980198;1
435;357,621172052518;303,191876783266;0,98019801980198;1
436;358,693387060892;448,277131342593;0,98019801980198;1
437;356,390574450469;293,685246815131;0,98019801980198;0,99009900990099
438;358,340419505609;198,148013910452;0,98019801980198;1
439;356,584214719768;228,772391058911;0,98019801980198;0,99009900990099
440;362,335263798873;220,084652543235;0,98019801980198;0,99009900990099
441;357,893858675167;238,387720726715;0,98019801980198;1
442;366,622475218067;801,289141910958;0,98019801980198;1
443;358,778482299064;220,390933639466;0,98019801980198;1
444;353,709360795814;147,66708504027;0,98019801980198;1
445;355,902702207929;234,201598193811;0,98019801980198;1
446;364,461548993586;487,34693456372;0,98019801980198;1
447;362,619599330871;427,037321767212;0,98019801980198;1
448;361,744587435325;625,526224643916;0,98019801980198;1
449;354,417679449588;287,202035502014;0,98019801980198;0,99009900990099
450;359,078673451972;276,110447272825;0,98019801980198;1
451;356,941196920471;234,269202749755;0,98019801980198;0,99009900990099
452;355,866780430537;173,961848007098;0,98019801980198;1
453;355,88032927995;142,641419414398;0,98019801980198;1
454;354,957647162928;195,203516985331;0,98019801980198;0,99009900990099
455;355,424470121624;169,185571881752;0,98019801980198;1
456;358,772753060329;144,404435126235;0,98019801980198;1
457;361,407955892407;234,327576722633;0,98019801980198;0,99009900990099
458;358,500128543704;237,639453234047;0,98019801980198;0,99009900990099
459;354,997184068974;231,926715797783;0,98019801980198;1
460;357,846330078686;276,291758721674;0,98019801980198;0,99009900990099
461;357,050113870597;367,161608008242;0,98019801980198;0,99009900990099
462;354,994389653279;514,382289213834;0,98019801980198;0,99009900990099
463;356,651225523568;177,222634957654;0,98019801980198;0,99009900990099
464;356,428995379219;188,135257148941;0,98019801980198;1
465;364,075254427846;297,810435748087;0,98019801980198;1
466;357,810768866783;226,5766079673;0,98019801980198;1
467;361,197425046067;311,422144318617;0,98019801980198;0,99009900990099
468;358,193424921957;414,025202711381;0,98019801980198;0,99009900990099
469;356,490789247267;172,731203580304;0,98019801980198;1
470;360,773235943925;374,440389877751;0,98019801980198;1
471;354,319487588377;192,744676183273;0,98019801980198;1
472;358,209313252636;267,147651675204;0,98019801980198;0,99009900990099
473;356,79429756734;140,884123358587;0,98019801980198;1
474;358,009550304488;175,689480574174;0,98019801980198;1
475;365,363359622298;738,811947494547;0,98019801980198;1
476;358,653489689986;218,508981883732;0,98019801980198;1
477;356,426877749196;385,616742863587;0,98019801980198;0,99009900990099
478;358,882398106325;376,727314629943;0,98019801980198;0,99009900990099
479;354,728786850636;273,455255322455;0,98019801980198;1
480;355,526771600868;340,421744209226;0,98019801980198;0,99009900990099
481;356,343427386197;197,278722119459;0,98019801980198;1
482;358,473331906127;325,827247718238;0,98019801980198;1
483;357,07756224939;165,024674064609;0,98019801980198;0,99009900990099
484;355,25617635894;275,542282430255;0,98019801980198;1
485;358,568371318825;196,674471149845;0,98019801980198;1
486;363,365369399903;400,40831733931;0,98019801980198;1
487;362,317989347149;440,772987755479;0,98019801980198;1
488;356,973403562436;163,489869457315;0,98019801980198;1
489;356,716411785496;208,101885960543;0,98019801980198;1
490;359,419606562369;283,86300192842;0,98019801980198;0,99009900990099
491;357,05136846174;192,110661676058;0,98019801980198;1
492;364,236505090855;544,725711199152;0,98019801980198;1
493;354,45020105699;207,304053441341;0,98019801980198;1
494;357,444059128232;152,284059719518;0,98019801980198;1
495;356,906227201831;312,168089402295;0,98019801980198;0,99009900990099
496;355,473185905051;205,853726573508;0,98019801980198;0,99009900990099
497;355,553641365154;140,179660455311;0,98019801980198;0,99009900990099
498;359,198935473734;271,036775624547;0,98019801980198;1
499;353,746261928987;184,997304464734;0,98019801980198;0,99009900990099
500;356,539004776035;178,33303186148;0,98019801980198;1
501;356,716133277967;182,131341194946;0,98019801980198;1
502;366,181584951697;444,29507427735;0,98019801980198;0,99009900990099
503;358,752205604365;226,044155852657;0,98019801980198;1
504;352;119,181892261005;0,237623762376238;0,257425742574257
505;365,421379302786;818,722072842986;0,98019801980198;0,99009900990099
506;359,578525001401;304,396371042393;0,98019801980198;0,99009900990099
507;358,00433885521;334,593857303495;0,98019801980198;0,99009900990099
508;356,377090794678;300,23884903807;0,98019801980198;1
509;358,361156557504;407,27370286195;0,98019801980198;1
510;364,250955550036;601,518750897731;0,98019801980198;1
511;360,883837304841;386,765469532099;0,98019801980198;0,99009900990099
512;355,705717478526;241,312517679635;0,98019801980198;1
513;359,093194997245;315,774671017316;0,98019801980198;0,99009900990099
514;366,362372517742;366,91490392438;0,98019801980198;1
515;359,751956606463;164,271765617443;0,98019801980198;0,99009900990099
516;355,125374240777;180,773536465058;0,98019801980198;0,99009900990099
517;354,516106624547;174,812696799902;0,98019801980198;0,99009900990099
518;359,390917251319;230,667425009252;0,98019801980198;1
519;352;100,571243800555;0,237623762376238;0,257425742574257
520;358,702317481935;249,510041941153;0,98019801980198;0,99009900990099
521;356,345104077711;382,409880896365;0,98019801980198;0,99009900990099
522;358,251782334817;283,390916317793;0,98019801980198;1
523;356,983826837457;176,828937368512;0,98019801980198;1
524;365,665474072162;385,675502320093;0,98019801980198;1
525;356,85307073622;222,860009415777;0,98019801980198;0,99009900990099
526;358,232411533567;260,944149237072;0,98019801980198;0,99009900990099
527;355,585046270808;290,289077954546;0,98019801980198;1
528;357,968071656057;178,416810735498;0,98019801980198;0,99009900990099
529;356,283576736723;328,55852500286;0,98019801980198;0,99009900990099
530;354,473506737537;136,17931101713;0,98019801980198;1
531;356,392150384311;208,185927643881;0,98019801980198;0,99009900990099
532;364,096127681703;456,149291123096;0,98019801980198;0,99009900990099
533;355,522215046245;205,215144420111;0,98019801980198;1
534;360,446848996867;336,287363151816;0,98019801980198;1
535;359,574308950296;290,226000354741;0,98019801980198;0,99009900990099
536;358,573916424554;164,864401018639;0,98019801980198;0,99009900990099
537;355,476322060875;111,895723348174;0,98019801980198;0,99009900990099
538;357,255166694095;294,40646037485;0,98019801980198;1
539;362,143145972751;254,08222878935;0,98019801980198;0,99009900990099
540;357,012125641227;222,983129368887;0,98019801980198;0,99009900990099
541;357,6418643048;386,882571446537;0,98019801980198;1
542;361,266368817771;567,729955847382;0,98019801980198;1
543;354,450643659336;172,202396344936;0,98019801980198;1
544;360,931401450313;357,132967906011;0,98019801980198;1
545;354,746900041091;202,642581189474;0,98019801980198;1
546;363,7329050692;286,095393228992;0,98019801980198;1
547;354,693533996447;158,398209498183;0,98019801980198;1
548;360,341163151424;271,459487446748;0,98019801980198;0,99009900990099
549;361,394459033024;372,091941165384;0,98019801980198;0,99009900990099
550;359,794314031919;184,204653431932;0,98019801980198;0,99009900990099
551;359,944579189276;312,160072988561;0,98019801980198;0,99009900990099
552;354,967509150863;150,633163853399;0,98019801980198;1
553;357,844527487513;262,183504012558;0,98019801980198;0,99009900990099
554;355,553603548645;198,926405324777;0,98019801980198;0,99009900990099
555;359,821944903786;413,934601198651;0,98019801980198;1
556;359,051358844198;312,30664401328;0,98019801980198;0,99009900990099
557;354,299579461856;306,856520451281;0,98019801980198;1
558;356,02453686861;248,792849063857;0,98019801980198;0,99009900990099
559;359,730607446014;374,293816507044;0,98019801980198;1
560;355,43384934228;140,350756353973;0,98019801980198;0,99009900990099
561;355,935903896107;198,440598362717;0,98019801980198;0,99009900990099
562;363,181549893141;265,689516772618;0,98019801980198;1
563;357,760338193036;270,383263430854;0,98019801980198;0,99009900990099
564;360,583775615795;342,940122293909;0,98019801980198;1
565;352;134,714370840072;0,346534653465347;0,366336633663366
566;357,345144837619;281,640736655473;0,98019801980198;0,99009900990099
567;356,488760318671;156,00069802755;0,98019801980198;1
568;353,536459773776;241,851470677635;0,98019801980198;0,99009900990099
569;358,220352849248;215,375143003137;0,98019801980198;1
570;360,080626508013;337,289615305504;0,98019801980198;1
571;361,489215703085;301,242080085943;0,98019801980198;1
572;360,766892241162;527,550264165964;0,98019801980198;1
573;357,256056937124;247,005189619562;0,98019801980198;0,99009900990099
574;356,970439018044;431,203685123984;0,98019801980198;1
575;362,151733073139;263,432039521851;0,98019801980198;1
576;359,46384279525;222,075911521696;0,98019801980198;1
577;359,182679033484;331,587111066165;0,98019801980198;0,99009900990099
578;360,812486680974;512,789763475636;0,98019801980198;1
579;359,861271625167;230,000381228011;0,98019801980198;0,99009900990099
580;357,344821482885;213,259985847541;0,98019801980198;1
581;357,23220091054;326,78099279777;0,98019801980198;0,99009900990099
582;354,863767206122;170,37633844654;0,98019801980198;0,99009900990099
583;358,236435060009;170,190842840391;0,98019801980198;0,99009900990099
584;357,098144326392;228,191730835786;0,98019801980198;0,99009900990099
585;358,683971987732;254,923381431644;0,98019801980198;1
586;359,081697239786;348,038872092315;0,98019801980198;0,99009900990099
587;358,52699015566;191,224447011752;0,98019801980198;1
588;358,687054396355;380,844417373593;0,98019801980198;1
589;356,531914239956;402,71526864455;0,98019801980198;1
590;357,975894102263;208,150289866661;0,98019801980198;1
591;362,734913680292;561,869073583603;0,98019801980198;1
592;360,567060018388;500,071231023488;0,98019801980198;1
593;355,222930879973;243,326295827508;0,98019801980198;0,99009900990099
594;356,95465883832;375,34756618155;0,98019801980198;0,99009900990099
595;358,993033693738;213,183499676664;0,98019801980198;1
596;360,446997486719;338,638278168497;0,98019801980198;1
597;360,111067636447;343,915535387;0,98019801980198;0,99009900990099
598;359,865378751112;218,043011304921;0,98019801980198;0,99009900990099
599;357,829682621682;250,346249695297;0,98019801980198;1
600;358,677651764243;333,040358398691;0,98019801980198;0,99009900990099
601;359,535500930128;412,469623199066;0,98019801980198;1
602;355,617367240262;255,073574889973;0,98019801980198;1
603;359,565561868261;182,477600002702;0,98019801980198;0,99009900990099
604;357,554285837714;199,439749831093;0,98019801980198;0,99009900990099
605;359,137141844312;292,644817319568;0,98019801980198;1
606;356,762186833931;337,914398556047;0,98019801980198;0,99009900990099
607;356,214114823084;147,32770739835;0,98019801980198;0,99009900990099
608;357,82875326843;227,115959203993;0,98019801980198;1
609;354,156544770847;393,886761343188;0,98019801980198;1
610;358,00735588197;238,104093340698;0,98019801980198;0,99009900990099
611;361,694179540639;431,108783920843;0,98019801980198;1
612;355,169967946854;199,359469863706;0,98019801980198;0,99009900990099
613;358,576003302606;155,059225752665;0,98019801980198;0,99009900990099
614;356,198671187555;339,602764472521;0,98019801980198;0,99009900990099
615;354,560029866293;424,970493753385;0,98019801980198;0,99009900990099
616;358,641035112058;202,034779185297;0,98019801980198;1
617;355,031771197789;128,652392748856;0,98019801980198;0,99009900990099
618;362,032345499271;258,784236695595;0,98019801980198;1
619;354,497334021171;204,701976216507;0,98019801980198;1
620;357,568860519643;434,923023973271;0,98019801980198;1
621;360,314050318596;232,195871882823;0,98019801980198;1
622;352;107,572301760464;0,237623762376238;0,257425742574257
623;357,447821619259;401,733654106599;0,98019801980198;0,99009900990099
624;357,361735019646;168,400839357743;0,98019801980198;1
625;361,896925116017;551,849009025306;0,98019801980198;0,99009900990099
626;355,917969713756;172,829201956313;0,98019801980198;1
627;354,705124480227;188,166894731165;0,98019801980198;0,99009900990099
628;364,1649706109;438,737253723444;0,98019801980198;0,99009900990099
629;359,226561851255;472,77286948031;0,98019801980198;1
630;356,555147691699;224,7852455839;0,98019801980198;1
631;357,812041879347;241,389511242588;0,98019801980198;1
632;361,549388012059;374,886283415841;0,98019801980198;0,99009900990099
633;356,390478456408;225,839632926652;0,98019801980198;0,99009900990099
634;355,831299732609;239,40509285169;0,98019801980198;1
635;355,982873977403;214,404497487283;0,98019801980198;1
636;357,6375934636;186,109896657234;0,98019801980198;1
637;357,755388685216;284,085347818083;0,98019801980198;0,99009900990099
638;356,151713302602;189,878722259216;0,98019801980198;0,99009900990099
639;358,037674386859;318,397924140591;0,98019801980198;0,99009900990099
640;366,482866897268;450,603987573994;0,98019801980198;0,99009900990099
641;356,483142844654;202,238000146896;0,98019801980198;0,99009900990099
642;358,910212342739;220,599541469369;0,98019801980198;1
643;358,880582254097;314,875429694888;0,98019801980198;0,99009900990099
644;352,643796257375;186,171345744646;0,98019801980198;1
645;359,337472719456;372,213494541851;0,98019801980198;1
646;359,425727277442;223,592458041111;0,98019801980198;0,99009900990099
647;361,365162658282;368,685315938625;0,98019801980198;1
648;356,56014454299;175,217011466472;0,98019801980198;1
649;354,428789271854;273,78086011202;0,98019801980198;1
650;367,832495160418;610,758931208549;0,98019801980198;1
651;358,600210780237;333,219525391064;0,98019801980198;0,99009900990099
652;361,179678117567;348,456147294883;0,98019801980198;1
653;359,704867236439;479,68237984646;0,98019801980198;1
654;361,096715236686;472,209363387967;0,98019801980198;1
655;354,852702408371;247,450530359251;0,98019801980198;0,99009900990099
656;357,634336460417;236,323804030733;0,98019801980198;1
657;353,974655091421;209,204023476241;0,98019801980198;0,99009900990099
658;360,879742442513;251,290739467315;0,98019801980198;1
659;358,049675005946;192,58918861124;0,98019801980198;1
660;355,172757827686;175,207645453965;0,98019801980198;1
661;357,442912974812;193,014084670164;0,98019801980198;1
662;356,997376654752;246,393647690051;0,98019801980198;1
663;359,695770405524;287,757536850839;0,98019801980198;1
664;362,085846034948;545,603328099818;0,98019801980198;1
665;365,605688197761;341,378026587068;0,98019801980198;1
666;359,501670322336;517,516187132993;0,98019801980198;1
667;359,859095247576;357,872172166057;0,98019801980198;0,99009900990099
668;365,964257823121;404,993977765271;0,98019801980198;0,99009900990099
669;361,304923443331;515,047888078576;0,98019801980198;0,99009900990099
670;356,474434549936;136,640587528141;0,98019801980198;1
671;353,768607833404;266,426543606154;0,98019801980198;0,99009900990099
672;353,844975449177;226,715023310897;0,98019801980198;1
673;357,406008245632;223,450990724211;0,98019801980198;1
674;357,520114026397;267,419280770163;0,98019801980198;1
675;358,363703376048;406,523418466057;0,98019801980198;1
676;358,571068221878;258,948705964996;0,98019801980198;0,99009900990099
677;357,852100131546;278,200402063689;0,98019801980198;0,99009900990099
678;356,5854325684;229,536862897392;0,98019801980198;1
679;363,289753082628;549,460175988077;0,98019801980198;0,99009900990099
680;362,628384287028;445,730880021241;0,98019801980198;1
681;354,926758830773;231,206976588816;0,98019801980198;1
682;354,18855192566;185,621069227267;0,98019801980198;1
683;355,667337701102;353,144386658487;0,98019801980198;1
684;360,21893791115;236,917665525957;0,98019801980198;1
685;354,602029743848;304,25271433304;0,98019801980198;1
686;354,289538645024;161,296509150279;0,98019801980198;1
687;358,609647989969;257,515015428199;0,98019801980198;0,99009900990099
688;359,054760529525;180,69403461169;0,98019801980198;0,99009900990099
689;358,85880686132;237,482666714932;0,98019801980198;0,99009900990099
690;356,278851068141;306,62745021389;0,98019801980198;0,99009900990099
691;359,667014525421;288,622931447914;0,98019801980198;1
692;358,217914093625;305,131054402765;0,98019801980198;1
693;355,566153759458;162,388951676817;0,98019801980198;1
694;359,57914485588;342,104898181467;0,98019801980198;1
695;354,277966028251;204,886202350972;0,98019801980198;0,99009900990099
696;355,745105404862;346,803021198564;0,98019801980198;0,99009900990099
697;364,1890506852;490,28667745822;0,98019801980198;0,99009900990099
698;352;98,5797981564725;0,237623762376238;0,247524752475248
699;355,943854335683;266,107492984903;0,98019801980198;1
700;357,44770716856;261,195931944535;0,98019801980198;0,99009900990099
701;354,580016515541;251,851642681088;0,98019801980198;1
702;360,37999159945;353,696477329896;0,98019801980198;0,99009900990099
703;356,505903081283;179,773031108144;0,98019801980198;0,99009900990099
704;355,848092990192;181,09950578799;0,98019801980198;1
705;354,558142422532;240,452382230648;0,98019801980198;1
706;359,615449920064;410,666212347779;0,98019801980198;1
707;361,805326462584;415,851234241998;0,98019801980198;0,99009900990099
708;355,909701661963;134,538599291617;0,98019801980198;1
709;357,506151304685;272,795280501814;0,98019801980198;0,99009900990099
710;356,138187108462;258,641462124273;0,98019801980198;0,99009900990099
711;358,182344514211;346,462506014573;0,98019801980198;1
712;357,808446972549;261,562595083955;0,98019801980198;0,99009900990099
713;361,571039166343;298,712986145032;0,98019801980198;0,99009900990099
714;360,865566964562;399,082997704364;0,98019801980198;1
715;357,358976491039;289,186049168492;0,98019801980198;0,99009900990099
716;355,218029429903;140,23078954961;0,98019801980198;0,99009900990099
717;360,762726608639;224,851936154311;0,98019801980198;0,99009900990099
718;357,201329849028;370,732987083601;0,98019801980198;1
719;355,390556677676;212,761903785056;0,98019801980198;1
720;355,170531430437;310,608519704936;0,98019801980198;1
721;357,152804248556;429,609531511853;0,98019801980198;0,99009900990099
722;362,539624301633;284,019959008263;0,98019801980198;1
723;358,146782146598;268,287038383891;0,98019801980198;0,99009900990099
724;352;89,4003433221348;0,237623762376238;0,257425742574257
725;359,630797758168;312,698706105753;0,98019801980198;0,99009900990099
726;356,720184575956;335,498784147872;0,98019801980198;1
727;359,525283323365;359,087293645568;0,98019801980198;1
728;354,39170268208;157,747724283802;0,98019801980198;1
729;357,302216135522;223,81748506835;0,98019801980198;0,99009900990099
730;358,697065007022;288,091747238588;0,98019801980198;1
731;363,003808020949;397,309507653988;0,98019801980198;1
732;354,626971622496;188,980702965998;0,98019801980198;1
733;353,499560024108;274,009107399916;0,98019801980198;0,99009900990099
734;357,017458414966;156,544929901055;0,98019801980198;1
735;358,019160114555;291,982943013504;0,98019801980198;1
736;352;103,797025800882;0,237623762376238;0,257425742574257
737;361,960491367448;605,201167870912;0,98019801980198;1
738;357,693088827319;192,929479497362;0,98019801980198;1
739;358,143858988412;350,438338958017;0,98019801980198;1
740;358,508709772548;254,814365304671;0,98019801980198;1
741;359,941146790741;535,414909725097;0,98019801980198;0,99009900990099
742;356,409405731262;167,523594667857;0,98019801980198;1
743;358,302071707933;223,832299876849;0,98019801980198;0,99009900990099
744;352;99,9985708710222;0,237623762376238;0,247524752475248
745;358,805116407164;241,172792688361;0,98019801980198;0,99009900990099
746;359,122725948461;516,904625298633;0,98019801980198;0,99009900990099
747;361,173612348357;289,153573344236;0,98019801980198;0,99009900990099
748;356,066953661138;199,542605009095;0,98019801980198;0,99009900990099
749;362,068942393602;338,143990216346;0,98019801980198;1
750;359,893651065844;432,326973117263;0,98019801980198;0,99009900990099
751;363,83395105554;516,25985665758;0,98019801980198;0,99009900990099
752;362,967899585943;580,700504279969;0,98019801980198;1
753;363,281588132655;595,272912777141;0,98019801980198;0,99009900990099
754;362,155273498906;249,959135401902;0,98019801980198;1
755;353,73230123532;147,371832916516;0,98019801980198;1
756;355,319672604399;221,341823712457;0,98019801980198;1
757;362,537373591126;269,598348164188;0,98019801980198;1
758;354,987710497579;213,532243199532;0,98019801980198;0,99009900990099
759;364,012559924294;520,748027095787;0,98019801980198;0,99009900990099
760;359,024609900705;249,195150593229;0,98019801980198;0,99009900990099
761;356,088493235936;251,553805554476;0,98019801980198;0,99009900990099
762;359,33465284158;317,904903617822;0,98019801980198;1
763;358,881844903157;200,479550379432;0,98019801980198;1
764;362,164387047828;292,930565484577;0,98019801980198;0,99009900990099
765;358,972893799951;197,831090655266;0,98019801980198;0,99009900990099
766;356,570997768731;234,206620997933;0,98019801980198;0,99009900990099
767;352;129,141681550517;0,346534653465347;0,366336633663366
768;357,961493475125;227,518122163074;0,98019801980198;1
769;356,696412234768;251,447393528667;0,98019801980198;0,99009900990099
770;357,102118117317;356,377192401423;0,98019801980198;0,99009900990099
771;362,33797496302;582,672123809808;0,98019801980198;0,99009900990099
772;367,7882772584;704,557047698359;0,98019801980198;1
773;356,787524133185;185,8483397786;0,98019801980198;0,99009900990099
774;355,93484806607;244,048884852615;0,98019801980198;1
775;360,622458480668;786,501791470572;0,98019801980198;0,99009900990099
776;367,549320312572;810,705317809301;0,98019801980198;1
777;362,575838503644;528,830546458394;0,98019801980198;1
778;357,151449271577;324,393523177004;0,98019801980198;0,99009900990099
779;356,372902233079;245,406033875119;0,98019801980198;0,99009900990099
780;357,634857496242;209,385660015589;0,98019801980198;1
781;362,318724534654;499,486654518002;0,98019801980198;1
782;367,038877069607;754,310903070945;0,98019801980198;1
783;354,593451037582;209,9502464093;0,98019801980198;0,99009900990099
784;357,415643723766;190,371648976052;0,98019801980198;1
785;358,366983098887;296,56363457485;0,98019801980198;0,99009900990099
786;358,26957338631;307,497311032998;0,98019801980198;1
787;362,073969644053;286,260990854816;0,98019801980198;1
788;359,043326194017;404,104273291332;0,98019801980198;0,99009900990099
789;361,720141748793;314,864195964618;0,98019801980198;0,99009900990099
790;355,304819080895;155,653752136365;0,98019801980198;1
791;358,134510309969;199,313948562503;0,98019801980198;1
792;357,2079591485;152,565889418161;0,98019801980198;0,99009900990099
793;354,96701249111;320,23134060631;0,98019801980198;0,99009900990099
794;358,530352458166;205,587856330772;0,98019801980198;1
795;357,608394024478;171,156904404673;0,98019801980198;0,99009900990099
796;358,226422341182;202,160050892391;0,98019801980198;1
797;354,410763028393;255,338125645677;0,98019801980198;0,99009900990099
798;352;104,899115290389;0,237623762376238;0,247524752475248
799;356,554578354381;188,728127134883;0,98019801980198;1
800;359,897678631917;199,358348777599;0,98019801980198;0,99009900990099
801;361,200788774675;257,62543826562;0,98019801980198;0,99009900990099
802;359,645970327734;262,657644835877;0,98019801980198;1
803;365,875471590949;704,961237478211;0,98019801980198;0,99009900990099
804;363,67245688312;527,158147512008;0,98019801980198;0,99009900990099
805;352;118,73241020766;0,346534653465347;0,356435643564356
806;357,00026061098;251,86059026597;0,98019801980198;1
807;355,15612841926;373,311456919675;0,98019801980198;0,99009900990099
808;360,538746581863;266,110112021866;0,98019801980198;1
809;359,527339989847;589,674367172605;0,98019801980198;0,99009900990099
810;364,574954996559;565,766555762952;0,98019801980198;1
811;356,881126865081;154,047919399577;0,98019801980198;0,99009900990099
812;366,132714057958;575,36803606618;0,98019801980198;0,99009900990099
813;355,168274477176;197,729172434929;0,98019801980198;0,99009900990099
814;357,209562064488;229,84800717587;0,98019801980198;1
815;352;93,4154268907097;0,237623762376238;0,257425742574257
816;361,915735142869;430,261831784717;0,98019801980198;0,99009900990099
817;355,951655054125;226,678337107908;0,98019801980198;0,99009900990099
818;358,200905049631;193,538393817466;0,98019801980198;0,99009900990099
819;354,492477120516;264,096031853109;0,98019801980198;0,99009900990099
820;353,97631572663;145,943861221634;0,98019801980198;0,99009900990099
821;357,928372936637;230,361679951682;0,98019801980198;0,99009900990099
822;367,090355145592;391,333227453102;0,98019801980198;0,99009900990099
823;365,84732338681;544,1645689818;0,98019801980198;1
824;352;91,8643845013342;0,237623762376238;0,247524752475248
825;360,705930995972;262,570842450953;0,98019801980198;1
826;352;139,031712252003;0,534653465346535;0,544554455445545
827;357,685617852797;345,123619207966;0,98019801980198;1
828;357,251219341922;208,466825905676;0,98019801980198;1
829;356,610118783487;329,370346046591;0,98019801980198;1
830;363,714358822157;395,060932312782;0,98019801980198;0,99009900990099
831;352;145,060498439841;0,346534653465347;0,356435643564356
832;359,44347168494;396,733457396644;0,98019801980198;0,99009900990099
833;364,691677422947;817,756093673205;0,98019801980198;1
834;361,511773782996;554,330534628123;0,98019801980198;1
835;361,671317954018;542,231071048042;0,98019801980198;1
836;357,329076047446;196,587814625317;0,98019801980198;1
837;361,055242870282;435,671468415447;0,98019801980198;0,99009900990099
838;359,388380630918;401,572383975139;0,98019801980198;0,99009900990099
839;359,835607127333;475,751196879173;0,98019801980198;0,99009900990099
840;360,131417766901;325,326989665937;0,98019801980198;1
841;358,613985466912;529,231830912459;0,98019801980198;0,99009900990099
842;356,206651025883;223,298978787936;0,98019801980198;1
843;352;116,314813547072;0,346534653465347;0,356435643564356
844;359,026418474377;306,045647503734;0,98019801980198;0,99009900990099
845;356,601525495309;170,839371804136;0,98019801980198;0,99009900990099
846;356,548311028894;185,665474306811;0,98019801980198;1
847;353,871544792026;469,977027249619;0,98019801980198;1
848;362,017653162062;331,285364119154;0,98019801980198;1
849;356,895523442215;170,066373894546;0,98019801980198;0,99009900990099
850;360,671759816897;334,974824812056;0,98019801980198;0,99009900990099
851;364,185234582266;542,779976640383;0,98019801980198;0,99009900990099
852;358,69372101249;429,718992064387;0,98019801980198;0,99009900990099
853;356,56788110516;213,088544958837;0,98019801980198;0,99009900990099
854;365,868875928639;662,637138708396;0,98019801980198;1
855;356,408424355;326,350101099581;0,98019801980198;1
856;354,167694539475;174,190474228472;0,98019801980198;0,99009900990099
857;360,075651344793;216,980686009;0,98019801980198;0,99009900990099
858;366,610151288411;693,940261946227;0,98019801980198;0,99009900990099
859;358,377849621517;206,131172554892;0,98019801980198;1
860;359,490836406873;228,421408583996;0,98019801980198;0,99009900990099
861;354,350269138517;314,228486956217;0,98019801980198;0,99009900990099
862;358,357236659771;176,204870285273;0,98019801980198;1
863;352;117,459950494436;0,237623762376238;0,257425742574257
864;355,515030150182;163,624493202927;0,98019801980198;1
865;361,308459870389;386,850225896557;0,98019801980198;0,99009900990099
866;356,463994819273;344,590144954391;0,98019801980198;1
867;357,371958353224;241,929856169091;0,98019801980198;1
868;357,141765162179;193,866018328482;0,98019801980198;1
869;358,595679878271;246,776852211814;0,98019801980198;0,99009900990099
870;361,151219561596;276,674906512719;0,98019801980198;1
871;358,997428516451;277,167837276723;0,98019801980198;0,99009900990099
872;360,22359691176;232,989926297424;0,98019801980198;0,99009900990099
873;355,389433142617;234,797459373248;0,98019801980198;0,99009900990099
874;359,430088918666;280,276119805834;0,98019801980198;0,99009900990099
875;352;115,169738122551;0,346534653465347;0,366336633663366
876;365,082730194753;670,482112799525;0,98019801980198;0,99009900990099
877;361,694081960222;217,484042152341;0,98019801980198;1
878;363,480651619477;341,975078224469;0,98019801980198;0,99009900990099
879;358,501567877595;208,984830650313;0,98019801980198;0,99009900990099
880;355,723470885883;275,380112643047;0,98019801980198;1
881;358,331534597187;220,527137583499;0,98019801980198;0,99009900990099
882;355,867910931048;207,231708953786;0,98019801980198;0,99009900990099
883;363,260243729773;405,323821889525;0,98019801980198;1
884;352;116,329395674189;0,237623762376238;0,247524752475248
885;357,194796281889;293,536145200594;0,98019801980198;0,99009900990099
886;352;105,827224213181;0,346534653465347;0,356435643564356
887;359,234383014004;384,027484798035;0,98019801980198;1
888;361,058066524124;464,575294507345;0,98019801980198;0,99009900990099
889;359,264548609431;289,238455138303;0,98019801980198;0,99009900990099
890;360,414222784184;399,010562398144;0,98019801980198;0,99009900990099
891;354,849423936213;234,252616001763;0,98019801980198;0,99009900990099
892;366,239939217866;541,408079428326;0,98019801980198;0,99009900990099
893;369,442823269064;670,6572730123;0,98019801980198;0,99009900990099
894;356,162639984329;273,170071359005;0,98019801980198;0,99009900990099
895;362,091327129687;267,252848199904;0,98019801980198;0,99009900990099
896;367,199863675069;486,280400970121;0,98019801980198;0,99009900990099
897;354,507986564009;217,612393080229;0,98019801980198;0,99009900990099
898;359,746188460115;453,787176501529;0,98019801980198;0,99009900990099
899;362,757780429076;348,047159252811;0,98019801980198;1
900;358,756714949735;217,88388385043;0,98019801980198;1
901;355,054952894356;228,090715477694;0,98019801980198;1
902;357,189779189145;165,823953403976;0,98019801980198;0,99009900990099
903;353,657905197015;231,125304067935;0,98019801980198;0,99009900990099
904;356,642945818113;367,117250893718;0,98019801980198;1
905;357,076040077182;295,618626611099;0,98019801980198;1
906;354,741191763629;162,282672711377;0,98019801980198;1
907;361,701928204578;338,378401368139;0,98019801980198;1
908;361,598145292458;421,036134390593;0,98019801980198;0,99009900990099
909;363,27354051716;424,686250195981;0,98019801980198;0,99009900990099
910;360,964762044273;253,119491357657;0,98019801980198;0,99009900990099
911;354,423987957516;180,811949692522;0,98019801980198;1
912;366,115342917325;640,688628742507;0,98019801980198;1
913;359,237373863806;265,55309612648;0,98019801980198;1
914;352;96,5162294380432;0,237623762376238;0,247524752475248
915;356,922111236514;264,36590672847;0,98019801980198;0,99009900990099
916;356,856108227619;150,285827285598;0,98019801980198;0,99009900990099
917;354,60525879849;195,018641596766;0,98019801980198;1
918;369,733695983655;704,601041042993;0,98019801980198;1
919;361,075089185493;274,392945118737;0,98019801980198;1
920;355,87698282631;175,528661712169;0,98019801980198;0,99009900990099
921;356,12959296122;212,236829190783;0,98019801980198;0,99009900990099
922;358,874130823474;375,479442757474;0,98019801980198;0,99009900990099
923;359,753633147244;475,767673325317;0,98019801980198;1
924;355,713515584918;194,032530155035;0,98019801980198;0,99009900990099
925;361,117798736734;254,650259456485;0,98019801980198;0,99009900990099
926;357,254919105356;311,976774192281;0,98019801980198;1
927;358,913066592903;404,096684446747;0,98019801980198;1
928;360,725005250454;455,285415510697;0,98019801980198;0,99009900990099
929;356,748289046268;218,79508793673;0,98019801980198;1
930;357,871531855167;169,723812293907;0,98019801980198;1
931;359,052829487113;336,286458135219;0,98019801980198;0,99009900990099
932;354,165172075165;133,752101313009;0,98019801980198;0,99009900990099
933;357,258814514963;285,71178757902;0,98019801980198;0,99009900990099
934;360,773144675034;574,680230076664;0,98019801980198;1
935;357,708056853115;273,338381888139;0,98019801980198;0,99009900990099
936;359,203687877172;427,000906826712;0,98019801980198;1
937;354,662288224931;264,771044230254;0,98019801980198;0,99009900990099
938;356,683767429897;171,023462910948;0,98019801980198;1
939;356,814951285457;319,539619587634;0,98019801980198;0,99009900990099
940;358,514408619713;277,800552963469;0,98019801980198;0,99009900990099
941;359,246303919958;380,322086080317;0,98019801980198;0,99009900990099
942;353,39613071932;211,096823410826;0,98019801980198;1
943;358,252592247164;361,222633573801;0,98019801980198;0,99009900990099
944;356,882151309864;175,951124998151;0,98019801980198;0,99009900990099
945;358,749282249625;301,088908984318;0,98019801980198;1
946;357,460910335655;284,45047706646;0,98019801980198;1
947;356,208447664239;178,801702306194;0,98019801980198;1
948;353,684153095442;161,385547993047;0,98019801980198;1
949;357,694910315723;251,151675366343;0,98019801980198;0,99009900990099
950;354,398254131672;228,634028214325;0,98019801980198;0,99009900990099
951;361,04224673221;404,279877067101;0,98019801980198;0,99009900990099
952;367,089728644565;487,643689597463;0,98019801980198;0,99009900990099
953;354,900116784252;190,91586523592;0,98019801980198;1
954;359,051236765239;201,232682809366;0,98019801980198;1
955;361,443901199865;627,203856355454;0,98019801980198;1
956;356,602412399953;200,636642610765;0,98019801980198;1
957;354,31972348233;416,558501126653;0,98019801980198;0,99009900990099
958;356,985455090182;291,681070480059;0,98019801980198;0,99009900990099
959;360,670795905827;370,199380934843;0,98019801980198;1
960;356,983337452959;183,665014514133;0,98019801980198;1
961;353,644687089451;160,362111651369;0,98019801980198;1
962;358,821492428187;322,672710001825;0,98019801980198;0,99009900990099
963;357,812264167869;345,021306854705;0,98019801980198;0,99009900990099
964;354,579731183643;214,095197085959;0,98019801980198;1
965;361,267372017237;470,347884839272;0,98019801980198;1
966;362,803278483119;304,973731247549;0,98019801980198;1
967;355,729524250506;361,195736722437;0,98019801980198;1
968;362,258567054625;334,636290124319;0,98019801980198;1
969;358,134427105023;158,208208863265;0,98019801980198;0,99009900990099
970;356,393314158479;184,153529514254;0,98019801980198;1
971;369,98460876183;838,263979525257;0,98019801980198;0,99009900990099
972;357,265191858059;203,110380620944;0,98019801980198;1
973;356,815319910145;366,550250985272;0,98019801980198;1
974;357,599391542011;403,498070432055;0,98019801980198;1
975;355,772408110087;198,492572557566;0,98019801980198;0,99009900990099
976;359,502525824885;246,421702067296;0,98019801980198;0,99009900990099
977;358,778365950899;224,23680017413;0,98019801980198;0,99009900990099
978;360,369009898277;378,029640317414;0,98019801980198;0,99009900990099
979;360,006945641246;213,153178162964;0,98019801980198;0,99009900990099
980;361,354135592138;216,135205957417;0,98019801980198;1
981;355,677227455323;209,363442424838;0,98019801980198;0,99009900990099
982;360,751428067181;260,126405177321;0,98019801980198;0,99009900990099
983;357,515288212014;315,493346509127;0,98019801980198;0,99009900990099
984;355,81928624319;155,210908580084;0,98019801980198;0,99009900990099
985;363,497824686336;539,543211167665;0,98019801980198;0,99009900990099
986;361,144969224709;262,883100791212;0,98019801980198;0,99009900990099
987;358,259772938674;240,351877013458;0,98019801980198;0,99009900990099
988;355,106658990756;235,931287703367;0,98019801980198;0,99009900990099
989;357,665596788871;165,337582882644;0,98019801980198;0,99009900990099
990;358,486520341237;189,242801426061;0,98019801980198;1
991;356,579900983735;207,63163892207;0,98019801980198;1
992;359,473002390454;453,970564927061;0,98019801980198;1
993;364,080915371465;416,802901923032;0,98019801980198;0,99009900990099
994;355,903971917892;122,172549324563;0,98019801980198;0,99009900990099
995;357,033116460321;332,058849977966;0,98019801980198;0,99009900990099
996;362,595837036313;444,572736488927;0,98019801980198;1
997;356,102383489731;350,694726610202;0,98019801980198;0,99009900990099
998;356,56535629138;194,382958014432;0,98019801980198;0,99009900990099
999;355,432833213308;311,496696034604;0,98019801980198;1
