0;102,716924467765;18,8191413396783;0,967741935483871;1
1;103,228399000038;30,7900797541755;0,967741935483871;1
2;102,698671073566;11,0796210970086;0,967741935483871;1
3;104,238575153463;41,2645038810188;0,967741935483871;1
4;101,22665722808;9,89486184290105;0,967741935483871;1
5;102,132402361084;10,5582928944561;0,967741935483871;1
6;109,796611510165;39,4276084711557;0,967741935483871;1
7;102,32125525647;6,60056265588456;0,967741935483871;1
8;102,446773965319;21,2045829752417;0,967741935483871;1
9;103,960915825964;30,6192582408362;0,967741935483871;1
10;102,40354558592;19,3305092534551;0,967741935483871;1
11;102,87374502466;22,2561495335369;0,967741935483871;1
12;102,2041877536;16,1509183149417;0,967741935483871;1
13;102,94657317373;22,289493942684;0,967741935483871;1
14;102,061788181141;8,41266298520497;0,967741935483871;1
15;103,732937586302;7,13478819821855;0,967741935483871;1
16;102,5190131057;22,0557086132473;0,967741935483871;1
17;104,249238860557;30,9594422060559;0,967741935483871;1
18;102,183596554244;7,58106946307194;0,967741935483871;1
19;101;13,5569934185484;0,806451612903226;0,838709677419355
20;102,399145364677;14,2222723032679;0,967741935483871;1
21;106,085945960215;46,1200363167912;0,967741935483871;1
22;104,495757208614;31,7833191461173;0,967741935483871;1
23;114,308224347526;126,630785102072;0,967741935483871;1
24;104,73975036293;17,0156386878718;0,967741935483871;1
25;103,138907391915;27,1640902924029;0,967741935483871;1
26;105,943787120052;33,8814246684906;0,967741935483871;1
27;104,559713593698;48,8355504926533;0,967741935483871;1
28;101,679435114687;18,8202187264338;0,967741935483871;1
29;103,707036212787;22,5253202149684;0,967741935483871;1
30;104,418106320568;44,7535166355049;0,967741935483871;1
31;105,677237388961;33,7104110769232;0,967741935483871;1
32;107,664745369591;64,3474702175637;0,967741935483871;1
33;102,455675019464;16,9622015474581;0,967741935483871;1
34;101,621056945478;24,0442843051434;0,967741935483871;1
35;101,480703057124;16,3453755338365;0,967741935483871;1
36;105,067448304409;30,3691074547836;0,967741935483871;1
37;103,472895107071;34,9139384452145;0,967741935483871;1
38;102,453625417571;10,5816276496401;0,967741935483871;1
39;104,203129580242;9,47744587110552;0,967741935483871;1
40;105,110759123703;25,7319155639898;0,967741935483871;1
41;104,379398100188;43,5323218993595;0,967741935483871;1
42;102,099450579629;26,4278291974686;0,967741935483871;1
43;101,4786540329;15,7697723168023;0,967741935483871;1
44;100,385909066525;7,95666965997941;0,967741935483871;1
45;102,434297364982;6,20813123574235;0,967741935483871;1
46;100,920548166951;27,3292589605265;0,967741935483871;1
47;103,907039079802;53,8243128586964;0,967741935483871;1
48;106,986519609389;34,7083292100408;0,967741935483871;1
49;105,128649894009;21,6336994195573;0,967741935483871;1
50;107,377080549549;32,6981823688244;0,967741935483871;1
51;103,96496730828;26,2767587246637;0,967741935483871;1
52;103,603688945168;9,04744066213922;0,967741935483871;1
53;104,597052147997;24,6387924917068;0,967741935483871;1
54;100,334914013722;9,76418949069659;0,967741935483871;1
55;104,646963446915;30,3020026961814;0,967741935483871;1
56;103,767297090153;43,0339662469369;0,967741935483871;1
57;104,235346517841;18,4189119906992;0,967741935483871;1
58;104,006807613891;42,2141806915505;0,967741935483871;1
59;103,463382526691;18,6005524034192;0,967741935483871;1
60;100,912145735178;16,3272457138984;0,967741935483871;1
61;102,664108583654;24,4720259755468;0,967741935483871;1
62;102,463176684547;9,00929524502125;0,967741935483871;1
63;103,357035882245;31,5429801608449;0,967741935483871;1
64;101,281719260535;10,4090897422808;0,967741935483871;1
65;103,983641739434;18,276450998986;0,967741935483871;1
66;101,529679476299;37,5929895975743;0,967741935483871;1
67;101,201389834031;14,5839308272599;0,967741935483871;1
68;103,351318856649;17,6944037506526;0,967741935483871;1
69;105,011825774697;57,8258217107192;0,967741935483871;1
70;103,176541812985;34,434360294805;0,967741935483871;1
71;103,40039034971;43,489474183459;0,967741935483871;1
72;102,436255769408;5,52454229192277;0,967741935483871;1
73;110,328050917342;32,8002330618996;0,967741935483871;1
74;103,936923752429;16,0797268602786;0,967741935483871;1
75;103,88251071576;12,1287642777694;0,967741935483871;1
76;104,409875310404;27,2529550332453;0,967741935483871;1
77;105,657414691138;15,9939177783539;0,967741935483871;1
78;107,193542015957;60,9018763248596;0,967741935483871;1
79;103,64856910789;17,9340358981464;0,967741935483871;1
80;102,91601965069;39,5958643460425;0,870967741935484;0,903225806451613
81;108,247753092791;24,0746615317935;0,967741935483871;1
82;103,673423672856;44,4886821461656;0,967741935483871;1
83;108,500861578783;80,2121827685097;0,967741935483871;1
84;102,286646856809;27,2595296169401;0,967741935483871;1
85;101,458201560283;35,4258942913795;0,967741935483871;1
86;108,620787016265;34,2666837913045;0,967741935483871;1
87;101,326269293249;12,9325335836525;0,967741935483871;1
88;104,205200036686;9,06677801430233;0,967741935483871;1
89;102,272015191402;6,62528429184863;0,967741935483871;1
90;101,62167291631;22,1365736053869;0,967741935483871;1
91;102,087155554287;10,9455735644836;0,967741935483871;1
92;103,908463281389;5,16056118154336;0,967741935483871;1
93;104,42353643421;72,2740160773554;0,967741935483871;1
94;103,697388576613;37,7789848842182;0,967741935483871;1
95;106,513047989926;34,4156385498972;0,967741935483871;1
96;105,928779390577;48,5296797990367;0,967741935483871;1
97;103,041238681197;7,59966627050373;0,967741935483871;1
98;103,520455264041;5,92309123274196;0,967741935483871;1
99;104,823429147983;17,9904089891135;0,967741935483871;1
100;103,033429771021;31,1988481341233;0,967741935483871;1
101;104,93926578153;26,4754113394714;0,967741935483871;1
102;105,007579717829;76,3429802895379;0,967741935483871;1
103;105,305544628693;31,3867142747223;0,967741935483871;1
104;103,646548082821;29,3401166834793;0,967741935483871;1
105;104,748936452435;25,5408804038355;0,967741935483871;1
106;105,669380160232;48,7854203890039;0,967741935483871;1
107;106,981560951246;71,5176276214057;0,967741935483871;1
108;106,78598519679;77,0609331369644;0,967741935483871;1
109;106,211676370086;54,6682270983527;0,967741935483871;1
110;104,232984135592;27,3203597079137;0,967741935483871;1
111;103,057586177518;6,07151602205514;0,967741935483871;1
112;102,453168041726;12,1705504713069;0,967741935483871;1
113;102,904063780976;20,6680635952685;0,967741935483871;1
114;103,697709978605;21,881733071938;0,967741935483871;1
115;103,566346627757;41,5317869419496;0,967741935483871;1
116;106,883822740329;78,6835095070646;0,967741935483871;1
117;101,376555872549;8,12143182270881;0,967741935483871;1
118;101,49817417295;11,2963776503084;0,967741935483871;1
119;103,573474846511;40,112816452464;0,967741935483871;1
120;102,001820473736;7,00996105993093;0,967741935483871;1
121;105,032008855785;35,627219565364;0,967741935483871;1
122;101,779487424383;36,694549555346;0,967741935483871;1
123;102,693743090287;10,2564473402639;0,967741935483871;1
124;104,192070092853;12,6508433030394;0,967741935483871;1
125;101,550029722731;32,0681284407222;0,967741935483871;1
126;104,864946876006;24,8564950048843;0,967741935483871;1
127;103,480755385122;16,4659573368149;0,967741935483871;1
128;102,456480813856;19,4616316221714;0,967741935483871;1
129;106,234614302224;50,2210950858021;0,967741935483871;1
130;105,67256448722;28,7086823035318;0,967741935483871;1
131;104,343160883408;9,87604378085162;0,967741935483871;1
132;103,588012032138;30,5920978785911;0,967741935483871;1
133;102,087510527729;21,705413751107;0,967741935483871;1
134;102,290153262829;30,4439598678005;0,967741935483871;1
135;104,703808164219;22,9335567562676;0,967741935483871;1
136;106,840910328729;66,9088301837891;0,967741935483871;1
137;107,839715058683;44,9179313230445;0,967741935483871;1
138;105,933752994317;22,9533455293127;0,967741935483871;1
139;106,043772801354;33,6760277618504;0,967741935483871;1
140;104,459150093189;51,0914660143719;0,967741935483871;1
141;102,613457449339;36,6611257800802;0,967741935483871;1
142;104,056331721971;4,80801393227058;0,967741935483871;1
143;103,62313221763;18,4611221820435;0,967741935483871;1
144;102,504825420839;9,53034623736959;0,967741935483871;1
145;103,112321586563;58,8106864558164;0,967741935483871;1
146;106,800579150264;57,1371146271207;0,967741935483871;1
147;105,935103873322;49,1595431616827;0,967741935483871;1
148;102,102492648374;36,7827357835625;0,967741935483871;1
149;102,378238293469;10,5783011392674;0,967741935483871;1
150;104,249042787903;9,58655241623569;0,967741935483871;1
151;106,912168146013;42,056643127362;0,967741935483871;1
152;107,59076868332;40,9982929442562;0,967741935483871;1
153;100,883690246543;15,9396093648057;0,967741935483871;1
154;101,591583892041;25,7951870828609;0,967741935483871;1
155;101,11538810531;17,4587664243835;0,967741935483871;1
156;106,648079724406;51,7969768387025;0,967741935483871;1
157;104,631510438641;22,1963217148129;0,967741935483871;1
158;102,72102406007;31,8726909738762;0,967741935483871;1
159;103,152421688515;16,0470779171474;0,967741935483871;1
160;103,675710325318;17,9329191652036;0,967741935483871;1
161;107,82269214946;51,6862477991579;0,967741935483871;1
162;104,226460525854;22,446591575537;0,967741935483871;1
163;106,373135833779;21,012943674572;0,967741935483871;1
164;103,046028262314;17,9945856034295;0,967741935483871;1
165;105,641525436709;20,1230372433178;0,967741935483871;1
166;104,290687059096;8,51995769689647;0,967741935483871;1
167;101,48861708973;40,7919200299756;0,967741935483871;1
168;103,086505846984;16,622908079568;0,967741935483871;1
169;105,033875203417;42,0337331632583;0,967741935483871;1
170;104,270358874519;31,6998275846803;0,967741935483871;1
171;102,467812000943;6,96170867767033;0,967741935483871;1
172;104,653040450016;51,0040391537439;0,967741935483871;1
173;108,975326152803;74,2566693559251;0,967741935483871;1
174;103,735996742784;49,2353285326297;0,967741935483871;1
175;103,545725195226;17,1964286031144;0,967741935483871;1
176;103,575446416399;14,4619557836879;0,967741935483871;1
177;103,04679763479;39,2554029992453;0,967741935483871;1
178;105,16249138139;25,5411492125767;0,967741935483871;1
179;101,446964506014;6,42230097994542;0,967741935483871;1
180;105,097699417582;33,6225201715297;0,967741935483871;1
181;104,428120189789;14,4929421082445;0,967741935483871;1
182;106,12048988308;61,084040669895;0,967741935483871;1
183;104,834137665904;58,4896907576037;0,967741935483871;1
184;101,545906082761;15,3959329362869;0,967741935483871;1
185;106,98045548459;55,833237100845;0,967741935483871;1
186;103,240453423587;6,01540456477194;0,967741935483871;1
187;101,942892458978;11,574985588334;0,967741935483871;1
188;104,519966851193;11,6533251695819;0,967741935483871;1
189;106,861897468137;53,7144437215191;0,967741935483871;1
190;102,156134120813;29,1335737628509;0,967741935483871;1
191;107,754826582909;57,4186284835031;0,967741935483871;1
192;102,505885780891;24,6923988265724;0,967741935483871;1
193;102,963769742919;23,6739049714151;0,967741935483871;1
194;103,884577124214;13,0365866118548;0,967741935483871;1
195;102,267767912215;16,3687761022126;0,967741935483871;1
196;103,090655635776;21,4013840069054;0,967741935483871;1
197;103,124083710457;19,9804524446707;0,967741935483871;1
198;101,198409253865;9,75068805551191;0,967741935483871;1
199;107,577300794374;50,9627942390392;0,967741935483871;1
200;102,918514058003;12,0475618563142;0,967741935483871;1
201;102,213665362178;14,8180831919691;0,967741935483871;1
202;105,662901772886;50,1834017431811;0,967741935483871;1
203;101;23,4359989318787;0,806451612903226;0,838709677419355
204;101,472084215181;21,5757926653;0,967741935483871;1
205;104,339209654383;51,5262692951656;0,967741935483871;1
206;104,457916982076;29,6291510898006;0,967741935483871;1
207;104,021752786024;8,57300129004931;0,967741935483871;1
208;101,973902310502;15,9123668899363;0,967741935483871;1
209;104,245015563929;25,167581092781;0,967741935483871;1
210;106,828241649438;42,4351214456921;0,967741935483871;1
211;107,18336906713;44,8884995985442;0,967741935483871;1
212;102,327107657401;23,5810282443807;0,967741935483871;1
213;103,524174839876;30,479057406845;0,967741935483871;1
214;101,995111110652;23,0933797550324;0,967741935483871;1
215;106,501614201008;39,3290869955194;0,967741935483871;1
216;105,029539712397;37,3146659161394;0,967741935483871;1
217;103,272240777882;16,0166046224862;0,967741935483871;1
218;103,967254370044;27,9266264111093;0,967741935483871;1
219;104,44816380174;46,6290310070086;0,967741935483871;1
220;102,996141825278;8,62503667154906;0,967741935483871;1
221;103,238085050742;14,8482607449256;0,967741935483871;1
222;101,949747081328;10,5836658906845;0,967741935483871;1
223;103,390028915368;17,5497089567602;0,967741935483871;1
224;101,588736048121;12,8596295807023;0,967741935483871;1
225;103,114167024679;28,0969264439939;0,967741935483871;1
226;104,894769193694;28,0617367455163;0,967741935483871;1
227;105,080662426277;52,4920378794432;0,967741935483871;1
228;101,72570374183;13,9048329079936;0,967741935483871;1
229;102,888581487791;11,8764793324432;0,967741935483871;1
230;106,72067409916;52,1922233359159;0,967741935483871;1
231;103,462059216455;20,3879702903784;0,967741935483871;1
232;104,146798402983;24,6353455512431;0,967741935483871;1
233;104,667462531055;47,3751036085791;0,967741935483871;1
234;103,844340843395;9,80032574452077;0,967741935483871;1
235;103,717569248041;34,438400504145;0,967741935483871;1
236;102,438841770862;5,72056524571884;0,967741935483871;1
237;103,007967289485;39,5264218927536;0,967741935483871;1
238;105,788187870764;58,1137172212128;0,967741935483871;1
239;103,92556778272;31,5387417533578;0,967741935483871;1
240;102,219885657612;29,244694307907;0,967741935483871;1
241;106,683948582417;54,3497972678406;0,967741935483871;1
242;104,856325587136;27,9833050698801;0,967741935483871;1
243;104,416201522659;16,0294903588379;0,967741935483871;1
244;106,536507706669;52,132494514604;0,967741935483871;1
245;103,51686313149;63,0218146228144;0,967741935483871;1
246;102,851484994817;19,4277012975027;0,967741935483871;1
247;100,487607164723;15,801189332287;0,967741935483871;1
248;103,956779151016;33,0140801809176;0,967741935483871;1
249;102,591691321633;17,183962127109;0,967741935483871;1
250;102,698498227057;11,2786498170104;0,967741935483871;1
251;101,021034585352;18,9559272736768;0,967741935483871;1
252;100,690989779057;19,2594616762455;0,967741935483871;1
253;107,437204528418;20,632844710954;0,967741935483871;1
254;105,073852312135;31,9661471689259;0,967741935483871;1
255;105,140322755211;35,936163249942;0,967741935483871;1
256;108,578503732569;90,3543850769595;0,967741935483871;1
257;103,611834942457;18,5453007030337;0,967741935483871;1
258;101,304752215823;30,6300836771785;0,967741935483871;1
259;101,413428848297;13,5053399090191;0,967741935483871;1
260;103,788883734717;38,5974204341678;0,967741935483871;1
261;103,901901984396;15,9981810322752;0,967741935483871;1
262;102,375169343904;21,8002229306375;0,967741935483871;1
263;104,759855376253;24,4980404331248;0,967741935483871;1
264;102,731390145043;41,878791622803;0,967741935483871;1
265;106,586938132582;48,047591436816;0,967741935483871;1
266;102,578537228938;40,9656859978247;0,967741935483871;1
267;103,435609718254;3,34851275239042;0,967741935483871;1
268;103,152579866458;38,1424740880165;0,967741935483871;1
269;103,813648418097;38,0778452084484;0,967741935483871;1
270;103,306499945108;50,3441788372589;0,967741935483871;1
271;101,532654674112;17,5890027717987;0,967741935483871;1
272;103,703942407198;19,6633970119114;0,967741935483871;1
273;104,786860749025;22,1503401033294;0,967741935483871;1
274;105,779091617041;34,2081544129836;0,967741935483871;1
275;103,064651848652;21,5028027545667;0,967741935483871;1
276;104,661115569968;26,6565096299414;0,967741935483871;1
277;106,351588771208;64,4856050105113;0,967741935483871;1
278;107,146164211288;39,8654581904761;0,967741935483871;1
279;103,781140189661;15,1958574055843;0,967741935483871;1
280;101,441119435394;18,4869249281228;0,967741935483871;1
281;107,877547263825;66,630058038936;0,967741935483871;1
282;103,914210731972;15,8173452946455;0,967741935483871;1
283;102,967936687218;45,743700559644;0,967741935483871;1
284;102,514501061245;14,3330865589179;0,967741935483871;1
285;101,011195207017;19,2158104350505;0,967741935483871;1
286;105,486296645456;70,5326218153143;0,967741935483871;1
287;103,271598078445;17,4366412388884;0,967741935483871;1
288;106,905518277017;42,6106408906341;0,967741935483871;1
289;102,524218332563;6,89199204746524;0,967741935483871;1
290;102,787936930672;31,63486253098;0,967741935483871;1
291;107,107095651166;80,0678906284017;0,967741935483871;1
292;104,223806543478;32,026550790447;0,967741935483871;1
293;104,657931295634;35,061019017943;0,967741935483871;1
294;101,6318734248;25,9221549451369;0,967741935483871;1
295;104,996235785468;70,6234770435689;0,967741935483871;1
296;104,278503374884;17,1120631591426;0,967741935483871;1
297;104,41766301276;20,9709949686471;0,967741935483871;1
298;106,224781428409;56,4583088138348;0,967741935483871;1
299;107,456624873586;69,5936528725296;0,967741935483871;1
300;104,475255077114;52,5724635025178;0,967741935483871;1
301;105,375517641949;52,5825346374193;0,967741935483871;1
302;104,97201629668;26,8703067735543;0,967741935483871;1
303;105,151337412814;12,0586516750815;0,967741935483871;1
304;102,53550039631;13,3921591234054;0,967741935483871;1
305;107,411601626515;23,9820579004298;0,967741935483871;1
306;106,76095727442;40,918181870997;0,967741935483871;1
307;104,097807169434;28,4434596699386;0,967741935483871;1
308;105,695947503019;39,8366395341359;0,967741935483871;1
309;107,641477458912;108,168721633817;0,967741935483871;1
310;103,088488860028;14,5025760342979;0,967741935483871;1
311;104,424137689804;22,2138670744555;0,967741935483871;1
312;108,405963958434;43,2307962261623;0,967741935483871;1
313;104,810394846048;42,4581542505403;0,967741935483871;1
314;103,803018031854;10,5372695373809;0,967741935483871;1
315;102,871101877554;8,5868989706324;0,967741935483871;1
316;108,306641488802;56,2922224198054;0,967741935483871;1
317;101,97236700854;4,13660180765934;0,967741935483871;1
318;104,062489235233;18,6443040309549;0,967741935483871;1
319;104,813288360325;16,4132973856089;0,967741935483871;1
320;102,993135801839;19,4387342549998;0,967741935483871;1
321;102,264014267394;11,017890207499;0,967741935483871;1
322;100,93764133685;20,2810197632024;0,967741935483871;1
323;103,60978113269;36,9928274876711;0,967741935483871;1
324;105,121459372125;58,3963588270082;0,967741935483871;1
325;103,229573367557;15,7248581021395;0,967741935483871;1
326;103,798633154291;5,60866576268163;0,967741935483871;1
327;102,71069628632;37,0156183669638;0,967741935483871;1
328;100,938602145706;13,6878401205921;0,967741935483871;1
329;106,523548360525;63,8473672960362;0,967741935483871;1
330;105,44875067144;30,7623696994811;0,967741935483871;1
331;102,265658918112;10,052424641282;0,967741935483871;1
332;103,248096447001;18,1223465800657;0,967741935483871;1
333;101,02768551511;24,2722542016817;0,967741935483871;1
334;103,576419094661;21,299604268967;0,967741935483871;1
335;103,516194740062;41,6187003354504;0,967741935483871;1
336;102,130784358322;29,0762902535152;0,967741935483871;1
337;102,098489392434;9,45892240775228;0,967741935483871;1
338;105,223522386873;26,1196550887452;0,967741935483871;1
339;104,430814289964;19,1318557158958;0,967741935483871;1
340;104,238605794294;64,0759722531767;0,967741935483871;1
341;103,189640451053;10,7277578289412;0,967741935483871;1
342;107,43578551877;81,4685918698607;0,967741935483871;1
343;102,473052810646;7,44797024267584;0,967741935483871;1
344;102,018212034621;28,0206097317746;0,967741935483871;1
345;106,457760355668;42,6290200895938;0,967741935483871;1
346;101;15,3367962531244;0,806451612903226;0,838709677419355
347;104,133247973617;42,2627982691109;0,967741935483871;1
348;102,075605277903;13,6200398494392;0,967741935483871;1
349;107,146062477073;21,7175805154186;0,967741935483871;1
350;102,874480430234;40,4865224005249;0,967741935483871;1
351;103,080705537242;17,5669701051343;0,967741935483871;1
352;101,647975679809;26,8646813669713;0,967741935483871;1
353;104,357213849842;34,2857602122376;0,967741935483871;1
354;102,020904827555;19,7459490845617;0,967741935483871;1
355;105,997934078689;18,1094327613667;0,967741935483871;1
356;102,254762402846;33,6057478183969;0,967741935483871;1
357;106,188062296003;34,3739866606596;0,967741935483871;1
358;102,564426362565;18,8963629735233;0,967741935483871;1
359;103,204728950308;8,18228032952743;0,967741935483871;1
360;101,458372939621;13,1235868312994;0,967741935483871;1
361;106,534825351992;40,3294490069922;0,967741935483871;1
362;104,742216203364;28,4041091764668;0,967741935483871;1
363;105,704791010781;55,4721807234544;0,967741935483871;1
364;103,651390787258;37,3797949180457;0,967741935483871;1
365;103,779724630234;19,477225794971;0,967741935483871;1
366;100,287345021846;17,3592006640316;0,967741935483871;1
367;103,05341865621;11,9903386807088;0,967741935483871;1
368;103,245475344392;30,5953091392298;0,967741935483871;1
369;103,294192656976;37,0686466711734;0,806451612903226;0,838709677419355
370;102,904406988022;23,1180705409439;0,967741935483871;1
371;102,879098656899;31,5402430869437;0,967741935483871;1
372;100,346888924861;35,7093848246951;0,967741935483871;1
373;100,910978444852;24,0576970565732;0,967741935483871;1
374;104,073795102233;21,9446080793397;0,967741935483871;1
375;104,115582283714;32,818211496642;0,967741935483871;1
376;102,23946176694;13,6303713556492;0,967741935483871;1
377;103,181824853075;4,9137174228574;0,967741935483871;1
378;103,120889547837;41,3753312279729;0,967741935483871;1
379;104,218683095286;23,8583858403637;0,967741935483871;1
380;106,780180430306;28,4272367222481;0,967741935483871;1
381;106,960932089218;33,4129509767276;0,967741935483871;1
382;102,041631748129;38,6863812879213;0,967741935483871;1
383;101,19396759847;4,21238880103874;0,967741935483871;1
384;104,604376965939;18,3578562642895;0,967741935483871;1
385;102,867762912338;60,5173378065355;0,967741935483871;1
386;101,923923152171;15,373791407707;0,967741935483871;1
387;101,961921296076;29,0365026104478;0,967741935483871;1
388;103,659701618648;55,5622471559515;0,967741935483871;1
389;105,936851198984;54,5273314256191;0,967741935483871;1
390;101,956764278504;25,6892324190563;0,967741935483871;1
391;101,143687644325;53,5323379919622;0,967741935483871;1
392;102,701065597295;6,76426589701361;0,967741935483871;1
393;109,188096268704;62,949718155378;0,967741935483871;1
394;103,173381905993;39,1965617392914;0,967741935483871;1
395;105,328589995671;51,9643869141002;0,967741935483871;1
396;100,483694872202;16,1453017392082;0,967741935483871;1
397;103,986466897956;19,133496660683;0,967741935483871;1
398;108,569475921325;70,3184622409967;0,967741935483871;1
399;101,545958619627;27,4853460431816;0,967741935483871;1
400;102,113266062828;18,2577660974891;0,967741935483871;1
401;104,533401820327;48,828463578098;0,967741935483871;1
402;108,566735103153;82,3951390285811;0,967741935483871;1
403;100,787713506644;17,0039411516116;0,967741935483871;1
404;103,30612924222;31,7523834143368;0,967741935483871;1
405;106,06007884892;74,4192279161323;0,967741935483871;1
406;103,730546443107;17,7742119737477;0,967741935483871;1
407;103,456297333474;17,1414902976181;0,967741935483871;1
408;103,901948103469;10,1187627886104;0,967741935483871;1
409;105,360567625524;98,1519338485751;0,967741935483871;1
410;102,402503344021;17,9186858701736;0,967741935483871;1
411;102,555056925509;20,0075127704374;0,967741935483871;1
412;105,978893397783;27,5181352782878;0,967741935483871;1
413;107,127313310492;68,2030540827295;0,967741935483871;1
414;102,013301528817;15,5939947236123;0,967741935483871;1
415;106,110681832186;34,6032208510858;0,967741935483871;1
416;100,787930329571;10,4104361277057;0,967741935483871;1
417;102,474272375699;6,0316786253128;0,967741935483871;1
418;104,015572986459;16,7919975714071;0,967741935483871;1
419;103,622310936505;18,2078775140862;0,967741935483871;1
420;102,463903632675;18,0968663844013;0,967741935483871;1
421;101,624858946066;10,0314341303018;0,967741935483871;1
422;102,345286063536;10,3518983072929;0,967741935483871;1
423;104,288592212319;8,15570681431932;0,967741935483871;1
424;103,602220948216;21,9125590930387;0,967741935483871;1
425;106,507102155251;36,4462738157398;0,967741935483871;1
426;103,498213039766;17,473667473942;0,967741935483871;1
427;102,53994256106;15,3673687119944;0,967741935483871;1
428;105,576920754915;45,9901856673058;0,967741935483871;1
429;103,475212297355;24,0400827933281;0,967741935483871;1
430;102,004220579207;27,0240340586305;0,967741935483871;1
431;103,839236383921;41,4044277734203;0,967741935483871;1
432;103,266927902139;14,5956777615557;0,967741935483871;1
433;104,186423149509;67,707557697786;0,967741935483871;1
434;103,607173697265;6,70849143843951;0,967741935483871;1
435;102,911701008917;22,0327344788675;0,967741935483871;1
436;100,429770438956;13,2729115084171;0,967741935483871;1
437;104,84094439651;37,4742299428308;0,967741935483871;1
438;101,012222100133;30,2726755913836;0,967741935483871;1
439;107,680708844229;79,9053330302189;0,967741935483871;1
440;103,50110646762;17,0071274458786;0,967741935483871;1
441;103,245301443267;18,3795976910497;0,967741935483871;1
442;106,966027442355;23,1369670272121;0,967741935483871;1
443;102,204552707191;22,8321763122197;0,967741935483871;1
444;102,431050533835;33,2932083579994;0,967741935483871;1
445;106,241531809791;35,3867435690893;0,967741935483871;1
446;105,786393168742;26,171440201105;0,967741935483871;1
447;102,753519966627;16,847306593718;0,967741935483871;1
448;103,719156786972;19,605138086506;0,967741935483871;1
449;102,003992615894;29,233241353006;0,967741935483871;1
450;103,825709893773;32,3894459652239;0,967741935483871;1
451;101;24,3317599422337;0,870967741935484;0,903225806451613
452;102,160622706455;28,336670432876;0,967741935483871;1
453;101,748699673527;17,5464392537254;0,967741935483871;1
454;105,201294662803;18,3457026683217;0,967741935483871;1
455;102,31046694155;21,5554993533482;0,967741935483871;1
456;104,527439136371;21,7292375209396;0,967741935483871;1
457;102,494566619329;9,25471225202623;0,967741935483871;1
458;103,70271787719;10,7309219909952;0,967741935483871;1
459;101;43,8444884245114;0,806451612903226;0,838709677419355
460;104,687404869886;27,706654460672;0,967741935483871;1
461;105,163630300645;40,248538736118;0,967741935483871;1
462;101,635915566408;22,6506686120565;0,967741935483871;1
463;100,496768863014;24,3223582251425;0,967741935483871;1
464;103,413460836903;5,0248266696009;0,967741935483871;1
465;100,504077307181;12,9664027318217;0,967741935483871;1
466;102,857459339579;20,8803319617498;0,967741935483871;1
467;105,056965612085;87,6003407211614;0,967741935483871;1
468;101,352986008769;8,50852115059821;0,967741935483871;1
469;104,838682484004;41,701437116685;0,967741935483871;1
470;102,82669932719;29,1699547300669;0,967741935483871;1
471;102,169141594808;16,5185870110911;0,967741935483871;1
472;106,973938015721;67,2690446112329;0,967741935483871;1
473;102,318522156937;33,634972780989;0,967741935483871;1
474;106,03278202881;58,6475205898392;0,967741935483871;1
475;104,094214348842;35,3099311808784;0,967741935483871;1
476;102,462929282811;46,932356479428;0,967741935483871;1
477;105,602050801128;51,7294600782631;0,967741935483871;1
478;102,875045705183;14,4125649199802;0,967741935483871;1
479;102,336732896936;5,60913497291175;0,967741935483871;1
480;103,598479901968;12,4973976984906;0,967741935483871;1
481;104,029550502298;17,2819461964435;0,967741935483871;1
482;100,692323043097;12,3066315841473;0,967741935483871;1
483;105,189587349949;15,7584706486661;0,967741935483871;1
484;101,534033369917;9,77976734504617;0,967741935483871;1
485;103,338064629479;20,0799396845471;0,967741935483871;1
486;103,471333544187;24,9453808278028;0,967741935483871;1
487;102,000854083592;11,3779904836967;0,967741935483871;1
488;104,729960904199;36,8600524360597;0,967741935483871;1
489;102,189368831486;12,1387076193747;0,967741935483871;1
490;102,486956148124;12,2298099556337;0,967741935483871;1
491;102,109664590381;17,3339930137372;0,967741935483871;1
492;102,510374388757;30,8335941197803;0,967741935483871;1
493;104,126498522059;62,6384908219459;0,967741935483871;1
494;108,172878907014;66,8907458594104;0,967741935483871;1
495;102,528086474047;18,1185558416724;0,967741935483871;1
496;103,156817529267;10,452459595701;0,967741935483871;1
497;101,093303710484;9,77221320674145;0,967741935483871;1
498;102,504496301733;20,687327691386;0,967741935483871;1
499;104,086967483702;29,8979872153749;0,967741935483871;1
500;103,534498722592;13,0491479108955;0,967741935483871;1
501;103,122265249189;21,2502733911796;0,967741935483871;1
502;102,524747534261;32,6018738370317;0,967741935483871;1
503;103,068105747398;29,4337946045516;0,967741935483871;1
504;100,971700553532;9,32342939446853;0,967741935483871;1
505;104,43868057084;16,9234417247191;0,967741935483871;1
506;102,959860841246;14,4159822088559;0,967741935483871;1
507;104,28464803994;12,4586207310204;0,967741935483871;1
508;104,451676168055;24,3650570684752;0,967741935483871;1
509;106,706037321531;78,3063134071862;0,967741935483871;1
510;103,05687624136;22,1908640964835;0,967741935483871;1
511;104,706783078069;60,1889765439445;0,967741935483871;1
512;107,81421720729;86,1445367144207;0,967741935483871;1
513;108,039372864869;58,4984731387124;0,967741935483871;1
514;102,661442274216;17,0272272635851;0,967741935483871;1
515;102,945869361101;14,4993156217559;0,967741935483871;1
516;102,978242862998;40,7357019004101;0,967741935483871;1
517;103,618798151172;26,486502467834;0,967741935483871;1
518;102,067249708022;14,9024142419631;0,967741935483871;1
519;101,826711164905;16,3985043562925;0,967741935483871;1
520;103,652746882452;18,7506307546227;0,967741935483871;1
521;103,900369313648;18,0761241065724;0,967741935483871;1
522;106,369346358959;62,481558862728;0,967741935483871;1
523;101,905865344188;19,8374280571939;0,967741935483871;1
524;107,354990177772;60,1257902655824;0,967741935483871;1
525;105,723232037707;55,3147390920036;0,967741935483871;1
526;99,8733247672232;23,4319133594184;0,967741935483871;1
527;105,545705822075;32,2615876190533;0,967741935483871;1
528;101,402177610229;12,409242004935;0,967741935483871;1
529;101,364115231014;10,0698990200798;0,967741935483871;1
530;101,640884201442;12,151390612183;0,967741935483871;1
531;103,052336463766;11,598568481943;0,967741935483871;1
532;103,682404864595;21,8559368706342;0,967741935483871;1
533;103,945861429731;35,474612340742;0,967741935483871;1
534;104,136658510379;59,8345772216743;0,967741935483871;1
535;102,809854693218;43,4183299673623;0,967741935483871;1
536;102,747843883789;19,4026129102461;0,967741935483871;1
537;101,674845439748;14,570633442507;0,967741935483871;1
538;100,586637182441;4,69298677711978;0,967741935483871;1
539;102,584085073513;24,2398874053202;0,967741935483871;1
540;101,685038237376;11,2505887067228;0,967741935483871;1
541;106,788503791714;62,2154609543328;0,967741935483871;1
542;102,823207659115;39,4947779727286;0,967741935483871;1
543;98,8847515872343;12,8849335018076;0,967741935483871;1
544;104,549561128811;27,6609232099515;0,967741935483871;1
545;105,545620515541;59,8217022718552;0,967741935483871;1
546;102,740498450968;38,6511775625441;0,967741935483871;1
547;103,531955222354;43,9204151814539;0,967741935483871;1
548;104,551868932147;5,05788588206722;0,967741935483871;1
549;101;10,0510647403089;0,806451612903226;0,838709677419355
550;103,855028314186;21,3998961128298;0,967741935483871;1
551;102,5054166138;31,214738095254;0,967741935483871;1
552;106,986599013124;42,1737300135327;0,967741935483871;1
553;106,843884406911;53,7085753937108;0,967741935483871;1
554;104,983072879173;87,8246217725312;0,967741935483871;1
555;103,383369089424;28,8194771593272;0,967741935483871;1
556;102,744944821425;27,188297921317;0,967741935483871;1
557;102,840451505958;23,106012157303;0,967741935483871;1
558;102,722788693668;23,8794624487718;0,967741935483871;1
559;105,032261936943;22,0158791937357;0,967741935483871;1
560;103,410215189969;31,7249131795818;0,967741935483871;1
561;104,063941147653;46,3550342753025;0,967741935483871;1
562;103,284788917471;30,4054974657168;0,967741935483871;1
563;104,379100356282;46,6511163272855;0,967741935483871;1
564;102,279398763569;8,37021150805363;0,967741935483871;1
565;104,792050596084;18,1548452507574;0,967741935483871;1
566;105,783669202257;63,3366483697946;0,967741935483871;1
567;105,816196248465;31,2608356323707;0,967741935483871;1
568;101,406572178373;20,1455523583692;0,967741935483871;1
569;102,953468252649;37,619750599421;0,967741935483871;1
570;103,200870875254;12,47905214926;0,967741935483871;1
571;101,808060167367;31,5721037510507;0,967741935483871;1
572;104,208068153876;18,5988939436201;0,967741935483871;1
573;102,921711032591;12,6424895609405;0,967741935483871;1
574;102,022249725297;40,1064746491293;0,967741935483871;1
575;103,902313642874;29,7092100158702;0,967741935483871;1
576;101,79683073523;8,8436174065608;0,967741935483871;1
577;102,36207156698;22,4287703520478;0,967741935483871;1
578;101;16,8644474937981;0,806451612903226;0,838709677419355
579;103,985787889759;30,6593669648156;0,967741935483871;1
580;103,610076566505;46,1650533597059;0,967741935483871;1
581;107,208038475637;34,4448694030258;0,967741935483871;1
582;104,538792183633;7,79998416506154;0,967741935483871;1
583;101,825215307628;13,7630601556263;0,967741935483871;1
584;102,369816877461;33,7739107948238;0,967741935483871;1
585;101,49328271164;4,7278601904077;0,967741935483871;1
586;106,333373218274;66,1178989651341;0,967741935483871;1
587;105,197114884877;16,6321360982816;0,967741935483871;1
588;102,504599598114;18,5995069892857;0,967741935483871;1
589;104,018438299004;30,9598086866939;0,967741935483871;1
590;104,222567283278;28,7993002066143;0,967741935483871;1
591;107,425701031916;37,2840315148726;0,967741935483871;1
592;102,606877113676;18,1070321672156;0,967741935483871;1
593;106,025936890282;52,5348035834355;0,967741935483871;1
594;103,821333819634;40,8783534868632;0,967741935483871;1
595;105,536467965867;33,0091433626966;0,967741935483871;1
596;101,142935348367;17,2482451020484;0,967741935483871;1
597;101,855506927644;16,4313072427703;0,967741935483871;1
598;103,332550782425;9,11700607203839;0,967741935483871;1
599;106,88609196899;21,7641498873649;0,967741935483871;1
600;101,374073861264;15,8131635761764;0,967741935483871;1
601;99,2205656341359;75,4793412855819;0,967741935483871;1
602;100,860295217801;9,88936940315736;0,967741935483871;1
603;105,312417889748;33,9725453339479;0,967741935483871;1
604;101,006239199734;15,8417206087913;0,967741935483871;1
605;102,126289583386;47,0340296155864;0,967741935483871;1
606;101,664636736251;16,0126984763105;0,967741935483871;1
607;102,694321442542;31,2682543307484;0,967741935483871;1
608;107,163099683126;32,9405280584873;0,967741935483871;1
609;109,050153438246;65,6931893138332;0,967741935483871;1
610;107,104174648869;25,0598147582321;0,967741935483871;1
611;102,732640177558;23,8812677464726;0,967741935483871;1
612;103,192564505789;18,7636845235688;0,967741935483871;1
613;107,735574362336;39,4123161727137;0,967741935483871;1
614;101,250497870079;17,8528897009794;0,967741935483871;1
615;104,145637806325;39,8096151731456;0,967741935483871;1
616;107,321595347387;17,0103949537242;0,967741935483871;1
617;104,271526629174;55,6374646273221;0,967741935483871;1
618;108,89603318086;83,6895857965056;0,967741935483871;1
619;104,077981781266;8,27941237276267;0,967741935483871;1
620;105,316505583717;26,467210516774;0,967741935483871;1
621;103,830739264228;35,8804201384101;0,967741935483871;1
622;103,533860395954;7,19886794351172;0,967741935483871;1
623;102,227146198127;18,0514459888869;0,967741935483871;1
624;105,117184894884;31,4272423874163;0,967741935483871;1
625;105,915562057573;31,4474853183324;0,967741935483871;1
626;105,629380160742;39,5706627433427;0,967741935483871;1
627;104,833643351495;37,4439471362202;0,967741935483871;1
628;101,800365387112;18,0772562879742;0,967741935483871;1
629;101,130585086357;19,3411246481873;0,967741935483871;1
630;104,527282398817;59,6480230159223;0,967741935483871;1
631;102,42077864331;23,2661599003777;0,967741935483871;1
632;101,437709828297;6,63927255001487;0,967741935483871;1
633;101,588228333884;12,1718146497585;0,967741935483871;1
634;103,710037316763;24,1629983630114;0,967741935483871;1
635;105,996913095777;21,1808251816085;0,967741935483871;1
636;104,213816125866;17,0813751740074;0,967741935483871;1
637;104,899571303555;52,0228774383688;0,967741935483871;1
638;104,146850403552;29,4280787481184;0,967741935483871;1
639;104,656113198093;60,7367189144167;0,967741935483871;1
640;104,582267230444;29,8617489292344;0,967741935483871;1
641;103,324578920049;18,7154852532268;0,967741935483871;1
642;103,355728538009;17,7054547267626;0,967741935483871;1
643;100,87977477912;11,0601534790788;0,967741935483871;1
644;105,325442589009;11,8659065863779;0,967741935483871;1
645;102,832225125662;22,1046815249002;0,967741935483871;1
646;100,89436074246;19,6196873293421;0,967741935483871;1
647;105,127088122678;17,2766721988331;0,967741935483871;1
648;109,538824246275;44,924871131941;0,967741935483871;1
649;108,127091997053;81,7561354684943;0,967741935483871;1
650;105,241125227808;20,7269282981993;0,967741935483871;1
651;102,595498926435;55,7762025613169;0,967741935483871;1
652;101,321455932753;14,9539266605304;0,967741935483871;1
653;101;34,5578757336192;0,806451612903226;0,838709677419355
654;105,511166634875;40,3372705982424;0,967741935483871;1
655;101,565396093264;26,3501769686388;0,967741935483871;1
656;101,713264866442;27,4075250021654;0,967741935483871;1
657;100,282611399072;17,4612119236404;0,967741935483871;1
658;101,610014254692;11,466209948677;0,967741935483871;1
659;106,85341065723;53,9247465371659;0,967741935483871;1
660;104,71327062681;22,8560577035432;0,967741935483871;1
661;102,26000995772;18,7107091873019;0,967741935483871;1
662;103,159951079791;31,6448482354244;0,967741935483871;1
663;102,807690974754;19,1953462629376;0,967741935483871;1
664;101,931935011896;7,68967434616741;0,967741935483871;1
665;105,794152848298;36,3488281994681;0,967741935483871;1
666;104,281142558307;22,5523903172295;0,967741935483871;1
667;101,801144455832;26,7608607728395;0,967741935483871;1
668;102,216498055162;26,3175018822584;0,967741935483871;1
669;105,123530708282;39,6713025237197;0,967741935483871;1
670;102,498370460518;9,43357864340774;0,967741935483871;1
671;104,050433161852;35,4629056565827;0,967741935483871;1
672;106,122112612987;43,4452931194514;0,967741935483871;1
673;104,810334383652;13,0249846115669;0,967741935483871;1
674;100,928835023621;8,62482741774826;0,967741935483871;1
675;102,595841493412;9,93896395842883;0,967741935483871;1
676;104,910564938449;43,9551474519707;0,967741935483871;1
677;105,742760233312;32,7387689624844;0,967741935483871;1
678;104,804058220474;57,327537695542;0,967741935483871;1
679;102,370624471157;31,627652153063;0,967741935483871;1
680;103,413930264002;13,5792746297876;0,967741935483871;1
681;101,653427870776;12,108606516108;0,967741935483871;1
682;102,333001042924;17,9951659103146;0,967741935483871;1
683;104,2944580812;15,7100427016239;0,967741935483871;1
684;101,957616983501;12,4819611548598;0,967741935483871;1
685;102,856455321952;27,7100154003677;0,967741935483871;1
686;106,712806411257;57,000731152309;0,967741935483871;1
687;101,652487418002;13,7627480982203;0,967741935483871;1
688;101,15083156151;20,0117718228796;0,967741935483871;1
689;102,503456902214;28,0808425296802;0,967741935483871;1
690;102,825172214217;13,4017624699558;0,967741935483871;1
691;102,098396758333;23,0277591145864;0,967741935483871;1
692;103,413213398133;20,2670966936427;0,967741935483871;1
693;104,50637819636;44,2985020760524;0,967741935483871;1
694;103,514915332008;9,14316569319162;0,967741935483871;1
695;101,838178076881;20,1630863994922;0,967741935483871;1
696;103,824260255705;19,5443503210743;0,967741935483871;1
697;101,669170614563;22,5366889130526;0,967741935483871;1
698;104,165058751298;19,4638688399136;0,967741935483871;1
699;101,515623768261;62,7115839640571;0,967741935483871;1
700;108,673207956002;55,2972506022974;0,967741935483871;1
701;103,500887617918;46,7655435268415;0,967741935483871;1
702;101,37585972866;17,403174148495;0,967741935483871;1
703;104,090244190331;19,3910083661781;0,967741935483871;1
704;104,492369232653;13,5838370269726;0,967741935483871;1
705;103,090994815591;28,178966231908;0,967741935483871;1
706;102,682015918797;18,0897440780476;0,967741935483871;1
707;101,166005232697;22,8948689814936;0,806451612903226;0,838709677419355
708;104,225486339671;10,2886241412899;0,967741935483871;1
709;102,048569807496;25,1808098207555;0,967741935483871;1
710;102,634224046091;33,7927668382127;0,967741935483871;1
711;105,370510733353;23,8791722806122;0,967741935483871;1
712;102,838114222034;35,3867401152975;0,967741935483871;1
713;103,399278441904;51,1875174682214;0,967741935483871;1
714;104,010933685969;28,8197727550695;0,967741935483871;1
715;104,193238786497;58,4359571896451;0,967741935483871;1
716;106,805355444629;59,2948756133467;0,967741935483871;1
717;103,148770667644;13,9514044253018;0,967741935483871;1
718;105,215560522489;32,6613818669021;0,967741935483871;1
719;104,350948590713;15,1048866094081;0,967741935483871;1
720;104,808757262599;23,1229779326478;0,967741935483871;1
721;104,504974735771;20,387817241498;0,967741935483871;1
722;107,559332525575;73,6996182701588;0,967741935483871;1
723;102,041425606904;49,6298925007407;0,967741935483871;1
724;101,802773988262;3,38662038935021;0,967741935483871;1
725;103,038064203224;11,9361990680286;0,967741935483871;1
726;101,998943692317;13,9918126705274;0,967741935483871;1
727;104,018403596268;27,5731266054377;0,967741935483871;1
728;101,400904111655;12,5072315469137;0,967741935483871;1
729;104,574295827906;16,1000125008225;0,967741935483871;1
730;103,97952397512;43,6908555738151;0,967741935483871;1
731;101;9,30480681229763;0,806451612903226;0,838709677419355
732;101;12,269331806775;0,806451612903226;0,838709677419355
733;103,528526431854;12,5211212605795;0,967741935483871;1
734;104,944821250307;38,8215415372556;0,967741935483871;1
735;102,778333213935;17,952196437048;0,967741935483871;1
736;101,87392564463;5,52995996241379;0,967741935483871;1
737;104,391036508541;40,5523553898468;0,967741935483871;1
738;103,623862654329;24,9619460788591;0,967741935483871;1
739;106,700776559133;42,2008434994507;0,967741935483871;1
740;106,041394157906;68,4476099528707;0,967741935483871;1
741;105,250055716517;15,7880434852429;0,967741935483871;1
742;104,509106167699;32,4779843312566;0,967741935483871;1
743;101,68537015033;15,9033474148171;0,967741935483871;1
744;106,438999022218;25,9122488401511;0,967741935483871;1
745;106,819071659971;41,5460277751457;0,967741935483871;1
746;105,418312379686;42,5306523531249;0,967741935483871;1
747;103,329077635843;35,3981131829849;0,967741935483871;1
748;107,799621880298;61,3308795884785;0,967741935483871;1
749;106,323130696483;51,3772260761478;0,967741935483871;1
750;109,228181075135;103,637423892331;0,967741935483871;1
751;102,916829877492;20,1682527096091;0,967741935483871;1
752;103,947330135706;16,2655900089099;0,967741935483871;1
753;101,942363697653;11,5585020874056;0,967741935483871;1
754;106,772699136648;66,1440468155827;0,967741935483871;1
755;105,17752942611;12,1152127571324;0,967741935483871;1
756;101;17,7005656451469;0,870967741935484;0,903225806451613
757;103,076300587509;16,2056439920496;0,967741935483871;1
758;104,375304495091;25,6176740303377;0,967741935483871;1
759;103,655767279869;28,8427701409477;0,967741935483871;1
760;101,992390201384;22,5588599535313;0,967741935483871;1
761;103,308147691286;11,0012621073444;0,967741935483871;1
762;107,708602334502;47,5934481539189;0,967741935483871;1
763;103,255774069648;34,4375869967616;0,967741935483871;1
764;103,734785359664;6,39217204198809;0,967741935483871;1
765;105,457425994233;30,0266804138276;0,967741935483871;1
766;104,176013144822;16,723072703009;0,967741935483871;1
767;106,122617186497;42,3296332033743;0,967741935483871;1
768;101,667413315861;6,59522714405056;0,967741935483871;1
769;102,131490117519;10,8080423730227;0,967741935483871;1
770;102,328387356012;13,0869532070153;0,967741935483871;1
771;102,919904061311;15,1144160872116;0,967741935483871;1
772;101,630962650096;18,5378717671342;0,967741935483871;1
773;106,124163326018;42,1128614482975;0,967741935483871;1
774;104,432996512407;28,0023795463222;0,967741935483871;1
775;100,503257850092;10,1012629000254;0,967741935483871;1
776;103,250001554954;20,8739361335578;0,967741935483871;1
777;104,278748748663;19,5553186852088;0,967741935483871;1
778;101;9,04035614290246;0,806451612903226;0,838709677419355
779;101,030400717582;31,9073307055574;0,967741935483871;1
780;105,652813835369;18,0066572828592;0,967741935483871;1
781;102,928830595932;31,5348595714833;0,967741935483871;1
782;103,543813537934;41,3682519484282;0,967741935483871;1
783;105,348859217645;42,7410940484666;0,967741935483871;1
784;104,500240850136;18,1893752006489;0,967741935483871;1
785;105,722669493612;25,5044200497383;0,967741935483871;1
786;105,120485776263;50,857114367174;0,967741935483871;1
787;103,584412136989;35,5773415694124;0,967741935483871;1
788;104,342608591892;18,8384807014293;0,967741935483871;1
789;101,857780912681;12,7717336832056;0,967741935483871;1
790;102,898424460592;23,7688230894201;0,967741935483871;1
791;106,085573147798;68,1509210875216;0,967741935483871;1
792;101,567321020827;26,0603591657127;0,967741935483871;1
793;102,537754681994;63,6633946747013;0,967741935483871;1
794;104,023835898157;38,5438724254566;0,967741935483871;1
795;101;19,3570966366104;0,870967741935484;0,903225806451613
796;102,849516490619;11,8846569919044;0,967741935483871;1
797;106,500354912402;43,7580274759182;0,967741935483871;1
798;105,190555957711;23,4964986850047;0,967741935483871;1
799;105,182660685968;21,7833996381612;0,967741935483871;1
800;101,251546232422;18,1507141285954;0,967741935483871;1
801;105,646037936968;29,3941864068817;0,967741935483871;1
802;102,365790438802;28,588680150895;0,967741935483871;1
803;100,740822908394;6,25030853036836;0,967741935483871;1
804;103,63476315524;14,1963437933547;0,967741935483871;1
805;104,987318929145;30,2036332229848;0,967741935483871;1
806;102,47087898692;13,3756399988807;0,967741935483871;1
807;101,490830606601;8,17323457859241;0,967741935483871;1
808;101,595969181824;4,85786830652133;0,967741935483871;1
809;103,585937545624;16,5759997533316;0,967741935483871;1
810;104,680608227645;41,1462725522102;0,967741935483871;1
811;105,222751731273;39,8836792882081;0,967741935483871;1
812;106,221290136493;34,1467213184385;0,967741935483871;1
813;103,096717407865;19,31807303631;0,967741935483871;1
814;103,530474494898;19,8974444211459;0,967741935483871;1
815;105,133043296988;32,2237044320373;0,967741935483871;1
816;103,752925650029;39,3133296179711;0,967741935483871;1
817;102,914450630102;8,48132634550966;0,967741935483871;1
818;105,188149674432;36,3267417467088;0,967741935483871;1
819;106,281585872762;37,6859215486399;0,967741935483871;1
820;102,420878352124;7,57058141883067;0,967741935483871;1
821;102,905714343309;15,2020790141305;0,967741935483871;1
822;106,286070495716;57,5314850019832;0,967741935483871;1
823;100,59744943347;17,3963474307694;0,967741935483871;1
824;105,323545222097;19,3387232806064;0,967741935483871;1
825;103,936377742456;21,2439427502147;0,967741935483871;1
826;103,475423111308;25,7912745566298;0,967741935483871;1
827;103,185125664572;9,59655244422402;0,967741935483871;1
828;104,978142161147;34,3664686157233;0,967741935483871;1
829;102,017326419069;11,4589409007948;0,967741935483871;1
830;103,327152653188;30,6335848522786;0,967741935483871;1
831;103,556841666194;38,4385982863441;0,967741935483871;1
832;101,564738721395;8,18279268944031;0,967741935483871;1
833;105,030987340981;78,0832883587962;0,967741935483871;1
834;101,12812812331;27,9638539226598;0,967741935483871;1
835;105,227010640979;35,8528544394376;0,967741935483871;1
836;104,862832739629;14,9864911952011;0,967741935483871;1
837;100,547016851307;23,3231486707399;0,967741935483871;1
838;106,471512832723;68,1571565197881;0,967741935483871;1
839;101;58,6256387781376;0,870967741935484;0,903225806451613
840;103,177005490695;11,6308026782709;0,967741935483871;1
841;103,95881159998;27,9925859850116;0,967741935483871;1
842;104,430343221951;46,8695832826674;0,967741935483871;1
843;101,189421864069;42,4968184575805;0,967741935483871;1
844;102,881545943282;9,54728240302074;0,967741935483871;1
845;104,315898343822;23,9421074278269;0,967741935483871;1
846;107,95336363644;79,6772689723775;0,967741935483871;1
847;102,43372060628;17,8163285421989;0,967741935483871;1
848;103,046596155166;10,3625912755156;0,967741935483871;1
849;102,160839818265;14,8810940589082;0,967741935483871;1
850;102,351952922513;13,5032101607756;0,967741935483871;1
851;103,599640914772;35,7728289932507;0,967741935483871;1
852;102,167198086956;29,7099029568359;0,967741935483871;1
853;106,039479021384;31,5380066462069;0,967741935483871;1
854;103,701743700408;24,602022033674;0,967741935483871;1
855;102,955081980355;45,6747667238957;0,967741935483871;1
856;102,465860288563;26,4273596759603;0,967741935483871;1
857;105,774377510473;28,7867288284518;0,967741935483871;1
858;104,054361786002;50,5825375359143;0,967741935483871;1
859;103,570441785863;22,391870973569;0,967741935483871;1
860;102,075822983578;19,6567493383315;0,967741935483871;1
861;101,686337137974;36,5175571230581;0,967741935483871;1
862;104,106607403843;25,7255642832206;0,967741935483871;1
863;103,151623735847;64,8689468460242;0,967741935483871;1
864;104,817207458443;46,5103531119782;0,967741935483871;1
865;101,440827054464;13,1162818900244;0,967741935483871;1
866;104,444547301401;18,9328599525292;0,967741935483871;1
867;102,778288458051;15,9389272904173;0,967741935483871;1
868;101,975877278097;19,8505105423197;0,967741935483871;1
869;102,472938639191;11,1418987365634;0,967741935483871;1
870;104,324359496485;22,8914163359671;0,967741935483871;1
871;102,367983613425;11,0500319477983;0,967741935483871;1
872;102,615210070567;21,640128030078;0,967741935483871;1
873;103,111021247862;15,9495723883854;0,967741935483871;1
874;103,443185393325;23,1900953816949;0,967741935483871;1
875;104,769913550016;18,7890876765443;0,967741935483871;1
876;103,046558754175;12,0112834230484;0,967741935483871;1
877;102,74179611199;41,6419705706298;0,967741935483871;1
878;105,36002076534;31,8651361041805;0,967741935483871;1
879;101,017841317022;9,27827376504403;0,967741935483871;1
880;102,76525834002;29,4289541374652;0,967741935483871;1
881;104,294296062402;24,4857855594451;0,967741935483871;1
882;104,58252984947;45,9952157614732;0,967741935483871;1
883;102,512396781793;24,7190943888812;0,967741935483871;1
884;102,229061064744;21,4870881259331;0,967741935483871;1
885;104,199505941581;28,0167749528273;0,967741935483871;1
886;104,717253088593;7,8041680183307;0,967741935483871;1
887;102,615150750798;23,2489252736327;0,967741935483871;1
888;104,717648760192;32,028478542689;0,967741935483871;1
889;103,542185138998;14,7852674155547;0,967741935483871;1
890;108,507235993248;61,659625986391;0,967741935483871;1
891;101,378783838304;16,9067265545804;0,967741935483871;1
892;100,710693007954;6,08332012222921;0,967741935483871;1
893;102,16993561179;22,9818727690997;0,967741935483871;1
894;103,282923911057;22,5412516031018;0,967741935483871;1
895;99,9081166100026;20,5338541734541;0,967741935483871;1
896;104,314040490508;18,6021914737348;0,967741935483871;1
897;105,638532493917;28,7768270439641;0,967741935483871;1
898;100,134425689031;13,6218865337014;0,967741935483871;1
899;101,813460655709;16,5347786554871;0,967741935483871;1
900;101,773318562179;37,3278717595583;0,967741935483871;1
901;103,501312751084;14,882253588259;0,967741935483871;1
902;102,173714208916;27,3565939431118;0,967741935483871;1
903;106,665774882924;45,5835320297778;0,967741935483871;1
904;102,585861822862;19,6531419468984;0,967741935483871;1
905;103,679202824323;25,0479912018808;0,967741935483871;1
906;104,818689364337;44,5339462739397;0,967741935483871;1
907;102,104588281788;28,0603710651864;0,967741935483871;1
908;104,217060114665;69,1107757607795;0,967741935483871;1
909;106,014176281142;41,6851242542582;0,967741935483871;1
910;101;11,163413449247;0,806451612903226;0,838709677419355
911;102,562338056553;16,0747372246813;0,967741935483871;1
912;106,686757757413;39,7774178901394;0,967741935483871;1
913;102,248191484725;18,088280111384;0,967741935483871;1
914;102,981892185812;16,5846520580097;0,967741935483871;1
915;103,692998105203;6,29074246580502;0,967741935483871;1
916;102,591938606337;8,42543333640134;0,967741935483871;1
917;103,163409592406;5,58264742172993;0,967741935483871;1
918;103,05672619027;24,6195961914332;0,967741935483871;1
919;104,407285453318;21,5758183137191;0,967741935483871;1
920;100,682832275017;19,3612201392512;0,967741935483871;1
921;103,646201865979;22,1211625216327;0,967741935483871;1
922;103,633870946298;24,8872803116051;0,967741935483871;1
923;104,094563130739;14,8114749224516;0,967741935483871;1
924;109,513779317986;104,953696702286;0,967741935483871;1
925;104,057734187752;29,7501000875677;0,967741935483871;1
926;101,073865589011;10,5447880445592;0,967741935483871;1
927;106,080623200644;19,1335462192234;0,967741935483871;1
928;102,521017126333;7,76837321185541;0,967741935483871;1
929;103,914560172194;41,7263503042383;0,967741935483871;1
930;103,073550373013;10,1080667522759;0,967741935483871;1
931;99,6423370250085;18,5446246861209;0,967741935483871;1
932;103,133331165172;10,0578615482125;0,967741935483871;1
933;101,294844940322;10,8975078139864;0,967741935483871;1
934;106,21160419852;41,2783679101847;0,967741935483871;1
935;105,100396928542;26,5181081131025;0,967741935483871;1
936;105,770705197748;15,1505666237578;0,967741935483871;1
937;101,921696823435;27,9342315028961;0,967741935483871;1
938;105,924488710071;74,9364518672184;0,967741935483871;1
939;103,572931723722;24,7901781723347;0,967741935483871;1
940;103,193636703097;12,9043161465197;0,967741935483871;1
941;103,465889336263;30,6693057721229;0,967741935483871;1
942;103,505618093343;55,8853639837192;0,967741935483871;1
943;106,283869654325;40,228754108658;0,967741935483871;1
944;103,492681009774;33,2583117993328;0,967741935483871;1
945;110,839801003877;81,3259613117914;0,967741935483871;1
946;104,00281875778;22,8770322364359;0,967741935483871;1
947;102,128993040323;33,4261474101082;0,967741935483871;1
948;107,01002491689;52,691827536223;0,967741935483871;1
949;103,922859669679;8,4934251576559;0,967741935483871;1
950;103,343609703208;15,1920797207947;0,967741935483871;1
951;106,033589840766;59,151548641477;0,967741935483871;1
952;105,902722355449;25,142117338936;0,967741935483871;1
953;102,761350527163;11,4625418141779;0,967741935483871;1
954;103,86917249237;23,8951224526909;0,967741935483871;1
955;104,654639086862;36,8920101556317;0,967741935483871;1
956;106,547508307337;80,2587088026619;0,967741935483871;1
957;102,469680595499;3,89560613352036;0,967741935483871;1
958;102,821001483133;28,8945996353867;0,967741935483871;1
959;107,401216342105;83,113520502947;0,967741935483871;1
960;101,897922805381;17,7516271226938;0,967741935483871;1
961;100,484512682667;28,8170659369628;0,967741935483871;1
962;104,352058795236;22,9798877115083;0,967741935483871;1
963;100,378020072216;13,8527138997568;0,967741935483871;1
964;102,058355109333;31,8277460960001;0,967741935483871;1
965;101,523797833622;22,7868829365281;0,967741935483871;1
966;102,261646755057;12,8889375855517;0,967741935483871;1
967;103,059916830179;20,1608766959964;0,967741935483871;1
968;100,872779720272;12,6991112816857;0,967741935483871;1
969;105,86616542731;21,5693490224919;0,967741935483871;1
970;106,867793578534;40,5292437727455;0,967741935483871;1
971;104,383701273412;66,2685497872805;0,967741935483871;1
972;101,996424933914;7,36368645159197;0,967741935483871;1
973;102,677083311435;51,4337716075189;0,967741935483871;1
974;106,805382819592;55,3331142184408;0,967741935483871;1
975;106,023226856188;39,338648565176;0,967741935483871;1
976;104,499503033107;8,69896884418328;0,967741935483871;1
977;103,737957141932;31,2098163471323;0,967741935483871;1
978;103,655010350867;12,8681322054623;0,967741935483871;1
979;101;9,7314046964249;0,806451612903226;0,838709677419355
980;108,203295208714;56,2870679942296;0,967741935483871;1
981;102,223310167927;17,1844793912348;0,967741935483871;1
982;100,61770167569;15,4788078718408;0,967741935483871;1
983;102,51833700339;8,7514165055941;0,967741935483871;1
984;107,137593021705;49,7420056024927;0,967741935483871;1
985;109,292643035584;81,3418843200001;0,967741935483871;1
986;106,710762403301;49,8807290597011;0,967741935483871;1
987;102,42685901984;10,4169527807558;0,967741935483871;1
988;107,436871728262;99,5072299829545;0,967741935483871;1
989;103,141449370117;36,3529727970222;0,967741935483871;1
990;103,426799023431;18,4691271800621;0,967741935483871;1
991;101,449144711715;5,33318211933605;0,967741935483871;1
992;100,787807074323;11,5134905270205;0,967741935483871;1
993;102,369733021632;16,3414580601424;0,967741935483871;1
994;101,603663149969;36,2631206589632;0,967741935483871;1
995;105,038578410785;45,4201630025076;0,967741935483871;1
996;104,222469122985;47,0504207457737;0,967741935483871;1
997;101,173960225348;16,8173557716177;0,967741935483871;1
998;104,744506230931;37,3783813693692;0,967741935483871;1
999;107,518424559393;78,5777244642957;0,967741935483871;1
