Instance Name; Schedule Type;SoFS;Run nr;QM1;QM2
30j-75r-4m.ms;Random;363;1;188,417005497886;117,144677268961;0,967741935483871;1
30j-75r-4m.ms;Random;363;2;184,025592104872;65,0888173190376;0,967741935483871;1
30j-75r-4m.ms;Random;363;3;185,552325791124;55,1266689977946;0,967741935483871;1
30j-75r-4m.ms;Random;363;4;188,893960358252;104,870643533631;0,967741935483871;1
30j-75r-4m.ms;Random;363;5;188,348923357404;87,9777346092726;0,967741935483871;1
30j-75r-4m.ms;Random;363;6;188,081787517906;122,099600501038;0,967741935483871;1
30j-75r-4m.ms;Random;363;7;191,82950238694;164,16026571502;0,967741935483871;1
30j-75r-4m.ms;Random;363;8;196,215481681782;219,60955178967;0,967741935483871;1
30j-75r-4m.ms;Random;363;9;187,386696689462;117,487855246546;0,967741935483871;1
