0;123,215678066285;85,0673201221554;0,935483870967742;0,967741935483871
1;124,614531839753;99,103876499769;0,935483870967742;1
2;124,841540561317;114,704152095772;0,935483870967742;0,967741935483871
3;122,338675232442;78,6007904983023;0,935483870967742;0,967741935483871
4;123,352094014129;100,415297341151;0,935483870967742;0,967741935483871
5;126,2974603502;91,4578251836984;0,935483870967742;0,967741935483871
6;123,333590328587;107,722949338447;0,935483870967742;0,967741935483871
7;123,447377704325;80,2492749102427;0,935483870967742;0,967741935483871
8;124,786191667238;109,777526268529;0,935483870967742;1
9;124,368345227034;113,654193050486;0,935483870967742;0,967741935483871
10;119,703096102741;80,6415983094754;0,935483870967742;0,967741935483871
11;122,519854356792;77,7020256861644;0,935483870967742;0,967741935483871
12;120,444544800373;81,6995008260609;0,935483870967742;1
13;122,048927153168;63,1794041956462;0,935483870967742;0,967741935483871
14;124,54923290565;104,796629296622;0,935483870967742;1
15;122,858351320415;110,466341220975;0,935483870967742;0,967741935483871
16;121,544402583289;72,2618069847468;0,935483870967742;1
17;123,042830142542;73,6550310110235;0,935483870967742;1
18;129,576721280837;171,130476684989;0,935483870967742;1
19;125,846835060867;92,0456117056674;0,935483870967742;1
20;121,233242374543;92,6682220649553;0,935483870967742;0,967741935483871
21;122,388524740364;88,5726129492612;0,935483870967742;1
22;121,181822445944;73,0020281142852;0,935483870967742;1
23;123,291840887223;71,9234756165504;0,935483870967742;1
24;122,635104613749;79,06889134309;0,935483870967742;1
25;120,155440289499;77,6273053474201;0,935483870967742;0,967741935483871
26;122,491588704991;88,9943578875839;0,935483870967742;0,967741935483871
27;120,215885606693;90,1198188757803;0,935483870967742;0,967741935483871
28;123,229154342068;99,2815747890314;0,935483870967742;0,967741935483871
29;122,474879769625;65,3708130598671;0,935483870967742;0,967741935483871
30;123,691674943208;106,365020460379;0,935483870967742;0,967741935483871
31;122,142575549084;71,8932664212727;0,935483870967742;0,967741935483871
32;120,852999887591;72,4076552863683;0,935483870967742;0,967741935483871
33;121,830264374976;82,6856786264708;0,935483870967742;0,967741935483871
34;122,508596599842;111,62039712812;0,935483870967742;0,967741935483871
35;123,415147406708;87,6600047956413;0,935483870967742;0,967741935483871
36;120,321571746553;78,7612265387171;0,935483870967742;0,967741935483871
37;124,830097469215;97,2455172692382;0,935483870967742;1
38;121,93298973835;68,6552746509167;0,935483870967742;1
39;124,525197493042;83,2030344199774;0,935483870967742;0,967741935483871
40;119,664826083719;72,3993022489865;0,935483870967742;0,967741935483871
41;122,718391039221;78,0275541842073;0,935483870967742;0,967741935483871
42;122,175549482464;87,3690927313815;0,935483870967742;1
43;125,067708024332;128,841475665733;0,935483870967742;1
44;119,737637078178;71,5575918632626;0,935483870967742;1
45;120,232232291765;67,2715709141203;0,935483870967742;0,967741935483871
46;122,18473497462;89,7720883324625;0,935483870967742;1
47;123,485067825218;87,0740632820722;0,935483870967742;0,967741935483871
48;120,616236796655;67,5981650007679;0,935483870967742;0,967741935483871
49;123,227473849312;85,1468912841581;0,935483870967742;1
50;124,088407925872;97,90533292106;0,935483870967742;1
51;122,413054130552;77,3955609180477;0,935483870967742;0,967741935483871
52;124,261977848378;128,278840989064;0,935483870967742;1
53;125,779192101295;99,8784452396887;0,935483870967742;1
54;125,054420833177;73,5284189603821;0,935483870967742;0,967741935483871
55;121,269681941464;88,2527516347563;0,935483870967742;0,967741935483871
56;126,764893038944;130,034339561022;0,935483870967742;1
57;125,087134301881;87,0685418165504;0,935483870967742;1
58;123,493180298;123,627937094557;0,935483870967742;1
59;121,581451182368;89,6066222371089;0,935483870967742;0,967741935483871
60;126,291863102919;105,433925165586;0,935483870967742;1
61;122,086796408005;73,5008290738734;0,935483870967742;0,967741935483871
62;121,794631714606;84,1574679760877;0,935483870967742;0,967741935483871
63;123,417514585624;88,4311252770156;0,935483870967742;1
64;122,577290544888;83,3026361568256;0,935483870967742;1
65;128,160830640462;168,529048221426;0,935483870967742;1
66;124,206874007419;109,211143971063;0,935483870967742;0,967741935483871
67;121,405621109385;65,6733188436977;0,935483870967742;1
68;122,785413032739;78,1200023591842;0,935483870967742;0,967741935483871
69;122,183762498351;70,3688108252751;0,935483870967742;0,967741935483871
70;125,471797484392;102,562762051009;0,935483870967742;1
71;123,307878662444;88,0890456231437;0,935483870967742;0,967741935483871
72;120,427288932145;104,932764280167;0,935483870967742;0,967741935483871
73;119,137863448652;88,0037735063986;0,935483870967742;1
74;122,27787265548;91,5537862210729;0,935483870967742;1
75;122,869159143618;65,8851763688429;0,935483870967742;0,967741935483871
76;127,150203979057;103,305695462929;0,935483870967742;0,967741935483871
77;124,354363741849;69,3540985209025;0,935483870967742;0,967741935483871
78;126,672022900374;101,261807557671;0,935483870967742;1
79;122,008912686943;97,9807980498296;0,935483870967742;1
80;122,923998887237;78,1644686918222;0,935483870967742;0,967741935483871
81;119,313080212827;92,543251620113;0,935483870967742;1
82;126,482083382948;131,023813808048;0,935483870967742;0,967741935483871
83;126,048880135839;89,967849966258;0,935483870967742;1
84;122,033032576683;79,8234195446731;0,935483870967742;1
85;122,167347885344;85,0257118812935;0,935483870967742;1
86;124,157684645199;85,2722958977612;0,935483870967742;1
87;128,548773447564;128,288760666649;0,935483870967742;0,967741935483871
88;120,860315878074;76,2417126899952;0,935483870967742;1
89;122,84293049656;79,7914276933596;0,935483870967742;0,967741935483871
90;124,269323293954;94,3253251682333;0,935483870967742;0,967741935483871
91;122,49218603147;85,4786201905768;0,935483870967742;0,967741935483871
92;122,401357221347;82,7845186848495;0,935483870967742;1
93;120,740164863731;76,607716729521;0,935483870967742;1
94;125,14243296544;124,433800359296;0,935483870967742;0,967741935483871
95;125,835932670272;102,991382406471;0,935483870967742;1
96;122,321944343793;88,6785966077544;0,935483870967742;0,967741935483871
97;126,734885973254;108,839848853686;0,935483870967742;1
98;121,885239784934;91,0313447687815;0,935483870967742;1
99;124,043111095469;101,318200396148;0,935483870967742;0,967741935483871
100;122,132230674855;68,9037047214228;0,935483870967742;1
101;123,132032048879;88,6772702869877;0,935483870967742;1
102;123,055702178774;71,5218783780399;0,935483870967742;0,967741935483871
103;122,156526053135;87,736133770531;0,935483870967742;1
104;123,05288837271;74,9219202905409;0,935483870967742;1
105;123,965118887434;160,400330822237;0,935483870967742;0,967741935483871
106;122,968578772963;90,8829490823089;0,935483870967742;0,967741935483871
107;122,299557982964;75,9223133613287;0,935483870967742;1
108;124,712665790162;93,5927317575143;0,935483870967742;1
109;120,92235319528;91,9566434555343;0,935483870967742;0,967741935483871
110;121,373732635899;66,3361223956367;0,935483870967742;1
111;121,040934776757;84,3984493428351;0,935483870967742;0,967741935483871
112;124,161704142974;95,0931633281963;0,935483870967742;0,967741935483871
113;120,147927328359;79,4621541288006;0,935483870967742;1
114;119,114498118709;69,7692748473349;0,935483870967742;1
115;125,265151738279;80,0581928534943;0,935483870967742;0,967741935483871
116;120,888683356546;80,3581579977033;0,935483870967742;1
117;122,464680340234;99,8571626567476;0,935483870967742;0,967741935483871
118;121,536686957817;76,0115135469812;0,935483870967742;1
119;120,836447591814;80,0339842430928;0,935483870967742;1
120;122,62902587359;85,7562700035483;0,935483870967742;0,967741935483871
121;122,181143722949;79,212682610416;0,935483870967742;0,967741935483871
122;124,950589832383;78,0170850443821;0,935483870967742;1
123;125,189544206999;94,1523328761519;0,935483870967742;1
124;122,120754890575;81,1972094155685;0,935483870967742;0,967741935483871
125;120,363506814091;81,2899123930454;0,935483870967742;0,967741935483871
126;124,080269817394;86,3830754159307;0,935483870967742;1
127;123,346978166882;90,8685526232784;0,935483870967742;0,967741935483871
128;122,161028087579;93,3889369451704;0,935483870967742;1
129;122,235036555859;88,2527754892676;0,935483870967742;1
130;121,044908534098;73,1409628748529;0,935483870967742;0,967741935483871
131;122,62446825915;87,0326651224421;0,935483870967742;0,967741935483871
132;123,702523127451;118,189909881837;0,935483870967742;0,967741935483871
133;124,130776328409;96,7847921553904;0,935483870967742;1
134;123,887897158387;75,1583764892012;0,935483870967742;0,967741935483871
135;125,446715090163;77,7756048626562;0,935483870967742;0,967741935483871
136;121,119399522545;67,6654201037658;0,935483870967742;0,967741935483871
137;121,885303386101;73,3406234750254;0,935483870967742;0,967741935483871
138;121,716964063109;112,363076125259;0,935483870967742;0,967741935483871
139;121,201126378335;88,1567907452505;0,935483870967742;1
140;119,289143438866;68,7914917762089;0,935483870967742;1
141;123,284620659582;89,3777358872893;0,935483870967742;0,967741935483871
142;120,748181140771;81,8469971986011;0,935483870967742;1
143;121,70818200621;68,3608560024741;0,935483870967742;1
144;119,870693975477;82,481712364318;0,935483870967742;0,967741935483871
145;123,22141825923;91,3330947924887;0,935483870967742;1
146;120,994938019787;83,5391839617754;0,935483870967742;1
147;120,830449142344;80,7909648754938;0,935483870967742;1
148;124,538974820378;89,1807914075505;0,935483870967742;1
149;120,974201623111;113,066269168664;0,935483870967742;0,967741935483871
150;121,037958456429;65,5010650853908;0,935483870967742;1
151;123,264599908109;84,7893830220146;0,935483870967742;1
152;120,321693392625;66,496395068956;0,935483870967742;1
153;119,533795442696;75,9225941354751;0,935483870967742;0,967741935483871
154;120,032157611329;64,0012335811647;0,935483870967742;1
155;123,068678056447;81,8974273495926;0,935483870967742;1
156;121,076854063711;75,0633191783832;0,935483870967742;1
157;123,99083276973;115,29179143534;0,935483870967742;0,967741935483871
158;121,851450313858;81,386897456035;0,935483870967742;1
159;125,174417618846;96,552787345065;0,935483870967742;1
160;121,3805048587;87,9754281733086;0,935483870967742;0,967741935483871
161;122,66208022645;86,3625242868032;0,935483870967742;0,967741935483871
162;122,030517754317;92,8956549880382;0,935483870967742;1
163;125,082517491434;78,3597140919128;0,935483870967742;1
164;125,690456077121;84,9440073095619;0,935483870967742;0,967741935483871
165;123,565358587282;91,6791381242377;0,935483870967742;1
166;122,518273567048;111,216858945755;0,935483870967742;1
167;120,586853020782;80,7439293811797;0,935483870967742;1
168;119,205208462184;71,0405118625402;0,935483870967742;0,967741935483871
169;122,338307219221;85,2267124725148;0,935483870967742;1
170;120,991080206671;73,982007881978;0,935483870967742;1
171;122,748056551201;79,5513259899801;0,935483870967742;0,967741935483871
172;121,112122780404;95,1996615489328;0,935483870967742;0,967741935483871
173;123,748692326495;97,4144191354959;0,935483870967742;1
174;121,084524633563;81,2478756193291;0,935483870967742;0,967741935483871
175;121,933598229492;92,4803712328468;0,935483870967742;1
176;121,981847146593;83,2347502504986;0,935483870967742;1
177;121,426593777314;75,0000452562162;0,935483870967742;0,967741935483871
178;123,721247156929;75,7683476281404;0,935483870967742;1
179;121,116041345197;80,9098166112218;0,935483870967742;1
180;122,583797302384;78,4257890551492;0,935483870967742;1
181;121,522867862789;68,7210189238063;0,935483870967742;0,967741935483871
182;125,533905384778;89,5792791411368;0,935483870967742;1
183;121,271547974439;81,352658188877;0,935483870967742;0,967741935483871
184;122,059832142072;90,1100476710353;0,935483870967742;1
185;122,289157490714;86,8182452927842;0,935483870967742;1
186;123,65503342958;89,1279865326705;0,935483870967742;1
187;122,69430051601;71,5211003415909;0,935483870967742;0,967741935483871
188;124,739539290844;97,3345876093472;0,935483870967742;1
189;121,719906943807;62,5730338678584;0,935483870967742;0,967741935483871
190;122,871606773285;63,9310519244307;0,935483870967742;0,967741935483871
191;123,578761719772;136,038091864438;0,935483870967742;1
192;120,320998539523;70,6944188955407;0,935483870967742;1
193;121,122265422255;98,9107635544058;0,935483870967742;1
194;120,547232399439;81,3358853053261;0,935483870967742;1
195;123,25778263152;87,201975387699;0,935483870967742;1
196;122,664784711861;78,7928908531921;0,935483870967742;1
197;122,131329405028;93,1730429292331;0,935483870967742;0,967741935483871
198;120,552130051983;87,0384520470955;0,935483870967742;0,967741935483871
199;125,385301936291;86,0995272364814;0,935483870967742;0,967741935483871
200;120,627378916072;79,5697437002497;0,935483870967742;0,967741935483871
201;121,520432389878;87,4736924725896;0,935483870967742;0,967741935483871
202;125,251886507626;98,6338475501518;0,935483870967742;1
203;122,288293467384;86,6732733264463;0,935483870967742;1
204;121,118846557954;74,2694411586565;0,935483870967742;0,967741935483871
205;121,841280432642;76,2203896296377;0,935483870967742;0,967741935483871
206;122,297753216603;88,2231468513487;0,935483870967742;1
207;122,324700149491;100,623122650002;0,935483870967742;1
208;125,103999973822;140,022575753662;0,935483870967742;0,967741935483871
209;123,426597201937;92,6075139023831;0,935483870967742;0,967741935483871
210;121,319110719543;73,1073069705457;0,935483870967742;1
211;128,046531160131;117,615278609578;0,935483870967742;1
212;124,957414006495;80,792876689433;0,935483870967742;0,967741935483871
213;121,217021010379;85,3996125973516;0,935483870967742;1
214;127,104027947322;89,0630768433205;0,935483870967742;0,967741935483871
215;124,40195823097;98,0179710478309;0,935483870967742;1
216;121,416907698948;86,1205357949399;0,935483870967742;1
217;120,770102483993;87,019852157801;0,935483870967742;1
218;121,03947794765;71,3922350252677;0,935483870967742;0,967741935483871
219;121,362218614271;76,7621975878607;0,935483870967742;1
220;121,794231025413;83,0948444448029;0,935483870967742;1
221;124,808326372408;84,4957228557507;0,935483870967742;1
222;124,979628204959;87,676084094153;0,935483870967742;0,967741935483871
223;121,327520714072;97,927337768494;0,935483870967742;0,967741935483871
224;123,783216202448;104,391856639844;0,935483870967742;1
225;120,819766110547;87,5697150297625;0,935483870967742;1
226;121,593934619503;76,394847079693;0,935483870967742;1
227;122,299456327361;72,3298861567239;0,935483870967742;0,967741935483871
228;122,533324547813;84,0619541133626;0,935483870967742;1
229;121,125300212786;75,8625519282778;0,935483870967742;1
230;125,130271386328;88,8998878517453;0,935483870967742;1
231;120,305105624746;78,3658183160318;0,935483870967742;1
232;120,966939635296;90,6237921287906;0,935483870967742;0,967741935483871
233;123,452798346399;86,6419035043185;0,935483870967742;1
234;120,625606437145;73,8369713980194;0,935483870967742;1
235;122,11172226913;64,9355606455434;0,935483870967742;0,967741935483871
236;122,718680500955;80,9046486205404;0,935483870967742;1
237;124,936895253965;116,843877788205;0,935483870967742;0,967741935483871
238;122,519300727594;80,8578285007898;0,935483870967742;1
239;125,250180777264;114,393989119464;0,935483870967742;1
240;120,756593470712;80,9146795772128;0,935483870967742;1
241;120,941052483532;79,7792340121124;0,935483870967742;0,967741935483871
242;122,292814607082;80,7141502404228;0,935483870967742;0,967741935483871
243;124,298612030924;97,7222538882016;0,935483870967742;1
244;124,650020785872;89,2569864773565;0,935483870967742;0,967741935483871
245;120,803419603693;85,6593252186661;0,935483870967742;0,967741935483871
246;120,454703242558;105,268865726623;0,935483870967742;0,967741935483871
247;124,934831331678;119,746008128156;0,935483870967742;1
248;123,645797374277;81,4602555717348;0,935483870967742;1
249;123,076222591406;84,5242790974242;0,935483870967742;1
250;124,524572585929;137,5436657193;0,935483870967742;1
251;124,407403164373;89,9837923912655;0,935483870967742;0,967741935483871
252;121,471812662924;75,1544779834999;0,935483870967742;0,967741935483871
253;124,530808559013;107,035948307129;0,935483870967742;0,967741935483871
254;122,015811721578;110,112211401735;0,935483870967742;0,967741935483871
255;121,132109976867;68,9310815421412;0,935483870967742;0,967741935483871
256;120,623546175258;79,0885374972016;0,935483870967742;0,967741935483871
257;126,910472501861;103,94432945185;0,935483870967742;0,967741935483871
258;122,266308114964;68,8155777249722;0,935483870967742;0,967741935483871
259;120,313860452223;90,5236782557624;0,935483870967742;1
260;124,500953744529;103,524348567022;0,935483870967742;1
261;123,878068190324;78,0420750155946;0,935483870967742;0,967741935483871
262;121,779719974435;72,8290636257803;0,935483870967742;1
263;120,493073128635;70,8197757148991;0,935483870967742;1
264;122,233118709108;77,0275683564983;0,935483870967742;0,967741935483871
265;119,315795534794;78,8583757985676;0,935483870967742;0,967741935483871
266;122,425595024064;114,204663135194;0,935483870967742;1
267;121,925294570987;75,2702427399694;0,935483870967742;1
268;123,063910756851;76,1505222405562;0,935483870967742;0,967741935483871
269;120,205406979796;70,7926643743793;0,935483870967742;1
270;120,096693136505;70,532745381137;0,935483870967742;0,967741935483871
271;124,18374500979;94,4890210190679;0,935483870967742;0,967741935483871
272;120,079898866146;85,7667762252;0,935483870967742;1
273;121,025749199173;82,5326160647831;0,935483870967742;0,967741935483871
274;126,105591925416;128,776272695777;0,935483870967742;0,967741935483871
275;122,522908955482;84,186480159289;0,935483870967742;1
276;119,914525144107;75,8935811715956;0,935483870967742;0,967741935483871
277;122,569674823763;67,5321119863347;0,935483870967742;1
278;120,752211918478;110,046277608504;0,935483870967742;1
279;124,463708146362;81,7351964961967;0,935483870967742;1
280;124,438696877098;105,945357582899;0,935483870967742;0,967741935483871
281;125,018255880755;123,34440666309;0,935483870967742;1
282;122,87202835757;80,8689072727764;0,935483870967742;0,967741935483871
283;124,963807020519;113,892142697393;0,935483870967742;0,967741935483871
284;121,654171195923;88,2124415013881;0,935483870967742;1
285;122,950552903742;70,4626273282264;0,935483870967742;1
286;123,383335547805;80,5873804988005;0,935483870967742;0,967741935483871
287;126,325396433402;96,6635775527919;0,935483870967742;1
288;121,973658767241;92,1161243380107;0,935483870967742;0,967741935483871
289;121,753350015534;77,8785812276382;0,935483870967742;0,967741935483871
290;120,641513395253;74,2810933159488;0,935483870967742;0,967741935483871
291;121,311138453132;84,0814706116659;0,935483870967742;0,967741935483871
292;122,897455424802;76,065487410159;0,935483870967742;1
293;125,701683523557;131,454890149819;0,935483870967742;1
294;124,007541606114;95,2557592695927;0,935483870967742;1
295;121,980705456509;73,7426075176682;0,935483870967742;0,967741935483871
296;120,600407580996;99,9363353543269;0,935483870967742;0,967741935483871
297;125,127579996635;86,2054024503631;0,935483870967742;1
298;121,054228930805;82,0720516698139;0,935483870967742;1
299;125,037211664429;89,6955962176348;0,935483870967742;1
300;121,607012581746;65,7893252624461;0,935483870967742;1
301;121,449037069045;80,504570384296;0,935483870967742;0,967741935483871
302;118,695051659968;81,9155593703546;0,935483870967742;1
303;122,014380038343;61,9483908163537;0,935483870967742;0,967741935483871
304;123,263271690992;91,367598683075;0,935483870967742;1
305;124,193861848543;78,9814830713447;0,935483870967742;0,967741935483871
306;122,683758774093;73,920306506438;0,935483870967742;0,967741935483871
307;120,054649186733;64,3512193995231;0,935483870967742;1
308;124,333437823112;99,4534143807522;0,935483870967742;1
309;121,386725965245;69,5592578533981;0,935483870967742;1
310;120,230134424954;79,3323070089776;0,935483870967742;0,967741935483871
311;121,123762813122;80,5600725960496;0,935483870967742;1
312;121,794893603365;89,672566944174;0,935483870967742;0,967741935483871
313;123,786064619463;77,2799948319846;0,935483870967742;1
314;121,846718057536;78,1560590044706;0,935483870967742;0,967741935483871
315;125,223141900033;81,8856658467926;0,935483870967742;0,967741935483871
316;121,300706028314;67,3822727675244;0,935483870967742;0,967741935483871
317;123,315600597575;71,4662770700139;0,935483870967742;0,967741935483871
318;122,475151276707;112,396258865619;0,935483870967742;0,967741935483871
319;128,252085335413;117,101989999609;0,935483870967742;0,967741935483871
320;124,401150049038;114,413360376894;0,935483870967742;0,967741935483871
321;121,860094942115;66,9818915605363;0,935483870967742;1
322;121,401523780736;75,7829020627265;0,935483870967742;1
323;125,394322380778;99,0391027810514;0,935483870967742;1
324;124,102692143969;81,3666807069665;0,935483870967742;0,967741935483871
325;124,415644664595;105,25955100487;0,935483870967742;1
326;122,423632441192;96,9485675124121;0,935483870967742;1
327;123,358672189784;71,1145511733461;0,935483870967742;1
328;121,872388336454;87,5598329934407;0,935483870967742;0,967741935483871
329;126,290857297629;108,963409710964;0,935483870967742;0,967741935483871
330;124,759856489505;90,543994974893;0,935483870967742;1
331;124,550032750951;72,342140446808;0,935483870967742;1
332;124,833722706201;69,7353221481747;0,935483870967742;0,967741935483871
333;126,664285135281;100,100522776803;0,935483870967742;1
334;124,597031817037;129,325586272966;0,935483870967742;0,967741935483871
335;122,740238185252;76,2262869134618;0,935483870967742;0,967741935483871
336;120,540743257116;77,9930023688306;0,935483870967742;0,967741935483871
337;120,545219178611;63,3686499318157;0,935483870967742;0,967741935483871
338;119,274265452349;80,144961633808;0,935483870967742;1
339;124,895440511954;94,4561891739689;0,935483870967742;0,967741935483871
340;124,644101835195;83,9942132047244;0,935483870967742;1
341;124,315502532417;90,7455685226991;0,935483870967742;1
342;122,412886567964;91,5406272162939;0,935483870967742;0,967741935483871
343;122,448265167473;76,3417312132032;0,935483870967742;0,967741935483871
344;123,820008093192;95,2912834276567;0,935483870967742;0,967741935483871
345;122,207722933358;84,6367315503881;0,935483870967742;0,967741935483871
346;122,286322099355;95,0162451261281;0,935483870967742;0,967741935483871
347;122,27628655807;82,4233577546268;0,935483870967742;0,967741935483871
348;120,468794109129;78,9626144112173;0,935483870967742;1
349;121,954963527504;89,7262979109867;0,935483870967742;0,967741935483871
350;120,855571821036;76,9450638982225;0,935483870967742;1
351;122,269809040158;79,7169721480692;0,935483870967742;1
352;125,773497332207;95,9910026213261;0,935483870967742;1
353;119,949330795889;79,4427313881058;0,935483870967742;0,967741935483871
354;120,61938716268;126,703756665191;0,935483870967742;1
355;122,355857750457;65,4509413557017;0,935483870967742;0,967741935483871
356;121,481248826252;92,7120300607224;0,935483870967742;0,967741935483871
357;126,425588530259;117,11936450032;0,935483870967742;1
358;123,113880004923;72,3467304709074;0,935483870967742;1
359;124,901389168697;86,1009310452125;0,935483870967742;1
360;121,580511050826;78,3030705166705;0,935483870967742;0,967741935483871
361;125,79544190879;98,8652826399546;0,935483870967742;1
362;121,447347862359;81,9206068627468;0,935483870967742;1
363;120,367993774422;86,6585073320463;0,935483870967742;0,967741935483871
364;127,381684308295;131,865871390082;0,935483870967742;0,967741935483871
365;123,728753064559;81,8296328590177;0,935483870967742;1
366;122,738583365951;82,1456018412334;0,935483870967742;1
367;125,946834267248;116,75954799158;0,935483870967742;1
368;121,256950753387;74,616770709957;0,935483870967742;1
369;122,339574065404;64,6029022892205;0,935483870967742;0,967741935483871
370;120,854694433608;69,0669973211746;0,935483870967742;0,967741935483871
371;121,240337914014;79,7949463451577;0,935483870967742;1
372;121,40075538515;74,2376589578439;0,935483870967742;1
373;121,585714871491;84,6863868365707;0,935483870967742;1
374;123,599679549312;87,8211817944533;0,935483870967742;0,967741935483871
375;123,808657417567;77,9688625163612;0,935483870967742;0,967741935483871
376;122,463089524377;91,26167393728;0,935483870967742;1
377;122,554230947082;71,079156916994;0,935483870967742;1
378;124,474096886838;99,5620484953029;0,935483870967742;1
379;120,19933773312;80,5197382568294;0,935483870967742;1
380;124,52764687767;103,858724313668;0,935483870967742;1
381;124,860890959223;109,280531758336;0,935483870967742;1
382;124,656571670104;88,8187731624075;0,935483870967742;0,967741935483871
383;121,614993778388;73,7094536481041;0,935483870967742;0,967741935483871
384;121,296731056597;66,7546793633988;0,935483870967742;0,967741935483871
385;122,010051419032;92,89594937936;0,935483870967742;0,967741935483871
386;121,75156986901;88,115332478244;0,935483870967742;1
387;124,319217390366;84,9848605169738;0,935483870967742;1
388;130,265770352522;151,943549088303;0,935483870967742;0,967741935483871
389;123,068964413071;87,1569908297241;0,935483870967742;0,967741935483871
390;123,362362719921;103,041983625057;0,935483870967742;0,967741935483871
391;125,167528655328;85,2947215266313;0,935483870967742;1
392;121,864300434545;97,5276944302949;0,935483870967742;1
393;120,370840774459;73,7239528720563;0,935483870967742;0,967741935483871
394;123,370924814468;89,6446158442133;0,935483870967742;1
395;121,281715046636;94,0590195809068;0,935483870967742;0,967741935483871
396;122,44662924954;89,9949380960101;0,935483870967742;0,967741935483871
397;121,799220047693;72,4194535040031;0,935483870967742;1
398;121,91916250375;90,5530912029407;0,935483870967742;0,967741935483871
399;123,675765324225;77,2352151007328;0,935483870967742;1
400;121,318427680559;81,3723543899521;0,935483870967742;1
401;123,141696843564;86,0109613414929;0,935483870967742;0,967741935483871
402;126,223939110614;100,437304848704;0,935483870967742;1
403;127,167842249772;101,406316937345;0,935483870967742;0,967741935483871
404;122,389881674152;75,9332803325203;0,935483870967742;1
405;122,181602990632;81,9219081326286;0,935483870967742;0,967741935483871
406;123,627084411857;81,696634723028;0,935483870967742;0,967741935483871
407;121,357641609287;72,9497097836297;0,935483870967742;0,967741935483871
408;122,267566081483;79,9288397411819;0,935483870967742;0,967741935483871
409;121,879634965568;84,480630869223;0,935483870967742;1
410;122,898481718991;87,545358032695;0,935483870967742;0,967741935483871
411;122,773026965317;97,2014953218811;0,935483870967742;0,967741935483871
412;121,564135129561;78,7508044925738;0,935483870967742;0,967741935483871
413;123,230430808941;92,4473466486938;0,935483870967742;0,967741935483871
414;121,034549551479;72,8456790717487;0,935483870967742;0,967741935483871
415;120,95456867799;83,3410805851699;0,935483870967742;1
416;121,001721900319;72,6039886577656;0,935483870967742;0,967741935483871
417;119,624658431615;78,3138236390532;0,935483870967742;0,967741935483871
418;121,828045273606;75,8354599577399;0,935483870967742;1
419;119,56692821487;91,5686380095081;0,935483870967742;1
420;123,520436570476;81,7547755908447;0,935483870967742;0,967741935483871
421;121,878053426244;71,1200538351432;0,935483870967742;1
422;125,570427008383;96,1049136625823;0,935483870967742;0,967741935483871
423;123,732220764789;88,366646078533;0,935483870967742;1
424;122,353266931549;91,4067231897144;0,935483870967742;1
425;122,255531222677;72,6091967320172;0,935483870967742;0,967741935483871
426;122,542169441474;76,6113552721165;0,935483870967742;1
427;121,516189697313;79,5830945530428;0,935483870967742;0,967741935483871
428;124,164009882718;111,066839753097;0,935483870967742;1
429;124,636725339567;90,7215484517115;0,935483870967742;1
430;119,745402957589;75,2029802039381;0,935483870967742;1
431;121,010548721469;68,8427285404954;0,935483870967742;1
432;123,046011339717;77,6756621811883;0,935483870967742;1
433;121,249768924279;85,3605087117472;0,935483870967742;1
434;120,559214382576;70,5540868472473;0,935483870967742;0,967741935483871
435;121,025708048339;70,5871579782337;0,935483870967742;1
436;121,885265427669;85,8402288790582;0,935483870967742;1
437;120,565653003107;79,6256053854138;0,935483870967742;1
438;122,003379599358;90,8620256711244;0,935483870967742;1
439;126,531950273191;119,816954718396;0,935483870967742;1
440;121,883766226561;95,6915839600089;0,935483870967742;0,967741935483871
441;122,97571391621;90,7580345615121;0,935483870967742;1
442;121,756357325441;70,9463864340565;0,935483870967742;1
443;122,048992203028;78,9745235304244;0,935483870967742;0,967741935483871
444;119,197438210485;107,890489128825;0,935483870967742;0,967741935483871
445;121,164166155705;64,4810117264606;0,935483870967742;0,967741935483871
446;122,455237814966;83,6206383312305;0,935483870967742;0,967741935483871
447;120,932185235181;78,982568109176;0,935483870967742;0,967741935483871
448;120,332030242145;65,9777061303435;0,935483870967742;1
449;122,798782018834;87,8131206888731;0,935483870967742;0,967741935483871
450;126,140535704074;91,800955996117;0,935483870967742;0,967741935483871
451;123,256046767472;75,5708566265247;0,935483870967742;1
452;124,994041062629;80,8709815467043;0,935483870967742;1
453;123,245016783653;87,7518302289101;0,935483870967742;1
454;123,349062324539;91,7403468850376;0,935483870967742;1
455;120,337605601988;86,583717863889;0,935483870967742;1
456;120,192351387454;81,7009773499378;0,935483870967742;0,967741935483871
457;124,016860932059;101,608011679204;0,935483870967742;1
458;125,537683852909;117,788591185979;0,935483870967742;0,967741935483871
459;123,339504003629;78,9085492316405;0,935483870967742;1
460;121,862756077997;61,4690771284166;0,935483870967742;1
461;121,727443606943;78,7574520389537;0,935483870967742;0,967741935483871
462;121,744972426328;75,8118557145861;0,935483870967742;0,967741935483871
463;122,856810510287;90,7415840258392;0,935483870967742;1
464;125,409830463482;100,518341388895;0,935483870967742;1
465;121,291763995008;85,171143153656;0,935483870967742;0,967741935483871
466;123,619413850097;100,314618403051;0,935483870967742;1
467;122,419255129085;86,2835256123473;0,935483870967742;1
468;123,87007611644;112,258508778834;0,935483870967742;1
469;122,758551699676;99,6656262849898;0,935483870967742;0,967741935483871
470;120,877037110708;77,8486892244032;0,935483870967742;0,967741935483871
471;124,247431144937;119,095188110809;0,935483870967742;1
472;122,277806067483;86,032042754887;0,935483870967742;0,967741935483871
473;119,700115187303;86,8770609053498;0,935483870967742;0,967741935483871
474;120,523622462011;73,7436109934222;0,935483870967742;1
475;122,749644616945;83,5698187035703;0,935483870967742;0,967741935483871
476;122,368884974918;75,1579797081676;0,935483870967742;1
477;126,133282520603;99,1953437199709;0,935483870967742;1
478;123,532982045879;81,4639923000953;0,935483870967742;0,967741935483871
479;122,327931804704;66,3870692791747;0,935483870967742;1
480;122,791972399928;95,4941847522539;0,935483870967742;0,967741935483871
481;121,353876284114;90,2800114564088;0,935483870967742;0,967741935483871
482;126,990779896184;100,631085457964;0,935483870967742;0,967741935483871
483;120,051697067989;62,9532143065006;0,935483870967742;1
484;127,642051137571;101,642017402665;0,935483870967742;1
485;123,428372191331;108,828933721418;0,935483870967742;0,967741935483871
486;123,760194570925;83,2930927299892;0,935483870967742;1
487;123,065221819987;87,9311284692348;0,935483870967742;0,967741935483871
488;123,618899036285;93,0504595844179;0,935483870967742;1
489;120,231918302776;84,9371982103226;0,935483870967742;0,967741935483871
490;119,852485920004;72,0355982020153;0,935483870967742;0,967741935483871
491;119,402626132844;81,0227329705074;0,935483870967742;0,967741935483871
492;122,617755418098;105,094251809752;0,935483870967742;0,967741935483871
493;122,991711375224;125,490652099758;0,935483870967742;0,967741935483871
494;121,890587259177;78,2491343421108;0,935483870967742;0,967741935483871
495;126,0896191084;88,0463620136394;0,935483870967742;0,967741935483871
496;118,142564469997;61,6477278845129;0,935483870967742;1
497;122,202561953341;76,1339369063847;0,935483870967742;1
498;123,09985589729;96,5648087839119;0,935483870967742;0,967741935483871
499;123,474589945822;77,4613152797166;0,935483870967742;0,967741935483871
500;123,78588753631;87,0684413782438;0,935483870967742;0,967741935483871
501;121,579501358302;80,3458158192643;0,935483870967742;1
502;121,609188360337;84,6043747726809;0,935483870967742;1
503;121,238790077561;77,6207018882143;0,935483870967742;0,967741935483871
504;121,728748514331;73,5216914745202;0,935483870967742;1
505;120,756305322855;82,9807115850866;0,935483870967742;1
506;121,4791079681;121,013294242652;0,935483870967742;0,967741935483871
507;127,47022305463;120,775119109528;0,935483870967742;0,967741935483871
508;119,249997885463;79,0397874551923;0,935483870967742;0,967741935483871
509;121,851939255751;84,4706749352414;0,935483870967742;1
510;119,988923764924;86,5266627390344;0,935483870967742;1
511;125,692690310109;114,400776581962;0,935483870967742;1
512;121,007003266211;67,6522540861599;0,935483870967742;1
513;122,840869520815;82,5152072354613;0,935483870967742;1
514;126,280400272843;126,450792743489;0,935483870967742;0,967741935483871
515;120,214548955948;150,231025049542;0,935483870967742;0,967741935483871
516;118,493149960102;94,0301697123093;0,935483870967742;1
517;121,963131504066;101,375808103114;0,935483870967742;0,967741935483871
518;121,217930349045;74,7686828353586;0,935483870967742;1
519;119,131589963721;72,8822282134589;0,935483870967742;0,967741935483871
520;120,285170446215;88,7148190970574;0,935483870967742;1
521;123,735381828785;110,35081399736;0,935483870967742;1
522;121,649934315131;85,8008251636821;0,935483870967742;1
523;121,874075020047;78,8186223075168;0,935483870967742;1
524;125,866032518984;86,3397696660031;0,935483870967742;1
525;125,760131325144;103,159812767555;0,935483870967742;1
526;120,710284208708;72,7278731032854;0,935483870967742;0,967741935483871
527;119,754659436947;88,7786201515775;0,935483870967742;1
528;120,139609100122;75,3986016250132;0,935483870967742;0,967741935483871
529;121,083398672422;99,6010316939594;0,935483870967742;0,967741935483871
530;122,736328327742;89,7313647028587;0,935483870967742;0,967741935483871
531;125,493197740378;78,8778016224489;0,935483870967742;1
532;121,675085537064;78,3775223982723;0,935483870967742;0,967741935483871
533;120,1313292718;86,352136253038;0,935483870967742;0,967741935483871
534;125,183811577073;103,056429842989;0,935483870967742;1
535;122,119600554411;111,220738004745;0,935483870967742;1
536;122,563198377989;83,0378073196371;0,935483870967742;0,967741935483871
537;124,815195778483;102,943914735342;0,935483870967742;1
538;118,237953209749;83,4442068640868;0,935483870967742;1
539;120,449761575087;73,0195001050672;0,935483870967742;1
540;125,340835001674;75,1680894113461;0,935483870967742;1
541;124,177156476945;119,114956959558;0,935483870967742;1
542;123,784556648537;76,7925512340364;0,935483870967742;0,967741935483871
543;120,343064924876;92,8874263275922;0,935483870967742;0,967741935483871
544;125,2631514763;110,62591917467;0,935483870967742;0,967741935483871
545;123,265796713514;98,0948297855346;0,935483870967742;0,967741935483871
546;121,025717612393;69,6976415059893;0,935483870967742;1
547;121,708381543483;82,0055390764399;0,935483870967742;1
548;123,770089853059;82,3214339704336;0,935483870967742;1
549;124,934847427382;85,5615338166795;0,935483870967742;0,967741935483871
550;120,035427407326;78,9537869085055;0,935483870967742;0,967741935483871
551;125,122300008752;124,605107303806;0,935483870967742;1
552;122,003329003553;64,2327683416229;0,935483870967742;0,967741935483871
553;122,026886139852;88,6413508721043;0,935483870967742;1
554;124,581343110771;94,2790722699203;0,935483870967742;0,967741935483871
555;126,876007053621;101,80621875584;0,935483870967742;1
556;120,035864031366;77,932241012933;0,935483870967742;0,967741935483871
557;120,865803411352;68,7564253102529;0,935483870967742;1
558;124,30185342495;101,12916166971;0,935483870967742;0,967741935483871
559;121,997787288499;86,9600396017944;0,935483870967742;0,967741935483871
560;121,364252772824;94,5007868604816;0,935483870967742;1
561;121,460382557523;79,5066004323946;0,935483870967742;0,967741935483871
562;124,599844234001;138,566084226018;0,935483870967742;0,967741935483871
563;123,411558052699;71,2570087738841;0,935483870967742;0,967741935483871
564;122,746479968459;77,7423987976948;0,935483870967742;0,967741935483871
565;122,972393734224;87,5471239720894;0,935483870967742;0,967741935483871
566;121,593793237366;75,9153160017951;0,935483870967742;1
567;123,445141760501;72,540230681291;0,935483870967742;1
568;122,939996011447;137,996868149171;0,935483870967742;0,967741935483871
569;120,998467380532;75,3699619459351;0,935483870967742;0,967741935483871
570;121,394366213964;87,6766069896439;0,935483870967742;0,967741935483871
571;121,574043671776;109,606248436215;0,935483870967742;1
572;120,997331811141;68,305131249002;0,935483870967742;0,967741935483871
573;120,954349125396;81,2236849545647;0,935483870967742;1
574;121,93673486995;68,4939976410905;0,935483870967742;0,967741935483871
575;126,320721006338;105,308101375432;0,935483870967742;0,967741935483871
576;120,35319031321;74,6630035572972;0,935483870967742;1
577;126,675108222693;125,822665983088;0,935483870967742;1
578;123,907285469448;108,852770209741;0,935483870967742;1
579;124,977255340837;84,3491359458804;0,935483870967742;1
580;120,050245491059;75,101515282559;0,935483870967742;1
581;122,784148496381;78,54968340273;0,935483870967742;0,967741935483871
582;122,736840410305;82,1843767391277;0,935483870967742;1
583;123,1189002198;89,2254327428995;0,935483870967742;1
584;124,694010376486;81,8754054466842;0,935483870967742;0,967741935483871
585;121,578570571991;79,6941144360992;0,935483870967742;0,967741935483871
586;121,227879234871;78,6850216391057;0,935483870967742;0,967741935483871
587;119,962691290712;81,9496726546447;0,935483870967742;1
588;121,837295264123;65,3906990638119;0,935483870967742;0,967741935483871
589;121,741864311272;79,8527041132908;0,935483870967742;0,967741935483871
590;125,56413473701;120,245354817978;0,935483870967742;1
591;119,862467610144;75,4114579223565;0,935483870967742;1
592;121,408197772236;83,6017173598093;0,935483870967742;0,967741935483871
593;123,327311804282;88,5529489414508;0,935483870967742;0,967741935483871
594;125,362578920618;113,442664871518;0,935483870967742;1
595;121,720481987964;93,7409645557468;0,935483870967742;0,967741935483871
596;119,376102619359;71,0715808851886;0,935483870967742;0,967741935483871
597;122,382503006436;79,8828844233174;0,935483870967742;1
598;120,738366118471;96,1969887955783;0,935483870967742;1
599;117,805837000828;74,4389151929961;0,935483870967742;0,967741935483871
600;120,0140033651;82,2071970628701;0,935483870967742;1
601;124,290403862766;101,730050821713;0,935483870967742;1
602;122,254629131226;69,432210142862;0,935483870967742;0,967741935483871
603;122,531274699542;86,2303389868685;0,935483870967742;1
604;123,951572483118;88,0906453933014;0,935483870967742;1
605;122,891766465037;99,6793816629571;0,935483870967742;0,967741935483871
606;125,567645711458;118,153009305151;0,935483870967742;0,967741935483871
607;121,656327017961;106,601729178688;0,935483870967742;1
608;122,262168700875;84,6709387950198;0,935483870967742;0,967741935483871
609;122,183920780291;93,8762658617301;0,935483870967742;0,967741935483871
610;123,668899384208;91,2905991442129;0,935483870967742;1
611;122,379568442712;84,5536662772489;0,935483870967742;1
612;120,111302955905;74,3537389706609;0,935483870967742;0,967741935483871
613;121,793613173237;84,1251539539297;0,935483870967742;0,967741935483871
614;123,892393224925;74,2478201240844;0,935483870967742;0,967741935483871
615;120,693250522009;71,9684113726939;0,935483870967742;1
616;119,908566730988;77,001102248373;0,935483870967742;1
617;126,395451137745;91,3880868902822;0,935483870967742;1
618;122,506030620177;113,707989072167;0,935483870967742;0,967741935483871
619;122,96012713725;88,4986086395719;0,935483870967742;0,967741935483871
620;121,365629668265;73,917277400993;0,935483870967742;1
621;123,366799874408;97,2448023134223;0,935483870967742;1
622;123,955727665021;82,2893676645106;0,935483870967742;0,967741935483871
623;120,940938632702;73,5674648330577;0,935483870967742;1
624;121,54033914675;85,9141252776328;0,935483870967742;0,967741935483871
625;123,712907537202;90,207011741214;0,935483870967742;1
626;121,536655818022;86,2716049370194;0,935483870967742;0,967741935483871
627;123,871558073237;114,170289500357;0,935483870967742;1
628;124,115272104094;99,9341891616399;0,935483870967742;1
629;121,158110013396;75,4100796008467;0,935483870967742;1
630;122,848552400435;79,5783352985584;0,935483870967742;1
631;120,85987504729;98,5549953051114;0,935483870967742;0,967741935483871
632;124,665009243452;107,591671630164;0,935483870967742;1
633;122,410566648038;81,3142567366915;0,935483870967742;0,967741935483871
634;122,309446863547;71,6526754472124;0,935483870967742;0,967741935483871
635;123,593887613642;99,8013205963658;0,935483870967742;1
636;123,148076425703;95,2308255533042;0,935483870967742;1
637;121,32521705449;90,4250314591089;0,935483870967742;0,967741935483871
638;122,015755638325;70,2803682634832;0,935483870967742;0,967741935483871
639;124,666712932924;121,786746259234;0,935483870967742;1
640;125,620805844111;105,683843646796;0,935483870967742;1
641;119,264651278197;84,7717396248047;0,935483870967742;1
642;121,929004472086;76,8391798538238;0,935483870967742;1
643;119,906078438335;71,3958039586738;0,935483870967742;0,967741935483871
644;127,233983112999;104,54513980416;0,935483870967742;1
645;124,274260209225;130,221023124603;0,935483870967742;0,967741935483871
646;124,888587312788;108,948265826874;0,935483870967742;0,967741935483871
647;122,986751494565;75,2027453020739;0,935483870967742;0,967741935483871
648;121,791474066467;87,5777423018373;0,935483870967742;0,967741935483871
649;120,547474454451;78,2090221962012;0,935483870967742;1
650;121,893003932177;73,2891155766229;0,935483870967742;1
651;121,651993921901;71,8554026464865;0,935483870967742;1
652;126,00343912086;99,3238043479407;0,935483870967742;0,967741935483871
653;123,007767762591;70,4142030625416;0,935483870967742;1
654;121,578382490566;69,6189121551796;0,935483870967742;0,967741935483871
655;122,050109938502;77,309758972794;0,935483870967742;0,967741935483871
656;121,017789457463;77,8123937187225;0,935483870967742;0,967741935483871
657;121,527416745256;62,9693010809083;0,935483870967742;0,967741935483871
658;123,821122924465;77,4093993117123;0,935483870967742;0,967741935483871
659;121,587215589239;69,1038225931809;0,935483870967742;0,967741935483871
660;122,158414246401;84,797584770695;0,935483870967742;0,967741935483871
661;124,638021929436;90,5629566590356;0,935483870967742;1
662;128,889088150613;140,695066063696;0,935483870967742;1
663;122,990390332927;128,796139995014;0,935483870967742;0,967741935483871
664;121,796169661966;93,8094183639383;0,935483870967742;0,967741935483871
665;121,777219797608;89,6578860109643;0,935483870967742;0,967741935483871
666;123,307547416796;94,5001974770998;0,935483870967742;0,967741935483871
667;123,326929123229;86,7001915372912;0,935483870967742;1
668;122,09118897535;116,696514226977;0,935483870967742;1
669;131,628833444534;139,301419360857;0,935483870967742;1
670;122,3090736372;82,4329849391548;0,935483870967742;1
671;124,012352453113;82,7639853162472;0,935483870967742;0,967741935483871
672;119,818620771682;73,6745921133011;0,935483870967742;0,967741935483871
673;122,906866172683;99,6113765002453;0,935483870967742;1
674;121,407213713874;69,6957488273629;0,935483870967742;1
675;124,448596968047;108,840820168402;0,935483870967742;1
676;125,380691557923;97,7312549169463;0,935483870967742;1
677;125,081134393156;100,174359265569;0,935483870967742;1
678;123,017988756673;67,161364128297;0,935483870967742;0,967741935483871
679;120,994583725635;69,0398336583684;0,935483870967742;0,967741935483871
680;120,185709411551;83,9823653599497;0,935483870967742;1
681;125,190690380421;74,6701464049355;0,935483870967742;0,967741935483871
682;120,555998387331;72,8808660736802;0,935483870967742;1
683;121,257993914118;92,5628194271327;0,935483870967742;1
684;126,29792944928;94,9104729863175;0,935483870967742;0,967741935483871
685;125,107657263047;107,774002547228;0,935483870967742;1
686;121,224613002605;76,548123954659;0,935483870967742;0,967741935483871
687;121,525710498252;81,3397221364424;0,935483870967742;0,967741935483871
688;121,077163059345;93,3955750439929;0,935483870967742;0,967741935483871
689;121,674566967575;67,0529090151204;0,935483870967742;1
690;122,66069967067;63,3891242646879;0,935483870967742;1
691;123,254523869131;82,8019864074069;0,935483870967742;1
692;122,46373278457;92,8149612750889;0,935483870967742;0,967741935483871
693;121,967678148722;71,4430299548345;0,935483870967742;1
694;121,960240135145;73,9466966046847;0,935483870967742;0,967741935483871
695;121,091464950562;73,8688774401719;0,935483870967742;0,967741935483871
696;129,247326513692;175,977983084108;0,935483870967742;0,967741935483871
697;123,617870575239;99,8942337376728;0,935483870967742;1
698;123,501019533501;83,2570701980626;0,935483870967742;1
699;126,519790306794;101,556430788213;0,935483870967742;1
700;122,285499456493;90,7210172987937;0,935483870967742;0,967741935483871
701;121,696472791971;85,1331185500587;0,935483870967742;1
702;118,681735422404;82,1053496559132;0,935483870967742;1
703;121,340146945652;76,9110160039582;0,935483870967742;1
704;124,0192201672;83,5789034278191;0,935483870967742;0,967741935483871
705;124,951531817587;80,3738262614378;0,935483870967742;1
706;126,869449584827;97,4126597934175;0,935483870967742;1
707;120,682494648161;82,065403096159;0,935483870967742;0,967741935483871
708;121,511228671622;109,286110121066;0,935483870967742;1
709;124,294201184053;106,444279388532;0,935483870967742;1
710;127,848395972945;137,440397602993;0,935483870967742;0,967741935483871
711;121,109795609666;93,9557868405419;0,935483870967742;0,967741935483871
712;121,848922265777;95,7181645156853;0,935483870967742;1
713;122,6547376413;87,4120632024207;0,935483870967742;0,967741935483871
714;126,321730411507;116,763421601096;0,935483870967742;0,967741935483871
715;120,721097858703;74,2063190276817;0,935483870967742;1
716;121,26002419456;67,6428645374112;0,935483870967742;0,967741935483871
717;122,359632127294;97,6206351103066;0,935483870967742;1
718;124,298600070277;115,408843287068;0,935483870967742;0,967741935483871
719;120,298017680164;102,895157657012;0,935483870967742;1
720;124,444265608837;79,1856994843071;0,935483870967742;1
721;126,694505479337;96,3157374213374;0,935483870967742;1
722;122,036104707405;78,6579882977156;0,935483870967742;1
723;123,750512509992;68,7201716657018;0,935483870967742;0,967741935483871
724;123,938473628292;82,8878266180549;0,935483870967742;0,967741935483871
725;126,180308322428;79,9109758640413;0,935483870967742;0,967741935483871
726;119,615217154793;67,9100034727786;0,935483870967742;0,967741935483871
727;122,077505604095;97,0846789505381;0,935483870967742;1
728;125,238218410771;93,8383119294093;0,935483870967742;1
729;123,074397918907;106,116370419132;0,935483870967742;1
730;123,041006640075;103,473881122843;0,935483870967742;1
731;120,84105988092;71,5941085302951;0,935483870967742;0,967741935483871
732;125,25202104238;82,067814998127;0,935483870967742;0,967741935483871
733;121,506703551638;75,3120575129535;0,935483870967742;1
734;121,824523534292;86,7285473984063;0,935483870967742;1
735;120,497868053271;94,9037765045637;0,935483870967742;1
736;127,529019462966;120,71745753652;0,935483870967742;0,967741935483871
737;120,547657884561;72,9537755966409;0,935483870967742;1
738;120,230670284423;69,8353461143208;0,935483870967742;0,967741935483871
739;122,792542312877;78,6340682949217;0,935483870967742;1
740;127,906526999148;144,848969768886;0,935483870967742;0,967741935483871
741;123,210617570904;119,155028058167;0,935483870967742;0,967741935483871
742;124,074132011283;95,654723463503;0,935483870967742;1
743;121,491845096385;71,1696044498613;0,935483870967742;0,967741935483871
744;121,94246281369;76,5878166446941;0,935483870967742;0,967741935483871
745;121,57015021038;92,6236915287074;0,935483870967742;0,967741935483871
746;122,049153204176;92,1060721963196;0,935483870967742;0,967741935483871
747;120,792764747991;72,5962929503077;0,935483870967742;1
748;124,731503572576;128,965877653826;0,935483870967742;0,967741935483871
749;123,28178789565;69,6816612147655;0,935483870967742;0,967741935483871
750;123,866336364389;96,967667770298;0,935483870967742;0,967741935483871
751;123,146360969786;72,6925544726688;0,935483870967742;1
752;120,576305881872;73,4046227162652;0,935483870967742;0,967741935483871
753;123,285161736401;77,0551516870497;0,935483870967742;1
754;128,672704968071;137,962538710076;0,935483870967742;0,967741935483871
755;120,588046396961;71,9881412535622;0,935483870967742;0,967741935483871
756;121,600881538086;74,8377018043751;0,935483870967742;0,967741935483871
757;121,959839691034;76,1121934708196;0,935483870967742;1
758;122,55429666392;71,6584422569966;0,935483870967742;0,967741935483871
759;120,510653187409;79,8392778403277;0,935483870967742;0,967741935483871
760;124,306306611663;148,532542116338;0,935483870967742;1
761;127,399843113391;93,7717398492544;0,935483870967742;1
762;125,015715016569;99,404041666381;0,935483870967742;1
763;122,961559551301;83,0051761886687;0,935483870967742;0,967741935483871
764;119,38057921761;83,0977769912092;0,935483870967742;1
765;120,265573254917;84,033787349191;0,935483870967742;1
766;122,93485466988;71,836145243821;0,935483870967742;1
767;122,428195395841;68,638991020607;0,935483870967742;1
768;123,45849508433;89,7228750747815;0,935483870967742;1
769;119,39155799023;85,3624384624446;0,935483870967742;0,967741935483871
770;121,207464060511;68,9401280908639;0,935483870967742;0,967741935483871
771;122,159285394884;70,0844836608152;0,935483870967742;0,967741935483871
772;122,834253914454;92,6453234166556;0,935483870967742;0,967741935483871
773;121,592421961247;83,1709132260049;0,935483870967742;0,967741935483871
774;121,112427141334;70,9590107495763;0,935483870967742;0,967741935483871
775;121,47243092061;70,6632656060393;0,935483870967742;1
776;121,083886027205;71,7143203024223;0,935483870967742;1
777;123,352235463823;83,095304246338;0,935483870967742;0,967741935483871
778;123,792766569235;93,4069999260454;0,935483870967742;1
779;121,32928664476;77,3013900714575;0,935483870967742;1
780;122,638836080276;75,0999799827646;0,935483870967742;0,967741935483871
781;122,199406206254;96,2077430003357;0,935483870967742;0,967741935483871
782;121,635125327145;76,36639753707;0,935483870967742;1
783;122,56044014048;90,7520624289939;0,935483870967742;1
784;120,814421547933;72,2052012704082;0,935483870967742;1
785;123,530977921647;87,0616343570919;0,935483870967742;1
786;120,110372654195;67,9452275792161;0,935483870967742;1
787;122,796108944119;82,2181749934819;0,935483870967742;1
788;120,529358056539;77,5569585123537;0,935483870967742;1
789;121,583740487585;77,6164030951883;0,935483870967742;1
790;124,353084483824;104,705257036127;0,935483870967742;0,967741935483871
791;120,782874793836;77,0627064716863;0,935483870967742;1
792;119,443662586789;74,4329722223456;0,935483870967742;0,967741935483871
793;120,891818481857;71,8970180028571;0,935483870967742;1
794;121,683900045221;72,0865966851877;0,935483870967742;1
795;121,542778354418;90,6826196026807;0,935483870967742;1
796;120,5113764912;66,4319728103213;0,935483870967742;1
797;122,6522587784;86,9469620670333;0,935483870967742;0,967741935483871
798;128,114321746078;105,492088760931;0,935483870967742;0,967741935483871
799;125,038974048308;105,77222545793;0,935483870967742;1
800;123,99540922126;87,6203700315922;0,935483870967742;0,967741935483871
801;122,433382904654;85,8880759721792;0,935483870967742;0,967741935483871
802;120,84651671063;81,0765791834095;0,935483870967742;0,967741935483871
803;121,846627589896;79,3788728875418;0,935483870967742;0,967741935483871
804;123,541161412047;80,4855703303663;0,935483870967742;0,967741935483871
805;123,970653995332;79,5094089207134;0,935483870967742;1
806;121,227580805739;84,4879757791029;0,935483870967742;1
807;121,589559927699;96,4948825171919;0,935483870967742;1
808;123,265911867593;104,862312928209;0,935483870967742;1
809;122,125084378917;70,7016603731813;0,935483870967742;0,967741935483871
810;122,701318772513;85,8164465846466;0,935483870967742;0,967741935483871
811;122,772583174494;70,1899523682712;0,935483870967742;0,967741935483871
812;119,928104653174;87,3585341701687;0,935483870967742;1
813;122,56384432038;72,9660828247983;0,935483870967742;1
814;123,751935465027;90,0740837586888;0,935483870967742;0,967741935483871
815;125,104711625874;89,0683445496445;0,935483870967742;0,967741935483871
816;121,907722508735;89,7073756472151;0,935483870967742;1
817;121,8993585937;78,1398805648726;0,935483870967742;0,967741935483871
818;120,91144783596;80,4353664053146;0,935483870967742;1
819;120,671506463039;78,7800843155689;0,935483870967742;1
820;121,62772355073;84,2690018685252;0,935483870967742;1
821;119,993880244461;66,3024216834434;0,935483870967742;0,967741935483871
822;121,348035647967;82,6185509471759;0,935483870967742;0,967741935483871
823;119,812657448998;77,6042034236959;0,935483870967742;0,967741935483871
824;120,750159435481;76,5820155197758;0,935483870967742;1
825;121,390127249843;83,2070289262148;0,935483870967742;0,967741935483871
826;125,952730084582;90,507119075399;0,935483870967742;1
827;119,81386571545;84,5538060454942;0,935483870967742;0,967741935483871
828;123,775260809497;109,391280839759;0,935483870967742;1
829;123,834631363749;87,1819838771467;0,935483870967742;0,967741935483871
830;122,345908412236;66,4364843098919;0,935483870967742;1
831;121,464906741123;107,052819234104;0,935483870967742;1
832;125,996616414386;108,956596779202;0,935483870967742;0,967741935483871
833;121,850461187164;81,6593568569199;0,935483870967742;1
834;125,931146595365;107,23729877125;0,935483870967742;1
835;120,867861017537;93,813730613284;0,935483870967742;0,967741935483871
836;121,210042063921;72,8272938856119;0,935483870967742;0,967741935483871
837;121,832911696188;76,8312448842401;0,935483870967742;0,967741935483871
838;120,652030981776;73,333796179238;0,935483870967742;0,967741935483871
839;121,983377293315;77,7999519180501;0,935483870967742;0,967741935483871
840;121,20850691332;69,2497650834713;0,935483870967742;0,967741935483871
841;121,097429473543;68,6455190293303;0,935483870967742;1
842;120,752355513063;63,5713241439004;0,935483870967742;0,967741935483871
843;122,468710054702;94,4474395165643;0,935483870967742;0,967741935483871
844;123,82457082716;100,144336599463;0,935483870967742;0,967741935483871
845;120,179413813521;84,7244336883479;0,935483870967742;1
846;123,140396204682;86,4530543503919;0,935483870967742;1
847;120,36495233571;82,2244665993246;0,935483870967742;1
848;125,630156853374;104,059792295435;0,935483870967742;0,967741935483871
849;122,121586459971;86,5138439239148;0,935483870967742;1
850;120,790191292459;71,3936075099186;0,935483870967742;1
851;120,869073709768;91,5055676023083;0,935483870967742;0,967741935483871
852;121,299275291126;125,38123816316;0,935483870967742;1
853;122,695670212083;79,8415742627856;0,935483870967742;0,967741935483871
854;122,704394457218;66,3617730273055;0,935483870967742;1
855;120,977720384355;76,5419464770291;0,935483870967742;0,967741935483871
856;124,594345705109;94,8485942620912;0,935483870967742;1
857;124,499444031985;105,27631087999;0,935483870967742;0,967741935483871
858;120,455714148103;67,5213194814053;0,935483870967742;1
859;121,782733605183;86,0599146455277;0,935483870967742;1
860;121,357872597997;84,5090623546588;0,935483870967742;0,967741935483871
861;125,346756166425;88,0622827412586;0,935483870967742;1
862;122,864330334685;71,0587168799678;0,935483870967742;1
863;120,798764302975;68,9991290602942;0,935483870967742;0,967741935483871
864;122,167582642152;99,5794389003878;0,935483870967742;0,967741935483871
865;121,418532397165;68,9457554253194;0,935483870967742;1
866;123,860038655079;79,4765337190616;0,935483870967742;0,967741935483871
867;124,706192721898;153,118407489092;0,935483870967742;0,967741935483871
868;124,34156521963;90,9180037211048;0,935483870967742;1
869;126,225765815474;109,919864630313;0,935483870967742;0,967741935483871
870;121,534286314044;73,5588068514549;0,935483870967742;1
871;121,706143882886;82,7213735388216;0,935483870967742;0,967741935483871
872;126,45536043156;105,885684206377;0,935483870967742;0,967741935483871
873;125,871371027473;134,639003110648;0,935483870967742;0,967741935483871
874;121,614919105066;80,0476769400444;0,935483870967742;0,967741935483871
875;120,873308711074;75,4442851400212;0,935483870967742;1
876;124,91010261908;120,177903533275;0,935483870967742;1
877;121,961433512926;78,5625445362471;0,935483870967742;1
878;121,644784955688;80,7532627117138;0,935483870967742;1
879;127,96680044238;107,597940042711;0,935483870967742;1
880;122,621532363264;84,6841539370928;0,935483870967742;1
881;120,673622621518;93,6297031690803;0,935483870967742;1
882;126,790504215304;136,147827126767;0,935483870967742;1
883;121,885812687731;108,938924677417;0,935483870967742;1
884;121,395218575664;71,6509044032795;0,935483870967742;1
885;122,635886153945;98,4343673486106;0,935483870967742;1
886;124,486887637815;79,1430678060827;0,935483870967742;1
887;125,623164787179;130,588665959986;0,935483870967742;1
888;125,930739445017;115,483047178895;0,935483870967742;1
889;119,658361243085;77,5077468131058;0,935483870967742;1
890;122,895245009897;91,4754984733308;0,935483870967742;0,967741935483871
891;122,050088403932;84,7135068149623;0,935483870967742;0,967741935483871
892;121,585417304017;87,9931306527564;0,935483870967742;1
893;122,276707469384;91,3562327112823;0,935483870967742;0,967741935483871
894;126,137392177318;90,9299575555787;0,935483870967742;0,967741935483871
895;119,989500679485;72,9372641847571;0,935483870967742;1
896;120,19404993326;82,2426088888176;0,935483870967742;0,967741935483871
897;120,038196964662;72,1412920448858;0,935483870967742;0,967741935483871
898;122,349357047657;96,5982533030165;0,935483870967742;0,967741935483871
899;121,571891068534;66,3871533616253;0,935483870967742;0,967741935483871
900;125,057140718889;106,50933807362;0,935483870967742;0,967741935483871
901;125,817946228263;120,885908127999;0,935483870967742;1
902;129,420067397771;109,865633127872;0,935483870967742;0,967741935483871
903;124,61646082247;67,3828465991309;0,935483870967742;1
904;121,485013055644;115,347058756894;0,935483870967742;0,967741935483871
905;126,522491010866;110,442088150497;0,935483870967742;0,967741935483871
906;129,356440819457;136,015127338213;0,935483870967742;1
907;120,839271697419;75,4664338314077;0,935483870967742;1
908;125,522844348544;102,961602010282;0,935483870967742;0,967741935483871
909;121,408436034305;84,4947804497485;0,935483870967742;1
910;122,185527261092;100,814071312315;0,935483870967742;0,967741935483871
911;120,85133743438;92,0140535604328;0,935483870967742;1
912;122,625184178134;84,3183168720261;0,935483870967742;0,967741935483871
913;119,766217372654;94,1215418399232;0,935483870967742;0,967741935483871
914;126,334370118791;116,929288183617;0,935483870967742;1
915;124,539300452899;103,402831774764;0,935483870967742;1
916;127,747958066766;106,022496193457;0,935483870967742;1
917;123,223693359239;80,1113535015338;0,935483870967742;1
918;122,196608119642;87,1643336252836;0,935483870967742;1
919;123,184097432494;105,854531193413;0,935483870967742;1
920;123,424280693984;120,870293692557;0,935483870967742;1
921;120,483030058299;75,4933479893448;0,935483870967742;1
922;121,70019951691;97,0151214566585;0,935483870967742;1
923;120,78992460853;83,9694756023926;0,935483870967742;1
924;125,50401889954;96,0120958156747;0,935483870967742;1
925;125,599307866949;111,261027439441;0,935483870967742;0,967741935483871
926;120,258147617554;72,824316937512;0,935483870967742;0,967741935483871
927;123,251046249229;72,5013296908902;0,935483870967742;0,967741935483871
928;123,109273790197;88,1396244885792;0,935483870967742;0,967741935483871
929;122,65244288101;78,0269632626454;0,935483870967742;1
930;120,898283521317;94,4025914072943;0,935483870967742;1
931;121,725651806461;86,3804319343028;0,935483870967742;0,967741935483871
932;119,583006671753;72,5416309260575;0,935483870967742;1
933;121,430650624781;92,1345843260322;0,935483870967742;1
934;123,448306504181;95,2054991154479;0,935483870967742;0,967741935483871
935;120,480032313639;79,5970117861509;0,935483870967742;1
936;121,527976065063;79,7212387988647;0,935483870967742;1
937;122,178602128488;73,466284408545;0,935483870967742;1
938;122,250977586259;97,7409342823873;0,935483870967742;1
939;119,466128644738;82,7572171667596;0,935483870967742;0,967741935483871
940;124,215932832069;129,949591693751;0,935483870967742;0,967741935483871
941;124,3677578335;77,4372527544669;0,935483870967742;1
942;121,884708182722;77,1962428313783;0,935483870967742;0,967741935483871
943;124,971588774914;86,9107469425853;0,935483870967742;0,967741935483871
944;122,223680583091;100,274420926718;0,935483870967742;1
945;121,642952715545;80,5884153575675;0,935483870967742;0,967741935483871
946;122,449185344482;76,2044344452729;0,935483870967742;1
947;124,806672475826;80,4035602335774;0,935483870967742;0,967741935483871
948;127,052606712854;129,109501585322;0,935483870967742;0,967741935483871
949;120,990233845204;79,0793434085859;0,935483870967742;1
950;121,247024080532;73,4701437308083;0,935483870967742;0,967741935483871
951;120,329483674853;69,3102249115809;0,935483870967742;0,967741935483871
952;129,268720545799;137,233735240816;0,935483870967742;0,967741935483871
953;121,102981462498;82,9273970441273;0,935483870967742;1
954;124,509515169086;122,023334360054;0,935483870967742;0,967741935483871
955;123,172657225221;86,8997017703872;0,935483870967742;0,967741935483871
956;121,717543261718;61,9169543969425;0,935483870967742;1
957;126,05522406352;88,7985748210516;0,935483870967742;0,967741935483871
958;122,397818615713;88,1982508070665;0,935483870967742;1
959;122,167101448542;87,2537588134592;0,935483870967742;0,967741935483871
960;124,205322868145;88,6896768752753;0,935483870967742;0,967741935483871
961;121,01870462245;65,9692402181867;0,935483870967742;1
962;126,489704479279;122,871905438664;0,935483870967742;0,967741935483871
963;120,871930771324;86,0865111439227;0,935483870967742;1
964;129,008011787118;133,507518709698;0,935483870967742;1
965;119,937833326023;85,4318080816638;0,935483870967742;0,967741935483871
966;124,160296457438;82,7211407742635;0,935483870967742;1
967;121,774698571739;69,7019020560666;0,935483870967742;1
968;121,98318248873;73,9666866356276;0,935483870967742;0,967741935483871
969;125,684380186088;91,1383645064587;0,935483870967742;0,967741935483871
970;121,473533379736;88,609697293416;0,935483870967742;0,967741935483871
971;123,474654642575;72,9544611362709;0,935483870967742;1
972;122,193769988242;97,5343169165435;0,935483870967742;1
973;124,686431376275;106,057264044432;0,935483870967742;1
974;120,201007247623;70,3214153070691;0,935483870967742;1
975;120,477220316217;65,5598399919212;0,935483870967742;1
976;125,98179354654;75,4572970587632;0,935483870967742;1
977;121,421156176296;63,0271350115428;0,935483870967742;1
978;126,565695710023;159,602698754627;0,935483870967742;0,967741935483871
979;122,32554763513;80,6791374436323;0,935483870967742;1
980;121,744585461988;87,2299573472156;0,935483870967742;1
981;122,188506793954;77,4335264309806;0,935483870967742;0,967741935483871
982;122,324192392767;75,3536267080379;0,935483870967742;0,967741935483871
983;123,086944426553;111,300241943402;0,935483870967742;0,967741935483871
984;123,844970526059;80,9929418233864;0,935483870967742;0,967741935483871
985;123,901438033019;115,034583010048;0,935483870967742;1
986;120,670360368553;71,5549539328644;0,935483870967742;1
987;119,965088086508;86,0106877974371;0,935483870967742;0,967741935483871
988;120,577453320475;67,4688395689615;0,935483870967742;1
989;121,066945875369;77,8985279167532;0,935483870967742;0,967741935483871
990;124,094117610561;93,2196732675158;0,935483870967742;1
991;122,502074071999;102,731680140525;0,935483870967742;0,967741935483871
992;124,626509562479;102,12610999893;0,935483870967742;0,967741935483871
993;120,786135649348;99,8950814540531;0,935483870967742;0,967741935483871
994;120,152104367064;79,4837372801873;0,935483870967742;0,967741935483871
995;121,718718931619;79,1017223679164;0,935483870967742;0,967741935483871
996;126,761145045752;101,283646536106;0,935483870967742;0,967741935483871
997;121,922193746195;88,1752778040449;0,935483870967742;0,967741935483871
998;118,655516171473;88,6258287761455;0,935483870967742;0,967741935483871
999;122,415692106615;64,1713723546855;0,935483870967742;1
