0;201,546116641332;776,123835434094;0,99009900990099;1
1;198,034965186666;797,141782670167;0,99009900990099;0,99009900990099
2;198,648091494148;774,668406540286;0,99009900990099;0,99009900990099
3;178;621,365182693534;0,752475247524752;0,762376237623762
4;201,083562795242;866,645598731021;0,99009900990099;1
5;198,919011500469;797,68477681862;0,99009900990099;0,99009900990099
6;197,907483903029;705,1048136133;0,99009900990099;0,99009900990099
7;202,399300690364;856,070719591804;0,99009900990099;0,99009900990099
8;199,188717396791;767,752482447588;0,99009900990099;0,99009900990099
9;196,470649323054;822,387847581539;0,99009900990099;0,99009900990099
10;196,45884823773;739,681392982252;0,99009900990099;1
11;198,079364357114;772,461824263903;0,99009900990099;1
12;201,342760374852;813,075138974841;0,99009900990099;0,99009900990099
13;199,026344102143;763,127588578568;0,99009900990099;0,99009900990099
14;198,310006286194;748,975006311499;0,99009900990099;1
15;196,859316664104;759,334312396336;0,99009900990099;0,99009900990099
16;197,159093248139;729,122675612365;0,99009900990099;1
17;196,319796486249;711,140581369528;0,99009900990099;1
18;201,764811026115;773,336096481752;0,99009900990099;1
19;196,897541704065;730,236232297249;0,99009900990099;0,99009900990099
20;199,233997663372;837,948928661598;0,99009900990099;1
21;202,497414512645;839,046104707297;0,99009900990099;1
22;197,704100744785;742,887253758244;0,99009900990099;1
23;201,126709395323;853,344994204687;0,99009900990099;1
24;198,698406362285;780,518320659078;0,99009900990099;0,99009900990099
25;198,166675947376;799,501167697971;0,99009900990099;0,99009900990099
26;197,927039509215;774,030748657033;0,99009900990099;0,99009900990099
27;197,842151302187;752,006736210617;0,99009900990099;0,99009900990099
28;198,367696394989;772,385585849587;0,99009900990099;1
29;200,491401340665;826,274894126612;0,99009900990099;0,99009900990099
30;201,310466732879;791,256844567495;0,99009900990099;1
31;201,159009076222;801,168403954752;0,99009900990099;1
32;196,493517924868;821,473593590702;0,99009900990099;0,99009900990099
33;198,830072899519;773,138508658551;0,99009900990099;0,99009900990099
34;199,232205761718;798,504038321422;0,99009900990099;1
35;178;745,525468456622;0,910891089108911;0,910891089108911
36;197,315078064834;796,317968324718;0,99009900990099;1
37;196,910582935264;741,796483072814;0,99009900990099;0,99009900990099
38;199,159504891298;837,466021446904;0,99009900990099;0,99009900990099
39;200,764896514065;810,518760311581;0,99009900990099;1
40;197,868615773626;717,785906663562;0,99009900990099;0,99009900990099
41;200,167750020341;777,477416788735;0,99009900990099;1
42;197,821539230112;799,694163667042;0,99009900990099;0,99009900990099
43;202,187909421785;820,873062455348;0,99009900990099;1
44;198,08414775618;768,575149488206;0,99009900990099;1
45;199,089252576691;832,818978722217;0,99009900990099;0,99009900990099
46;196,604775915759;704,989330806984;0,99009900990099;1
47;198,091167002896;766,196440233992;0,99009900990099;0,99009900990099
48;198,852380643464;766,772557290751;0,99009900990099;0,99009900990099
49;201,043248539967;747,871089529985;0,99009900990099;0,99009900990099
50;197,136907786087;779,416703018481;0,99009900990099;1
51;197,498721940192;841,067070012032;0,99009900990099;1
52;199,031825543555;804,894949260395;0,99009900990099;0,99009900990099
53;198,161672428378;810,093226344947;0,99009900990099;0,99009900990099
54;197,764880995585;794,891620805351;0,99009900990099;0,99009900990099
55;196,867447691317;796,916046914706;0,99009900990099;1
56;197,636665505207;777,68546230063;0,99009900990099;0,99009900990099
57;199,895858099378;800,377429788815;0,99009900990099;0,99009900990099
58;197,580778789975;771,806621972405;0,99009900990099;1
59;199,342437335252;841,566457750902;0,99009900990099;1
60;197,342377539288;751,776448795893;0,99009900990099;0,99009900990099
61;200,545443042255;772,049265839002;0,99009900990099;0,99009900990099
62;197,218978384016;822,553364849862;0,99009900990099;0,99009900990099
63;198,213868490212;729,160891658501;0,99009900990099;0,99009900990099
64;178;738,669732605051;0,792079207920792;0,801980198019802
65;195,761743562668;765,630667340168;0,99009900990099;1
66;195,608888585682;755,307418777018;0,99009900990099;0,99009900990099
67;199,098314271093;815,667340939176;0,99009900990099;0,99009900990099
68;195,991378106139;845,176853447223;0,99009900990099;1
69;197,806287204817;816,778378725703;0,99009900990099;0,99009900990099
70;201,530448434077;806,654270745819;0,99009900990099;1
71;200,634926596304;782,91111331954;0,99009900990099;0,99009900990099
72;199,376290628662;766,309227908481;0,99009900990099;0,99009900990099
73;200,450443568118;813,654982575415;0,99009900990099;1
74;200,860511496743;800,524572425076;0,99009900990099;0,99009900990099
75;206,555690516043;850,374714936302;0,99009900990099;0,99009900990099
76;199,453435436819;738,71426934581;0,99009900990099;1
77;178;703,294791226324;0,792079207920792;0,801980198019802
78;200,196567038251;751,085932950661;0,99009900990099;0,99009900990099
79;201,557916484836;792,834845726608;0,99009900990099;0,99009900990099
80;198,483984954914;755,22043938176;0,99009900990099;1
81;197,347348344274;782,856502026531;0,99009900990099;0,99009900990099
82;201,135808255089;722,388584549434;0,99009900990099;1
83;196,782269636244;781,290928394444;0,99009900990099;1
84;200,878499198364;714,186486913699;0,99009900990099;1
85;201,52593072301;785,121925286052;0,99009900990099;1
86;198,447520798384;793,661449202908;0,99009900990099;1
87;199,10238996155;852,109023680642;0,99009900990099;0,99009900990099
88;198,356653467358;724,212219977834;0,99009900990099;1
89;196,241733295223;740,702498343053;0,99009900990099;1
90;197,613017431456;772,740650617731;0,99009900990099;1
91;203,558287330507;837,927824825223;0,99009900990099;0,99009900990099
92;199,034745610906;782,056610129102;0,99009900990099;0,99009900990099
93;199,499669243076;766,130924014855;0,99009900990099;1
94;197,90494473822;773,197347151199;0,99009900990099;0,99009900990099
95;198,296067834214;835,015639283613;0,99009900990099;0,99009900990099
96;198,706339438021;783,940665942401;0,99009900990099;1
97;199,988256517154;781,256140164308;0,99009900990099;0,99009900990099
98;201,648866356147;798,515324937138;0,99009900990099;0,99009900990099
99;198,442816728825;725,054332188203;0,99009900990099;0,99009900990099
100;178;714,623167605816;0,871287128712871;0,881188118811881
101;195,557469699469;764,843572693537;0,99009900990099;0,99009900990099
102;195,596024608683;720,367252826484;0,99009900990099;0,99009900990099
103;178;703,919022511219;0,96039603960396;0,96039603960396
104;178;734,216841740242;0,871287128712871;0,881188118811881
105;198,917989547963;765,240408998952;0,99009900990099;0,99009900990099
106;197,473706963561;842,488257824638;0,99009900990099;1
107;203,911721785925;849,907170736046;0,99009900990099;0,99009900990099
108;196,808791768153;786,069028602579;0,99009900990099;1
109;199,493158260981;809,493277204513;0,99009900990099;1
110;178;742,531209087431;0,871287128712871;0,871287128712871
111;197,631809176282;792,609764004164;0,99009900990099;0,99009900990099
112;204,265411585928;824,313091258995;0,99009900990099;0,99009900990099
113;200,902003643398;766,531552376383;0,99009900990099;1
114;199,186382653742;848,450617494176;0,99009900990099;0,99009900990099
115;199,755185474749;743,159685850521;0,99009900990099;0,99009900990099
116;198,006408672137;725,4556301702;0,99009900990099;0,99009900990099
117;197,510439557906;865,409514476453;0,99009900990099;0,99009900990099
118;196,554625416093;797,453980801971;0,99009900990099;0,99009900990099
119;198,385561112426;822,430341720415;0,99009900990099;1
120;198,475868109298;777,495836994253;0,99009900990099;1
121;199,841727937904;785,582742652767;0,99009900990099;1
122;199,771911456495;758,939658674856;0,99009900990099;1
123;199,939333603086;752,65477350271;0,99009900990099;1
124;198,413067565961;795,410009122464;0,99009900990099;0,99009900990099
125;202,170806792598;827,953694484353;0,99009900990099;1
126;202,359690455422;797,084402938884;0,99009900990099;0,99009900990099
127;201,22154806409;788,819047874073;0,99009900990099;1
128;202,567856798914;856,151217355196;0,99009900990099;0,99009900990099
129;197,46029886355;776,833679370694;0,99009900990099;0,99009900990099
130;195,062882380955;795,028335799959;0,99009900990099;0,99009900990099
131;202,681965735956;846,857848963186;0,99009900990099;0,99009900990099
132;198,855060700749;800,171115312879;0,99009900990099;1
133;199,641960438604;796,96338201026;0,99009900990099;1
134;213,152799008813;869,900635724737;0,99009900990099;0,99009900990099
135;198,226000494686;828,038703337895;0,99009900990099;0,99009900990099
136;205,412040239376;816,353019357999;0,99009900990099;0,99009900990099
137;197,462698154012;741,125337015548;0,99009900990099;0,99009900990099
138;201,39864315055;760,128615208261;0,99009900990099;0,99009900990099
139;198,50509973271;752,443615446698;0,99009900990099;1
140;198,03993103948;716,609558153422;0,99009900990099;1
141;200,300948680187;745,189427515446;0,99009900990099;1
142;197,051399004432;745,203157891315;0,99009900990099;1
143;199,225036743018;789,279124720637;0,99009900990099;0,99009900990099
144;198,395221267564;708,923835499634;0,99009900990099;1
145;197,594811506375;846,785270139867;0,99009900990099;1
146;178;671,095674247614;0,792079207920792;0,792079207920792
147;197,611518006399;751,704583069272;0,99009900990099;0,99009900990099
148;201,945359709945;781,270565827665;0,99009900990099;0,99009900990099
149;196,45298338538;729,102146455139;0,99009900990099;1
150;202,591781707296;838,832299561224;0,99009900990099;0,99009900990099
151;199,668644799181;785,460718256584;0,99009900990099;0,99009900990099
152;198,308905798138;750,665601987926;0,99009900990099;0,99009900990099
153;198,891911021182;801,170215655285;0,99009900990099;1
154;200,721797294847;840,864622778062;0,99009900990099;1
155;197,921416892493;791,189812869932;0,99009900990099;1
156;195,686958905888;782,883535792493;0,99009900990099;1
157;198,427866458243;726,022049630904;0,99009900990099;1
158;200,225506712423;816,180034377112;0,99009900990099;1
159;197,035555163827;752,418396030663;0,99009900990099;0,99009900990099
160;199,436968483182;787,021153313895;0,99009900990099;0,99009900990099
161;195,769915066452;774,062512506018;0,99009900990099;1
162;199,918817102266;826,338912627424;0,99009900990099;0,99009900990099
163;197,69771876953;804,535412087577;0,99009900990099;0,99009900990099
164;198,967627079753;779,765674298308;0,99009900990099;0,99009900990099
165;199,808990407864;759,687806284886;0,99009900990099;1
166;196,859775322097;783,021705333884;0,99009900990099;0,99009900990099
167;204,272631659491;864,743982657303;0,99009900990099;0,99009900990099
168;204,019508511155;774,628323989534;0,99009900990099;1
169;200,693278664167;885,262979921949;0,99009900990099;0,99009900990099
170;201,880557811491;810,36156819644;0,99009900990099;0,99009900990099
171;197,984763292164;793,197496773996;0,99009900990099;0,99009900990099
172;199,921674838558;759,536674985654;0,99009900990099;0,99009900990099
173;198,356865172133;791,741862631688;0,99009900990099;1
174;178;728,312073307031;0,96039603960396;0,97029702970297
175;202,214456234774;806,190462762647;0,99009900990099;1
176;197,521953562485;785,415488205431;0,99009900990099;0,99009900990099
177;198,004593314718;825,816048168112;0,99009900990099;0,99009900990099
178;195,230099655535;830,845288432025;0,99009900990099;1
179;198,323576913678;772,901528842738;0,99009900990099;1
180;200,462759771739;680,972879058144;0,99009900990099;1
181;197,157424797746;818,440862037595;0,99009900990099;0,99009900990099
182;178;834,098332466005;0,96039603960396;0,97029702970297
183;197,404416193162;743,425569927456;0,99009900990099;0,99009900990099
184;199,943185166463;804,256987577334;0,99009900990099;0,99009900990099
185;197,779638166679;750,24474490618;0,99009900990099;0,99009900990099
186;198,65599228404;740,578540776361;0,99009900990099;1
187;196,792791502175;799,861614074239;0,99009900990099;0,99009900990099
188;202,2967732302;745,245971811924;0,99009900990099;1
189;197,533511294669;823,129080603878;0,99009900990099;0,99009900990099
190;196,448994684731;799,765004864122;0,99009900990099;0,99009900990099
191;196,38585881279;790,882009605773;0,99009900990099;0,99009900990099
192;201,012036588023;757,316469624188;0,99009900990099;0,99009900990099
193;200,5794641149;838,626307484198;0,99009900990099;1
194;199,751350536454;732,671771316103;0,99009900990099;1
195;196,714202391767;760,151922274325;0,99009900990099;0,99009900990099
196;198,041307173294;736,358162931011;0,99009900990099;1
197;198,711551636757;781,633918835441;0,99009900990099;1
198;202,807029781691;844,878328832248;0,99009900990099;0,99009900990099
199;198,547704641064;749,805536362326;0,99009900990099;0,99009900990099
200;198,674944591788;786,785178999893;0,99009900990099;1
201;199,461999422453;802,507203178546;0,99009900990099;1
202;198,978266537868;747,221899964811;0,99009900990099;0,99009900990099
203;196,93422130163;797,587684613912;0,99009900990099;0,99009900990099
204;200,800933686926;743,14644011798;0,99009900990099;1
205;196,907169203221;743,384461412457;0,99009900990099;1
206;197,935146366397;782,553967619805;0,99009900990099;1
207;196,689259103968;813,669685568622;0,99009900990099;0,99009900990099
208;200,056806179503;774,498987964816;0,99009900990099;0,99009900990099
209;203,775535466903;817,060578165685;0,99009900990099;0,99009900990099
210;197,55709043404;793,982202855415;0,99009900990099;0,99009900990099
211;178;730,997108562554;0,871287128712871;0,881188118811881
212;198,736284569939;799,140431692427;0,99009900990099;0,99009900990099
213;200,641825257795;754,356687360081;0,99009900990099;1
214;197,78824288131;794,092895020798;0,99009900990099;0,99009900990099
215;197,677696889247;770,398803547376;0,99009900990099;1
216;203,999917031894;730,142775033577;0,99009900990099;1
217;199,108536971769;703,018606205878;0,99009900990099;1
218;196,171117699449;786,436190370661;0,99009900990099;0,99009900990099
219;199,587404668201;765,412742936832;0,99009900990099;0,99009900990099
220;197,378596564053;745,502603901876;0,99009900990099;1
221;197,425490171692;827,167693288777;0,99009900990099;0,99009900990099
222;198,286690256911;750,803015891972;0,99009900990099;0,99009900990099
223;200,235634042469;772,435135974765;0,99009900990099;1
224;198,569367921778;828,336475922509;0,99009900990099;0,99009900990099
225;201,731928583182;743,414979221978;0,99009900990099;0,99009900990099
226;202,798360847368;797,969095509781;0,99009900990099;0,99009900990099
227;197,866313083043;760,622454666579;0,99009900990099;1
228;196,123684415597;737,072432701887;0,99009900990099;1
229;178;750,927789242724;0,96039603960396;0,96039603960396
230;200,655003068669;788,981343180796;0,99009900990099;0,99009900990099
231;198,422012294755;769,99860695607;0,99009900990099;0,99009900990099
232;195,936160291034;776,047473334975;0,99009900990099;1
233;197,909742442242;764,621160363178;0,99009900990099;1
234;202,721954939033;815,273303770755;0,99009900990099;1
235;200,562813581601;759,692911429282;0,99009900990099;0,99009900990099
236;197,299610990174;772,735979583376;0,99009900990099;0,99009900990099
237;198,090315520469;776,401091639964;0,99009900990099;1
238;178;806,898998577834;0,910891089108911;0,910891089108911
239;178;715,344350956194;0,871287128712871;0,871287128712871
240;195,804451463453;776,615101621252;0,99009900990099;0,99009900990099
241;201,858750133625;793,515543925472;0,99009900990099;1
242;198,749641878324;709,828580331227;0,99009900990099;1
243;195,060975528502;803,436471829515;0,99009900990099;0,99009900990099
244;198,187952819838;761,269583823069;0,99009900990099;0,99009900990099
245;200,761288075106;747,924247171164;0,99009900990099;1
246;198,70955812003;783,757075556118;0,99009900990099;1
247;178;804,91603445843;0,96039603960396;0,97029702970297
248;197,686127695295;803,498179066561;0,99009900990099;0,99009900990099
249;200,527796361581;743,820984642371;0,99009900990099;1
250;199,248029889129;781,555561078221;0,99009900990099;1
251;200,933920220695;786,438467311561;0,99009900990099;1
252;197,750068448024;795,772661510793;0,99009900990099;0,99009900990099
253;197,638731274245;766,478542002508;0,99009900990099;1
254;196,036105803137;751,316736303884;0,99009900990099;1
255;201,772725306109;759,855227669831;0,99009900990099;1
256;204,982010698745;789,599939264581;0,99009900990099;1
257;199,729535544918;743,956449937219;0,99009900990099;1
258;203,177241411313;863,259177084024;0,99009900990099;0,99009900990099
259;199,354478444039;769,786552386138;0,99009900990099;0,99009900990099
260;199,810864383221;694,605004773897;0,99009900990099;1
261;200,039520412471;790,305393781226;0,99009900990099;1
262;196,889181720327;842,867091214393;0,99009900990099;0,99009900990099
263;195,876650386693;755,626154540562;0,99009900990099;0,99009900990099
264;196,926829117699;812,617768396206;0,99009900990099;0,99009900990099
265;199,733119945477;765,491997032847;0,99009900990099;1
266;178;789,169419953119;0,910891089108911;0,910891089108911
267;198,848824222313;763,09282541691;0,99009900990099;1
268;178;748,504372892749;0,96039603960396;0,96039603960396
269;205,054841974362;787,083703949315;0,99009900990099;1
270;198,133083595848;811,477599627115;0,99009900990099;0,99009900990099
271;196,72825953502;768,547978851351;0,99009900990099;1
272;197,900757708035;779,864633418589;0,99009900990099;0,99009900990099
273;197,901326403062;792,405266586888;0,99009900990099;0,99009900990099
274;201,05727513133;773,561926951753;0,99009900990099;1
275;198,040415587926;806,892138462023;0,99009900990099;0,99009900990099
276;195,840141165179;817,001200141221;0,99009900990099;0,99009900990099
277;199,97354747113;766,095211728339;0,99009900990099;1
278;178;808,023333885505;0,910891089108911;0,920792079207921
279;197,691268483485;801,879915928467;0,99009900990099;1
280;196,762407843888;770,700675381318;0,99009900990099;0,99009900990099
281;199,291152627723;843,572021489972;0,99009900990099;1
282;202,995961648002;781,303985483216;0,99009900990099;1
283;201,122136555352;749,04677182052;0,99009900990099;0,99009900990099
284;178;783,437356392131;0,871287128712871;0,881188118811881
285;200,943328678939;840,076236048742;0,99009900990099;1
286;197,579667035428;791,581266119692;0,99009900990099;1
287;200,495746131006;863,901436663064;0,99009900990099;0,99009900990099
288;197,126838518222;769,339878988312;0,99009900990099;0,99009900990099
289;197,925927635521;738,58202799404;0,99009900990099;0,99009900990099
290;198,622033531478;778,492909237996;0,99009900990099;1
291;197,75691121704;786,784362505513;0,99009900990099;0,99009900990099
292;199,189207551857;790,26935310847;0,99009900990099;0,99009900990099
293;200,814307505709;835,76031897035;0,99009900990099;1
294;200,975544210393;757,775670661728;0,99009900990099;0,99009900990099
295;200,411684349265;774,090742788409;0,99009900990099;0,99009900990099
296;201,896148795224;785,864098137584;0,99009900990099;1
297;198,124675013045;797,193796486178;0,99009900990099;0,99009900990099
298;204,382154116856;805,267798237866;0,99009900990099;1
299;198,1943344849;821,993960961825;0,99009900990099;0,99009900990099
300;197,349482174421;809,192011641026;0,99009900990099;1
301;201,473239301102;795,195510974527;0,99009900990099;1
302;198,934719541159;800,940264539946;0,99009900990099;0,99009900990099
303;198,684445602463;778,632738832571;0,99009900990099;0,99009900990099
304;198,081961648207;754,28559485123;0,99009900990099;1
305;201,036398587147;821,388024374246;0,99009900990099;1
306;202,020231567224;819,632090603425;0,99009900990099;0,99009900990099
307;202,929489071656;759,312335717308;0,99009900990099;0,99009900990099
308;201,628768936701;833,65601950896;0,99009900990099;0,99009900990099
309;197,719263789618;819,305142185241;0,99009900990099;0,99009900990099
310;178;771,969166460731;0,910891089108911;0,920792079207921
311;198,136700101217;749,482182913898;0,99009900990099;1
312;202,513463828173;797,325356325495;0,99009900990099;0,99009900990099
313;199,907570003292;792,182708215269;0,99009900990099;0,99009900990099
314;199,907695751818;831,753943906366;0,99009900990099;1
315;201,826099263856;787,515655249694;0,99009900990099;1
316;199,103455869547;742,89877435097;0,99009900990099;0,99009900990099
317;201,155062158097;854,291715575924;0,99009900990099;1
318;198,584596977977;829,314043870448;0,99009900990099;0,99009900990099
319;201,752447157301;769,137703079442;0,99009900990099;1
320;200,653251348719;842,155449583849;0,99009900990099;1
321;197,395936565565;779,841874922406;0,99009900990099;0,99009900990099
322;202,953415720196;818,096505103572;0,99009900990099;0,99009900990099
323;195,590822858494;785,061750322525;0,99009900990099;0,99009900990099
324;195,455922633613;741,159238499219;0,99009900990099;1
325;178;698,156101958996;0,871287128712871;0,871287128712871
326;195,508668813974;786,690007456559;0,99009900990099;1
327;201,011813362737;890,000886834804;0,99009900990099;1
328;197,386806093832;811,145012533825;0,99009900990099;1
329;196,76825938721;827,460413437205;0,99009900990099;1
330;197,481755554897;782,317419186078;0,99009900990099;0,99009900990099
331;198,769318589667;755,700312250306;0,99009900990099;0,99009900990099
332;201,30937023817;791,668534176256;0,99009900990099;0,99009900990099
333;178;804,757789450654;0,96039603960396;0,96039603960396
334;202,527421266339;795,45297389932;0,99009900990099;0,99009900990099
335;197,077103228417;798,269338076054;0,99009900990099;1
336;198,136849062006;669,744649425185;0,99009900990099;0,99009900990099
337;206,139928503573;837,240423628875;0,99009900990099;0,99009900990099
338;196,990499763689;728,64976787285;0,99009900990099;1
339;197,4046365697;861,399815110183;0,99009900990099;0,99009900990099
340;196,41773697117;868,883874368955;0,99009900990099;1
341;200,085856928893;835,968473688152;0,99009900990099;0,99009900990099
342;197,690909947347;750,257727896945;0,99009900990099;1
343;197,465821851931;667,97339674872;0,940594059405941;0,940594059405941
344;197,862108837312;841,210283070442;0,99009900990099;0,99009900990099
345;198,179160529535;802,788312565436;0,99009900990099;0,99009900990099
346;198,516609955366;776,934777443597;0,99009900990099;1
347;205,079654568596;805,187491420696;0,99009900990099;0,99009900990099
348;204,054719258123;751,945382747587;0,99009900990099;1
349;196,659461191142;688,884997696031;0,99009900990099;0,99009900990099
350;178;801,877324814879;0,910891089108911;0,920792079207921
351;197,703409924255;801,868295873703;0,99009900990099;0,99009900990099
352;200,180116615855;725,009564985073;0,99009900990099;1
353;196,603025932409;791,087251154724;0,99009900990099;1
354;178;701,741773211243;0,871287128712871;0,881188118811881
355;197,539207197012;813,64851702581;0,99009900990099;0,99009900990099
356;201,656826530096;848,764176542099;0,99009900990099;0,99009900990099
357;197,131071972739;800,467060524903;0,99009900990099;1
358;198,6018794088;856,292351108306;0,99009900990099;1
359;201,561095346139;779,024688312487;0,99009900990099;1
360;198,489081468969;776,117287032407;0,99009900990099;0,99009900990099
361;197,749908102023;792,7037636424;0,99009900990099;0,99009900990099
362;195,170143835501;819,378232172663;0,99009900990099;1
363;178;785,832914558723;0,910891089108911;0,910891089108911
364;201,250787128331;880,915485270267;0,99009900990099;0,99009900990099
365;199,605180076821;729,993753726912;0,99009900990099;1
366;198,080405703891;793,856349712747;0,99009900990099;0,99009900990099
367;198,842973505437;766,022407030508;0,99009900990099;0,99009900990099
368;196,355774780106;730,619865987657;0,99009900990099;0,99009900990099
369;197,599925210473;776,768382953872;0,99009900990099;0,99009900990099
370;197,34922950109;916,263405660617;0,99009900990099;0,99009900990099
371;199,33730137889;809,462062624358;0,99009900990099;0,99009900990099
372;198,623985765191;770,83097201931;0,99009900990099;0,99009900990099
373;201,148051359165;842,350918455917;0,99009900990099;0,99009900990099
374;201,497293542271;814,73345963833;0,99009900990099;0,99009900990099
375;198,538379520937;796,572367949555;0,99009900990099;0,99009900990099
376;201,846908642672;827,308354302683;0,99009900990099;0,99009900990099
377;199,107774828846;716,548257108922;0,99009900990099;0,99009900990099
378;178;712,201609804792;0,910891089108911;0,920792079207921
379;198,181072778054;778,201105142175;0,99009900990099;1
380;203,347708749211;891,926909914147;0,99009900990099;1
381;198,143634923864;781,588909222156;0,99009900990099;1
382;197,601546184573;757,497830228554;0,99009900990099;1
383;201,66010491054;765,085662911481;0,99009900990099;1
384;203,436753497337;876,359207176519;0,99009900990099;1
385;201,0637907702;849,366258669109;0,99009900990099;1
386;196,786494029273;846,711384978391;0,99009900990099;0,99009900990099
387;199,390680690498;746,871188818304;0,99009900990099;1
388;196,352625840765;740,991506315455;0,99009900990099;1
389;202,544613100661;830,591133703304;0,99009900990099;0,99009900990099
390;197,038751471143;804,105908268683;0,99009900990099;0,99009900990099
391;202,716289984014;866,029842842788;0,99009900990099;1
392;200,348246744325;780,592839029587;0,99009900990099;0,99009900990099
393;194,964689862173;746,316008961834;0,99009900990099;0,99009900990099
394;199,651097686769;809,02439916059;0,99009900990099;0,99009900990099
395;198,214496457395;800,639736481126;0,99009900990099;1
396;197,752793192978;854,78607036092;0,99009900990099;1
397;197,275820786664;819,716620265115;0,99009900990099;0,99009900990099
398;199,656459265598;831,88491443909;0,99009900990099;0,99009900990099
399;200,00972671468;742,13492424831;0,99009900990099;0,99009900990099
400;199,692312836752;784,589782318679;0,99009900990099;1
401;201,225429306195;854,911677820393;0,99009900990099;1
402;197,919558844795;798,592906042547;0,99009900990099;1
403;196,353358384225;762,166669659483;0,99009900990099;0,99009900990099
404;199,733015647939;766,05598337755;0,99009900990099;0,99009900990099
405;178;673,063409333213;0,871287128712871;0,871287128712871
406;200,027506636763;784,223106039589;0,99009900990099;0,99009900990099
407;196,414532830977;731,910887052876;0,99009900990099;0,99009900990099
408;200,055681882716;822,682213352725;0,99009900990099;1
409;199,730439271799;823,211079025631;0,99009900990099;1
410;200,382584460902;749,643414407046;0,99009900990099;1
411;199,427458037954;858,973241767327;0,99009900990099;1
412;198,565266977961;787,929195859032;0,99009900990099;1
413;197,11682139336;791,640811440866;0,99009900990099;1
414;197,220963874826;790,644766997464;0,99009900990099;0,99009900990099
415;200,97634391429;739,474137676007;0,99009900990099;1
416;200,090444718102;741,439914940889;0,99009900990099;1
417;200,345627799972;793,15784201805;0,99009900990099;1
418;197,398700201274;792,180707390508;0,99009900990099;1
419;199,011154980272;751,704927452233;0,99009900990099;1
420;197,865032623734;774,79579887475;0,99009900990099;1
421;199,375174743151;777,324071465812;0,99009900990099;0,99009900990099
422;197,680537817144;715,32885203767;0,99009900990099;1
423;196,77364282338;773,361569166907;0,99009900990099;0,99009900990099
424;198,943037655481;829,662400547199;0,99009900990099;1
425;198,83652368308;756,868631189673;0,99009900990099;0,99009900990099
426;196,910741074111;796,493953334451;0,99009900990099;1
427;199,155156909442;756,420289563917;0,99009900990099;1
428;198,46676188625;787,420687850987;0,99009900990099;1
429;197,095827222296;787,329432309323;0,99009900990099;0,99009900990099
430;200,541932728721;792,426478413156;0,99009900990099;0,99009900990099
431;198,650991380955;712,457892163126;0,99009900990099;0,99009900990099
432;199,570114317321;772,247322790326;0,99009900990099;1
433;178;738,843966403711;0,96039603960396;0,97029702970297
434;197,91984189088;752,678159282618;0,99009900990099;1
435;199,584209049505;823,797004042582;0,99009900990099;0,99009900990099
436;199,567899370266;762,109891676557;0,99009900990099;0,99009900990099
437;205,547059696922;835,204341720927;0,99009900990099;0,99009900990099
438;198,488508783574;751,865045735679;0,99009900990099;1
439;202,181510797855;796,910083832358;0,99009900990099;0,99009900990099
440;202,283770015186;913,185006928274;0,99009900990099;1
441;197,081128632075;731,858765914433;0,99009900990099;0,99009900990099
442;200,79672572524;828,908339966119;0,99009900990099;0,99009900990099
443;197,852363760948;775,370432244987;0,99009900990099;1
444;197,697361305191;733,221052320177;0,99009900990099;1
445;196,931869509319;795,341607044516;0,99009900990099;0,99009900990099
446;196,000714799039;784,791332042465;0,99009900990099;1
447;198,352296363355;832,478355110932;0,99009900990099;1
448;197,625321039641;798,816684143396;0,99009900990099;1
449;178;802,288154806836;0,910891089108911;0,910891089108911
450;204,141412508178;847,895648969131;0,99009900990099;1
451;198,276785337682;770,091556518477;0,99009900990099;1
452;200,423431523542;743,571603102254;0,99009900990099;0,99009900990099
453;195,808744435311;795,46392123717;0,99009900990099;1
454;202,244323408263;760,658576974903;0,99009900990099;1
455;199,309256049903;793,720379266437;0,99009900990099;1
456;199,478869098404;743,046483772503;0,99009900990099;1
457;196,993345128222;753,410985246837;0,99009900990099;1
458;201,193762180749;766,143316318056;0,99009900990099;0,99009900990099
459;201,193504361121;846,809801663695;0,99009900990099;1
460;198,621680662884;772,007348224993;0,99009900990099;0,99009900990099
461;178;711,2496307516;0,910891089108911;0,920792079207921
462;202,44622307657;782,066518294702;0,99009900990099;1
463;198,067160645718;731,005877445944;0,99009900990099;1
464;198,568309176339;740,512740267823;0,99009900990099;0,99009900990099
465;199,928325354839;817,057175823138;0,99009900990099;0,99009900990099
466;195,751885274538;820,932673729518;0,99009900990099;1
467;196,320436744753;815,835312675466;0,99009900990099;0,99009900990099
468;196,024323311029;813,581655542946;0,99009900990099;0,99009900990099
469;196,795988025399;726,049146111744;0,99009900990099;1
470;199,071325433989;751,100763286064;0,99009900990099;0,99009900990099
471;197,107271537086;783,937708446473;0,99009900990099;1
472;201,947827038068;869,725294720521;0,99009900990099;1
473;178;726,757478494661;0,871287128712871;0,871287128712871
474;198,111410354141;753,289285680708;0,99009900990099;0,99009900990099
475;198,225167527399;810,077242774423;0,99009900990099;1
476;198,466320943327;755,662199991372;0,99009900990099;0,99009900990099
477;195,869228450755;841,678288387316;0,99009900990099;1
478;197,422706778804;755,336357752627;0,99009900990099;1
479;198,037022027157;728,087050346669;0,99009900990099;1
480;199,74460171622;828,138580422174;0,99009900990099;1
481;195,920637309286;756,235097382908;0,99009900990099;1
482;178;750,938250515778;0,910891089108911;0,910891089108911
483;199,789928339067;808,701419443821;0,99009900990099;1
484;203,683483469497;818,417552226713;0,99009900990099;0,99009900990099
485;197,692726572748;818,641516964015;0,99009900990099;1
486;199,994479221835;808,121519321658;0,99009900990099;0,99009900990099
487;200,154081678163;860,663309541811;0,99009900990099;0,99009900990099
488;199,151086350199;770,408677877916;0,99009900990099;0,99009900990099
489;200,795242143247;788,871829621084;0,99009900990099;0,99009900990099
490;178;855,050479989872;0,96039603960396;0,96039603960396
491;202,684656921578;774,040712297489;0,99009900990099;1
492;198,584156851521;737,489891786631;0,99009900990099;0,99009900990099
493;197,335781317295;800,893139601103;0,99009900990099;1
494;199,862174224315;776,071362676489;0,99009900990099;0,99009900990099
495;197,472429160577;792,242536546883;0,99009900990099;1
496;197,518039158499;770,688361606984;0,99009900990099;0,99009900990099
497;200,863969685292;846,66070952809;0,99009900990099;0,99009900990099
498;197,770494660873;773,402521287329;0,99009900990099;0,99009900990099
499;198,350238773424;776,990905436473;0,99009900990099;1
500;199,89614287387;764,364680349266;0,99009900990099;0,99009900990099
501;201,505068629026;770,396812349767;0,99009900990099;0,99009900990099
502;199,626160184;848,023071273223;0,99009900990099;0,99009900990099
503;200,224822204724;792,057691678783;0,99009900990099;0,99009900990099
504;205,591144221074;848,100534542193;0,99009900990099;1
505;198,510725701892;793,098596955111;0,99009900990099;1
506;201,289422480521;735,556803213888;0,99009900990099;1
507;196,806703872295;782,669605470066;0,99009900990099;0,99009900990099
508;200,935422854887;740,798717414641;0,99009900990099;1
509;200,911933874407;800,556854074543;0,99009900990099;0,99009900990099
510;178;732,55149582003;0,871287128712871;0,881188118811881
511;197,708023892767;754,231955217144;0,99009900990099;0,99009900990099
512;196,408830047524;832,06304864409;0,99009900990099;0,99009900990099
513;201,211598397608;811,234685575893;0,99009900990099;0,99009900990099
514;199,301662708005;796,056662805815;0,99009900990099;1
515;202,940309718245;820,791831753677;0,99009900990099;0,99009900990099
516;197,85953931419;780,698826321542;0,99009900990099;0,99009900990099
517;202,060053292667;784,618375499098;0,99009900990099;0,99009900990099
518;206,786566641165;848,939519770523;0,99009900990099;1
519;200,368721281458;821,885672596424;0,99009900990099;1
520;198,145111290127;839,870261744227;0,99009900990099;1
521;201,284961685349;787,880875286063;0,99009900990099;0,99009900990099
522;197,987994942385;769,212578645775;0,99009900990099;0,99009900990099
523;196,573320298516;767,677009200821;0,99009900990099;1
524;203,848715282439;776,414886025824;0,99009900990099;1
525;198,864068563476;740,646205603313;0,99009900990099;0,99009900990099
526;197,800390258503;822,911504218238;0,99009900990099;0,99009900990099
527;178;684,998164681896;0,792079207920792;0,792079207920792
528;198,813908727263;781,29685760266;0,99009900990099;1
529;203,666546926182;824,131834771533;0,99009900990099;0,99009900990099
530;199,164710661956;755,229670903565;0,99009900990099;1
531;204,813319271808;804,949505358406;0,99009900990099;1
532;202,165780836729;845,326945385415;0,99009900990099;0,99009900990099
533;197,069822260622;807,359115414995;0,99009900990099;1
534;199,566662819922;815,673402672868;0,99009900990099;1
535;200,204573341695;829,585866341867;0,99009900990099;1
536;198,771264594326;845,820633962021;0,99009900990099;1
537;197,471228875493;815,120253880754;0,99009900990099;0,99009900990099
538;198,144377155923;781,116500668597;0,99009900990099;1
539;197,083182062707;759,374726377145;0,99009900990099;1
540;200,318769101534;798,059119950822;0,99009900990099;1
541;200,443472576484;788,260222748124;0,99009900990099;0,99009900990099
542;203,114463944801;783,043465846344;0,99009900990099;0,99009900990099
543;198,052545623492;756,349824454214;0,99009900990099;1
544;199,12558984853;738,81726936075;0,99009900990099;0,99009900990099
545;198,772469719082;788,18147092762;0,99009900990099;1
546;204,949433682608;821,329952241809;0,99009900990099;1
547;198,876137867314;808,163719450884;0,99009900990099;0,99009900990099
548;199,795849580471;809,759538335627;0,99009900990099;0,99009900990099
549;199,559579868502;733,649136559185;0,99009900990099;1
550;198,006909574534;726,026761341248;0,99009900990099;1
551;201,287729546306;799,99091618106;0,99009900990099;0,99009900990099
552;201,658299824972;765,184537499359;0,99009900990099;1
553;203,956243890455;789,219077963173;0,99009900990099;0,99009900990099
554;178;632,955641701357;0,871287128712871;0,871287128712871
555;199,968806964468;798,515047077266;0,99009900990099;0,99009900990099
556;199,103148827164;744,491784534654;0,99009900990099;1
557;198,930345876115;764,102319577929;0,99009900990099;0,99009900990099
558;204,714648184355;844,262733273829;0,99009900990099;1
559;198,058423018044;768,401684666386;0,99009900990099;1
560;178;712,545268195437;0,871287128712871;0,871287128712871
561;202,543117109319;753,982624079308;0,99009900990099;0,99009900990099
562;198,132292470844;800,06887406612;0,99009900990099;0,99009900990099
563;202,374072735188;743,555262485768;0,99009900990099;0,99009900990099
564;197,011029702285;756,946689444724;0,99009900990099;0,99009900990099
565;199,467649109491;802,736735733934;0,99009900990099;0,99009900990099
566;198,633629333895;811,424207270393;0,99009900990099;1
567;199,784578899476;886,274628818923;0,99009900990099;1
568;201,243906368605;818,792906611701;0,99009900990099;1
569;196,951943832118;781,050712977849;0,99009900990099;0,99009900990099
570;198,175982681916;785,420900268532;0,99009900990099;0,99009900990099
571;203,822357690974;838,13501388325;0,99009900990099;0,99009900990099
572;199,342157317775;744,000028380061;0,99009900990099;1
573;200,478286040335;795,45244499697;0,99009900990099;1
574;199,238196447322;833,094141207881;0,99009900990099;1
575;200,151519543679;773,836988091471;0,99009900990099;0,99009900990099
576;201,262140253305;824,664215472272;0,99009900990099;1
577;198,846596356059;830,965041643997;0,99009900990099;1
578;199,099732612555;708,484737716068;0,99009900990099;1
579;202,897964838698;815,077290206504;0,99009900990099;0,99009900990099
580;196,293285033135;699,090388494618;0,99009900990099;1
581;201,140596805626;802,224068896785;0,99009900990099;1
582;197,054147713614;792,517346638136;0,99009900990099;1
583;198,469242356669;718,728705963732;0,99009900990099;0,99009900990099
584;199,034519621441;751,653026685551;0,99009900990099;1
585;198,406764303121;765,421126673558;0,99009900990099;1
586;205,675716470709;816,881244902727;0,99009900990099;0,99009900990099
587;199,435915237036;759,958326981253;0,99009900990099;1
588;198,833530961986;738,137438835635;0,99009900990099;0,99009900990099
589;199,467067130548;787,165239387012;0,99009900990099;1
590;197,77926760546;735,55520948867;0,99009900990099;0,99009900990099
591;199,114427587546;779,850357928124;0,99009900990099;0,99009900990099
592;198,320884269105;709,516514152137;0,99009900990099;1
593;200,576404512618;809,867191744902;0,99009900990099;1
594;197,775030740053;784,522274851437;0,99009900990099;1
595;199,273967838649;744,891121989192;0,99009900990099;1
596;198,758271275697;767,333234376535;0,99009900990099;1
597;200,599120809525;909,402417209803;0,99009900990099;1
598;198,809481909965;730,490624741205;0,99009900990099;0,99009900990099
599;197,490368922602;789,071119507237;0,99009900990099;0,99009900990099
600;199,669340082446;834,945563819102;0,99009900990099;0,99009900990099
601;200,30502991605;796,858124424214;0,99009900990099;1
602;200,34136555962;841,241305955587;0,99009900990099;0,99009900990099
603;202,421981982208;766,643813236184;0,99009900990099;0,99009900990099
604;200,950153743571;748,344935193219;0,99009900990099;0,99009900990099
605;197,302988506219;787,487636036107;0,99009900990099;1
606;199,592140702399;780,453986256181;0,99009900990099;1
607;202,127770757094;842,696460832066;0,99009900990099;0,99009900990099
608;196,710358566179;773,963693363882;0,99009900990099;0,99009900990099
609;196,659849096723;794,223656833384;0,99009900990099;0,99009900990099
610;196,149311236999;727,131283758947;0,99009900990099;0,99009900990099
611;205,032758982368;849,539711921636;0,99009900990099;0,99009900990099
612;202,481605616356;865,979450456308;0,99009900990099;0,99009900990099
613;199,705280591792;819,385777052792;0,99009900990099;0,99009900990099
614;197,876045984451;753,91572985026;0,99009900990099;0,99009900990099
615;196,774770524357;788,915841627081;0,99009900990099;1
616;178;778,676902913752;0,910891089108911;0,920792079207921
617;199,138905467922;742,774191061856;0,99009900990099;0,99009900990099
618;201,995055166675;767,660752190701;0,99009900990099;1
619;203,028242015564;840,17959433872;0,99009900990099;0,99009900990099
620;196,102932372398;802,220148650408;0,99009900990099;0,99009900990099
621;196,508226228613;791,588620028406;0,99009900990099;1
622;178;805,366593600912;0,910891089108911;0,910891089108911
623;196,549522219685;756,794122917634;0,99009900990099;0,99009900990099
624;196,725512883661;768,29900577774;0,99009900990099;0,99009900990099
625;195,876627655723;739,325349082112;0,99009900990099;0,99009900990099
626;199,733127825429;765,685985440138;0,99009900990099;1
627;201,064988854633;864,046849066056;0,99009900990099;0,99009900990099
628;200,038405674997;782,66256859247;0,99009900990099;1
629;200,141473226476;741,942260637961;0,99009900990099;1
630;197,238089928776;765,211267742522;0,99009900990099;0,99009900990099
631;201,00386281184;877,581597409707;0,99009900990099;1
632;199,059676472266;875,903059982374;0,99009900990099;0,99009900990099
633;201,134450307051;740,938445428906;0,99009900990099;0,99009900990099
634;195,575922921433;789,793485590942;0,99009900990099;0,99009900990099
635;198,160653999247;745,668941527636;0,99009900990099;1
636;201,3630646311;762,203921523649;0,99009900990099;0,99009900990099
637;196,643786506319;796,094048015923;0,99009900990099;0,99009900990099
638;197,638404984478;829,21322565113;0,99009900990099;0,99009900990099
639;200,637529151218;801,688375398329;0,99009900990099;1
640;199,717325587483;775,657724119628;0,99009900990099;0,99009900990099
641;195,117986947444;808,575601519104;0,99009900990099;0,99009900990099
642;195,563713935481;790,169371571531;0,99009900990099;1
643;196,846399328407;771,912217525343;0,99009900990099;0,99009900990099
644;202,13683686008;837,344446121707;0,99009900990099;0,99009900990099
645;178;715,016783876703;0,871287128712871;0,881188118811881
646;199,416040634923;800,937137116009;0,99009900990099;1
647;197,697390057722;784,825440431361;0,99009900990099;0,99009900990099
648;197,863547421362;735,26739274056;0,99009900990099;1
649;202,354201224336;800,301380414432;0,99009900990099;1
650;199,106450508812;770,305501650643;0,99009900990099;1
651;197,151458475999;745,802815493013;0,99009900990099;0,99009900990099
652;197,986442606943;811,596412961878;0,99009900990099;1
653;198,811489598438;737,401491712031;0,99009900990099;1
654;202,749675160943;849,150685698082;0,99009900990099;0,99009900990099
655;197,817671962699;824,617127813883;0,99009900990099;1
656;198,500560729721;777,476662755241;0,99009900990099;1
657;201,836121617122;794,009295463153;0,99009900990099;1
658;197,67667308639;737,572325466988;0,99009900990099;1
659;199,915582669962;757,831721023017;0,99009900990099;0,99009900990099
660;178;726,088998950806;0,96039603960396;0,97029702970297
661;201,571241444049;855,62452410295;0,99009900990099;1
662;197,709543795625;797,067630815809;0,99009900990099;1
663;198,531264484248;813,888975362263;0,99009900990099;0,99009900990099
664;197,147582290886;782,372324232251;0,99009900990099;1
665;178;669,952658422805;0,871287128712871;0,881188118811881
666;178;762,19856533412;0,910891089108911;0,910891089108911
667;197,737353378627;762,404438106821;0,99009900990099;0,99009900990099
668;203,764569443295;834,166693058357;0,99009900990099;0,99009900990099
669;198,885655547339;729,455058287785;0,99009900990099;1
670;195,405351519853;725,729096282618;0,99009900990099;1
671;199,116238660093;703,750556368928;0,99009900990099;1
672;196,051678355231;812,61117525872;0,99009900990099;1
673;199,874377480169;749,451666811161;0,99009900990099;1
674;198,475940835897;778,289290326198;0,99009900990099;1
675;197,299598434448;758,897573944313;0,99009900990099;1
676;201,350266142958;785,235189054026;0,99009900990099;0,99009900990099
677;197,801950507856;790,856083476149;0,99009900990099;1
678;197,852201016048;740,097583798617;0,99009900990099;0,99009900990099
679;197,451212161075;786,895820625734;0,99009900990099;0,99009900990099
680;198,93460704499;764,023542044262;0,99009900990099;0,99009900990099
681;198,145969042962;812,838203833277;0,99009900990099;1
682;194,994573558163;791,150470171156;0,99009900990099;1
683;197,714766244778;794,00871119915;0,99009900990099;1
684;200,34110062351;798,582859520924;0,99009900990099;0,99009900990099
685;178;707,231539423035;0,871287128712871;0,881188118811881
686;199,208179496238;797,772889467687;0,99009900990099;0,99009900990099
687;196,415311940873;797,987694692847;0,99009900990099;1
688;198,937966985719;729,946794392443;0,99009900990099;0,99009900990099
689;202,24740324123;811,325279558884;0,99009900990099;1
690;199,239179871653;796,89220504327;0,99009900990099;1
691;196,983208420225;765,077774990234;0,99009900990099;1
692;201,605929816786;721,68371878058;0,99009900990099;1
693;197,107231321885;772,465405336606;0,99009900990099;0,99009900990099
694;200,015385182944;826,864361292692;0,99009900990099;1
695;197,434267064772;772,465770415157;0,99009900990099;0,99009900990099
696;201,342403373469;776,2593362678;0,99009900990099;1
697;196,971130959154;801,754377011883;0,99009900990099;0,99009900990099
698;196,335502179974;779,564267841548;0,99009900990099;0,99009900990099
699;200,145519897849;791,596742511568;0,99009900990099;0,99009900990099
700;196,726865319729;848,414846599313;0,99009900990099;1
701;204,257502180427;771,870008756483;0,99009900990099;0,99009900990099
702;197,351907552981;759,836402573676;0,99009900990099;1
703;178;674,972611112908;0,910891089108911;0,910891089108911
704;197,551164666785;753,017501577535;0,99009900990099;0,99009900990099
705;198,525356308084;905,298732518362;0,99009900990099;0,99009900990099
706;194,928310601506;786,304596126748;0,99009900990099;1
707;200,965462465328;801,422743208752;0,99009900990099;0,99009900990099
708;202,447294595479;833,558799682041;0,99009900990099;0,99009900990099
709;199,500287636883;847,378386550919;0,99009900990099;0,99009900990099
710;202,030950207898;790,791731874558;0,99009900990099;0,99009900990099
711;200,314810141174;833,964210281733;0,99009900990099;1
712;196,319476627059;786,568392141369;0,99009900990099;0,99009900990099
713;196,725118974016;784,869609151124;0,99009900990099;1
714;198,910394130969;831,783038592818;0,99009900990099;0,99009900990099
715;202,306545734041;771,073707680224;0,99009900990099;0,99009900990099
716;196,911472790623;827,236815464599;0,99009900990099;1
717;199,542078221798;767,918889869699;0,99009900990099;1
718;197,432514193166;689,734054401256;0,99009900990099;0,99009900990099
719;197,029990950741;733,7200299044;0,99009900990099;1
720;197,345483932304;768,013659347589;0,99009900990099;0,99009900990099
721;200,155132197308;778,445227114208;0,99009900990099;1
722;178;714,245582650438;0,871287128712871;0,881188118811881
723;200,128972953263;760,814803183693;0,99009900990099;1
724;202,465346006054;792,349489487129;0,99009900990099;1
725;197,241969136666;788,080028762769;0,99009900990099;0,99009900990099
726;196,924040307297;786,775574170013;0,99009900990099;0,99009900990099
727;198,757901795088;808,093489031661;0,99009900990099;0,99009900990099
728;196,198492093155;705,360455549916;0,99009900990099;0,99009900990099
729;199,655837975622;797,347664463096;0,99009900990099;0,99009900990099
730;197,062080355349;727,727054900289;0,99009900990099;0,99009900990099
731;196,817889232259;704,264075143866;0,99009900990099;0,99009900990099
732;202,135717462834;769,631879996048;0,99009900990099;0,99009900990099
733;196,939537861977;795,419583754809;0,99009900990099;1
734;198,666074114272;755,788557783325;0,99009900990099;0,99009900990099
735;197,22018212766;791,116020909344;0,99009900990099;1
736;198,380848066527;773,484930077592;0,99009900990099;0,99009900990099
737;200,396573381114;809,10881561669;0,99009900990099;0,99009900990099
738;201,518562303118;719,65217202657;0,99009900990099;0,99009900990099
739;200,40980824754;760,622996110172;0,99009900990099;1
740;199,2026162148;741,315996900888;0,99009900990099;0,99009900990099
741;196,396863937233;725,034196228938;0,99009900990099;1
742;178;839,907446831983;0,96039603960396;0,97029702970297
743;198,475289152829;781,168963250498;0,99009900990099;1
744;199,099984182925;775,161337921201;0,99009900990099;0,99009900990099
745;200,595490392308;810,035946208932;0,99009900990099;1
746;197,370693282256;754,096151173826;0,99009900990099;0,99009900990099
747;196,831348765404;779,005989639019;0,99009900990099;0,99009900990099
748;199,597987448039;809,816757210824;0,99009900990099;1
749;202,553021836012;853,349399125766;0,99009900990099;1
750;195,483906007605;797,638626722391;0,99009900990099;0,99009900990099
751;199,28849390969;779,662588807848;0,99009900990099;1
752;197,194187670533;803,583481073938;0,99009900990099;0,99009900990099
753;201,34066417692;742,344232944958;0,99009900990099;1
754;198,418970756794;782,804825178735;0,99009900990099;0,99009900990099
755;197,11454846718;771,679637857859;0,99009900990099;1
756;196,131084587409;746,217197192441;0,99009900990099;1
757;197,571543424355;786,132713879806;0,99009900990099;0,99009900990099
758;199,79532379102;732,510270070383;0,99009900990099;0,99009900990099
759;197,367083154686;759,468340804502;0,99009900990099;0,99009900990099
760;196,520887944232;776,300751960714;0,99009900990099;1
761;197,847916308341;721,560854987786;0,99009900990099;0,99009900990099
762;198,607331644373;788,521910408506;0,99009900990099;1
763;198,889060185516;788,351021620341;0,99009900990099;1
764;198,193675997003;774,59553769099;0,99009900990099;1
765;206,325455328828;821,063042022332;0,99009900990099;0,99009900990099
766;178;764,918880976583;0,910891089108911;0,910891089108911
767;197,041494624859;807,476225031667;0,99009900990099;0,99009900990099
768;196,367583185019;752,583109570508;0,99009900990099;1
769;198,383961323063;747,406722811958;0,99009900990099;1
770;199,320790685188;715,00383623196;0,99009900990099;1
771;195,911016296045;760,836341159495;0,99009900990099;1
772;198,583393259332;803,17935362627;0,99009900990099;0,99009900990099
773;200,753853571674;799,406693223472;0,99009900990099;0,99009900990099
774;200,960321508239;763,792305916863;0,99009900990099;1
775;197,37695134898;788,620476170413;0,99009900990099;0,99009900990099
776;195,085074546618;820,835262820529;0,99009900990099;1
777;197,650053196877;689,328625666063;0,99009900990099;1
778;202,415069738978;729,819736142882;0,99009900990099;1
779;197,183960720693;737,660409978084;0,99009900990099;0,99009900990099
780;198,40569045367;790,858716106261;0,99009900990099;1
781;198,042220999035;835,183428057959;0,99009900990099;1
782;197,956194181131;886,161521631284;0,99009900990099;0,99009900990099
783;198,485663213269;831,05788046353;0,99009900990099;1
784;200,727408342625;767,795447218418;0,99009900990099;1
785;194,683329481231;757,102695099359;0,99009900990099;0,99009900990099
786;204,372927607914;761,189118640745;0,99009900990099;1
787;199,459991008951;789,454436946075;0,99009900990099;1
788;198,305309334189;801,733315923805;0,99009900990099;1
789;196,180862788104;757,763049592502;0,99009900990099;1
790;199,475612486763;775,038886032259;0,99009900990099;1
791;202,191587205438;852,572261015931;0,99009900990099;0,99009900990099
792;204,491679224724;889,37694036192;0,99009900990099;0,99009900990099
793;201,028867509996;774,76781683643;0,99009900990099;0,99009900990099
794;201,430646273064;761,685620378766;0,99009900990099;1
795;201,655486533222;783,137784562168;0,99009900990099;0,99009900990099
796;202,654863623485;842,117445698821;0,99009900990099;1
797;197,033663387689;794,970689296373;0,99009900990099;0,99009900990099
798;199,97853995926;752,472137100879;0,99009900990099;0,99009900990099
799;200,652237583695;797,37840312709;0,99009900990099;1
800;178;742,102615750974;0,96039603960396;0,96039603960396
801;199,533118601211;753,187180943976;0,99009900990099;1
802;200,571850773231;790,665035328147;0,99009900990099;0,99009900990099
803;198,495445095292;850,537944198147;0,99009900990099;1
804;197,510470490858;811,126014497067;0,99009900990099;1
805;198,648573872661;868,604391158043;0,99009900990099;0,99009900990099
806;203,252688911562;863,040330537865;0,99009900990099;0,99009900990099
807;200,8947646782;790,081211190371;0,99009900990099;1
808;197,368245648342;814,436748968304;0,99009900990099;0,99009900990099
809;198,092962827305;684,151258032647;0,99009900990099;1
810;197,793401862149;797,526233894039;0,99009900990099;0,99009900990099
811;201,684015539455;828,194817628595;0,99009900990099;0,99009900990099
812;178;747,504290209302;0,96039603960396;0,96039603960396
813;202,625278647063;846,46126578987;0,99009900990099;0,99009900990099
814;199,072394667961;772,937968242464;0,99009900990099;0,99009900990099
815;201,572954291419;841,30912068216;0,99009900990099;0,99009900990099
816;196,703588762149;790,218481690747;0,99009900990099;0,99009900990099
817;197,058576591053;783,646222879167;0,99009900990099;1
818;200,120645668766;787,154439344043;0,99009900990099;1
819;178;808,691690370029;0,96039603960396;0,96039603960396
820;197,792097746479;770,748872144032;0,99009900990099;0,99009900990099
821;197,900571976669;759,230160791349;0,99009900990099;1
822;196,358876089539;798,253370107358;0,99009900990099;1
823;198,239544664573;753,899535418683;0,99009900990099;1
824;197,044453148032;764,136587465533;0,99009900990099;0,99009900990099
825;178;769,54206995986;0,910891089108911;0,910891089108911
826;195,778909910802;800,539041202054;0,99009900990099;1
827;203,822322575568;832,79293646809;0,99009900990099;0,99009900990099
828;197,873174656088;828,075961051946;0,99009900990099;1
829;196,663339170304;882,759830860398;0,99009900990099;0,99009900990099
830;196,988510582453;825,5331651386;0,99009900990099;0,99009900990099
831;178;721,923746742988;0,910891089108911;0,910891089108911
832;196,063130917553;768,04604337857;0,99009900990099;1
833;198,875551177182;752,0913350729;0,99009900990099;1
834;199,144647708589;804,235046482836;0,99009900990099;1
835;196,194644941942;827,307777935321;0,99009900990099;0,99009900990099
836;178;781,36236452462;0,910891089108911;0,910891089108911
837;198,764785878787;816,832799258754;0,99009900990099;0,99009900990099
838;178;763,132725013846;0,910891089108911;0,910891089108911
839;204,401473642915;786,748790385477;0,99009900990099;0,99009900990099
840;199,40938461085;779,590814602898;0,99009900990099;0,99009900990099
841;202,763244314577;832,394990249576;0,99009900990099;0,99009900990099
842;196,150297320627;808,958327887098;0,99009900990099;1
843;199,363022637209;774,010839940794;0,99009900990099;1
844;197,791246938875;792,869308844802;0,99009900990099;1
845;199,280967243275;806,643362270907;0,99009900990099;1
846;197,136763097891;701,887634578925;0,99009900990099;1
847;198,01146696448;810,341966047648;0,99009900990099;0,99009900990099
848;197,691987935971;802,834664227393;0,99009900990099;1
849;201,106415357711;783,495673429135;0,99009900990099;0,99009900990099
850;202,458692173775;813,911687869838;0,99009900990099;0,99009900990099
851;195,329050851656;784,875622986965;0,99009900990099;1
852;205,352444335906;822,034159395185;0,99009900990099;0,99009900990099
853;197,457265359561;715,205191482532;0,99009900990099;1
854;178;736,316776485451;0,96039603960396;0,96039603960396
855;198,330344914686;784,639646282277;0,99009900990099;0,99009900990099
856;205,956427475972;780,729491055709;0,99009900990099;0,99009900990099
857;197,739791947342;795,07019493089;0,99009900990099;0,99009900990099
858;197,491772360898;831,827952090127;0,99009900990099;1
859;195,39972947874;753,168747342136;0,99009900990099;1
860;198,093442438331;733,852261088563;0,99009900990099;0,99009900990099
861;199,389108942842;837,13998425165;0,99009900990099;0,99009900990099
862;200,717653741379;823,33207564563;0,99009900990099;0,99009900990099
863;198,647854194993;778,353370883632;0,99009900990099;0,99009900990099
864;178;773,617283956719;0,96039603960396;0,96039603960396
865;201,396043169653;782,106622265649;0,99009900990099;1
866;199,014246253415;801,818836410899;0,99009900990099;1
867;203,935264312949;849,553540848088;0,99009900990099;1
868;196,66416195476;812,992554619577;0,99009900990099;0,99009900990099
869;200,976869695124;875,40113958215;0,99009900990099;1
870;197,833892579851;735,945313364968;0,99009900990099;1
871;198,882768638041;806,396801792482;0,99009900990099;1
872;201,078408584199;767,473282590282;0,99009900990099;0,99009900990099
873;198,917996857372;763,212633962101;0,99009900990099;1
874;178;823,145244072553;0,96039603960396;0,97029702970297
875;200,625765101535;769,235477931671;0,99009900990099;0,99009900990099
876;199,520617391763;764,732287294303;0,99009900990099;0,99009900990099
877;200,406811091016;798,726346619458;0,99009900990099;0,99009900990099
878;197,216425865816;763,608246427981;0,99009900990099;1
879;201,276494656419;798,149530264251;0,99009900990099;0,99009900990099
880;198,229506383259;865,404706105948;0,99009900990099;1
881;195,915079521568;807,22449782962;0,99009900990099;1
882;198,896258353122;720,875578146513;0,99009900990099;0,99009900990099
883;202,538321615102;763,510258901893;0,99009900990099;1
884;197,47576202823;754,982656742986;0,99009900990099;1
885;178;732,596057438309;0,871287128712871;0,881188118811881
886;198,970126158661;735,571607591417;0,99009900990099;0,99009900990099
887;195,342073895181;781,202662702296;0,99009900990099;1
888;201,149613797285;809,834142570464;0,99009900990099;1
889;200,220471530127;781,571077194327;0,99009900990099;1
890;197,936231426501;798,400943738557;0,99009900990099;0,99009900990099
891;199,124621205852;811,211400286122;0,99009900990099;0,99009900990099
892;196,82084490975;764,158369031684;0,99009900990099;0,99009900990099
893;204,470140238371;805,809077400082;0,99009900990099;0,99009900990099
894;200,65675488591;760,039267032842;0,99009900990099;0,99009900990099
895;199,446522704586;697,76917370868;0,99009900990099;0,99009900990099
896;201,044807540814;843,243635023868;0,99009900990099;1
897;178;780,767689926142;0,96039603960396;0,96039603960396
898;195,547152725667;718,336158006846;0,99009900990099;0,99009900990099
899;199,70439176515;803,329274937519;0,99009900990099;1
900;195,575085918929;785,556650948287;0,99009900990099;1
901;201,264537677391;771,568365896761;0,99009900990099;1
902;196,884734124877;789,820403839724;0,99009900990099;0,99009900990099
903;199,303117577124;742,106554945829;0,99009900990099;0,99009900990099
904;199,509047713565;754,631812062822;0,99009900990099;0,99009900990099
905;198,313368030245;749,797517799844;0,99009900990099;1
906;178;715,147778432131;0,96039603960396;0,96039603960396
907;199,79733980057;754,036687102573;0,99009900990099;0,99009900990099
908;197,788208196922;756,515920734087;0,99009900990099;1
909;200,064563360838;751,460212541492;0,99009900990099;0,99009900990099
910;201,308266138732;761,007577488576;0,99009900990099;0,99009900990099
911;200,037626217586;761,131710731117;0,99009900990099;0,99009900990099
912;201,474648097912;825,15096041949;0,99009900990099;0,99009900990099
913;201,877165743297;778,899206721197;0,99009900990099;0,99009900990099
914;197,408545003362;812,630647462549;0,99009900990099;1
915;198,221767083418;733,816948063838;0,99009900990099;0,99009900990099
916;196,68557000488;781,931138641294;0,99009900990099;1
917;197,788144328148;772,370509637742;0,99009900990099;0,99009900990099
918;201,744003296266;789,639263979522;0,99009900990099;1
919;196,895212339157;840,933309625015;0,99009900990099;1
920;197,317631934151;742,755270473403;0,99009900990099;1
921;197,490514554051;795,18369390112;0,99009900990099;0,99009900990099
922;207,3785958837;853,743739189882;0,99009900990099;1
923;197,323677345432;726,274529870321;0,99009900990099;0,99009900990099
924;197,858069899571;750,832617337912;0,99009900990099;1
925;198,839666154742;746,743073736435;0,99009900990099;0,99009900990099
926;197,47111286992;771,203845965112;0,99009900990099;1
927;197,95504670325;765,219031312113;0,99009900990099;0,99009900990099
928;196,492828121858;798,596730451607;0,99009900990099;1
929;197,777991746355;765,748711701149;0,99009900990099;1
930;200,42631673262;780,880036030444;0,99009900990099;1
931;195,53924824746;784,089130774282;0,99009900990099;0,99009900990099
932;197,161843598569;819,755051158296;0,99009900990099;1
933;196,278005297656;800,745853748919;0,99009900990099;0,99009900990099
934;195,623160711812;730,2091272366;0,99009900990099;1
935;200,942424559678;854,073376645042;0,99009900990099;1
936;201,518781764612;833,538241443912;0,99009900990099;0,99009900990099
937;199,707612060842;765,011812594486;0,99009900990099;0,99009900990099
938;198,007262488991;776,874840941344;0,99009900990099;1
939;199,130021859389;767,377203373134;0,99009900990099;1
940;196,861055265586;834,595821599989;0,99009900990099;1
941;198,426340937513;780,621529954938;0,99009900990099;1
942;201,142099467321;809,173930252688;0,99009900990099;0,99009900990099
943;197,519167688165;809,564727082774;0,99009900990099;0,99009900990099
944;199,720654830517;750,919515670616;0,99009900990099;0,99009900990099
945;196,9674716284;758,116929873289;0,99009900990099;0,99009900990099
946;199,678222416716;732,644028433267;0,99009900990099;0,99009900990099
947;198,351245020971;755,180639593638;0,99009900990099;1
948;198,275555940824;705,067899147706;0,99009900990099;1
949;200,334128082679;717,049081387336;0,99009900990099;1
950;196,398957121084;757,877833574115;0,99009900990099;1
951;178;697,85689023008;0,871287128712871;0,871287128712871
952;197,289548561161;748,022591257911;0,99009900990099;1
953;198,793035050048;800,657518556359;0,99009900990099;0,99009900990099
954;196,267673396185;805,392915704671;0,99009900990099;0,99009900990099
955;198,966247072523;736,31475510933;0,99009900990099;0,99009900990099
956;195,798105152918;796,353493098308;0,99009900990099;1
957;197,290618694903;750,932393040824;0,99009900990099;0,99009900990099
958;199,138906397438;769,526048684611;0,99009900990099;1
959;199,941697899417;816,860250248519;0,99009900990099;0,99009900990099
960;199,115579557395;719,52310793995;0,99009900990099;0,99009900990099
961;204,210832524411;839,675837149365;0,99009900990099;1
962;200,82153025731;758,359965127611;0,99009900990099;1
963;198,906148605636;751,683819272887;0,99009900990099;0,99009900990099
964;199,086211314431;745,473993365371;0,99009900990099;1
965;199,995761680541;855,0467950239;0,99009900990099;0,99009900990099
966;198,810014999397;850,202217658531;0,99009900990099;1
967;197,731867346787;819,661153060829;0,99009900990099;0,99009900990099
968;205,237546821056;872,242310168622;0,99009900990099;1
969;201,173761760161;796,184613244718;0,99009900990099;1
970;200,472131449809;778,296892931488;0,99009900990099;0,99009900990099
971;197,755121540931;729,354441815653;0,99009900990099;1
972;197,096350167436;817,811621368122;0,99009900990099;0,99009900990099
973;197,390838740354;729,362183100991;0,99009900990099;1
974;200,092767414558;759,627361955855;0,99009900990099;1
975;197,371952377794;775,124895431326;0,99009900990099;0,99009900990099
976;199,346961374006;752,785925018945;0,99009900990099;0,99009900990099
977;197,4488335283;774,92917714173;0,99009900990099;1
978;196,128832470601;817,325253648627;0,99009900990099;0,99009900990099
979;200,448898641512;784,71473789499;0,99009900990099;1
980;199,030878759581;898,91498825547;0,99009900990099;1
981;201,171865581213;741,910829678936;0,99009900990099;0,99009900990099
982;201,309466900347;765,3287515282;0,99009900990099;1
983;197,884560113391;750,104002529769;0,99009900990099;0,99009900990099
984;197,380692628859;753,986455213128;0,99009900990099;0,99009900990099
985;198,109647720881;715,784759545942;0,99009900990099;1
986;197,209534048327;782,76235731235;0,99009900990099;1
987;197,797094813394;755,891150920899;0,99009900990099;0,99009900990099
988;202,06833157449;832,96618187069;0,99009900990099;1
989;200,445662835022;810,40577194368;0,99009900990099;0,99009900990099
990;178;768,257072364898;0,871287128712871;0,871287128712871
991;198,94921305116;857,454646108829;0,99009900990099;1
992;201,549697061218;834,872296158087;0,99009900990099;1
993;201,743976031169;735,655268706296;0,99009900990099;0,99009900990099
994;178;674,212238899593;0,871287128712871;0,871287128712871
995;201,055562849769;762,909786797757;0,99009900990099;1
996;202,374331742108;743,232824404814;0,99009900990099;1
997;196,71459387974;784,753286629512;0,99009900990099;0,99009900990099
998;202,640640667108;808,274885098323;0,99009900990099;1
999;197,715998638187;816,276273115613;0,99009900990099;0,99009900990099
