0;44,4519450314238;29,3311710638218;0,967741935483871;1
1;46,6382233481348;34,7193442782939;0,967741935483871;0,967741935483871
2;46,706573166833;49,5358565009586;0,967741935483871;1
3;45,2857924449074;34,8049912508266;0,967741935483871;0,967741935483871
4;44,3791507404346;27,5585497997403;0,967741935483871;1
5;44,3821077970022;40,3380994909198;0,967741935483871;0,967741935483871
6;47,4374171940508;41,3046122527936;0,967741935483871;1
7;43,898906736997;37,2683952487485;0,967741935483871;0,967741935483871
8;44,4303565166548;25,4661259016447;0,967741935483871;1
9;43,7733873568423;36,1661326625892;0,967741935483871;1
10;44,7104928885332;46,9283373992726;0,967741935483871;0,967741935483871
11;42,7486791686472;34,6903897628828;0,967741935483871;1
12;43,9011245847529;25,1542532007548;0,967741935483871;1
13;44,3767061970524;33,1545628173093;0,967741935483871;1
14;47,3336211745713;46,6815400179444;0,967741935483871;1
15;45,4316462098515;31,7946794461665;0,967741935483871;0,967741935483871
16;45,4882599051934;38,2941596529242;0,967741935483871;1
17;43,680652303462;23,2247798200504;0,967741935483871;0,967741935483871
18;44,6134305009157;34,5919179166204;0,967741935483871;1
19;43,7293909946588;26,4589503135026;0,967741935483871;0,967741935483871
20;44,5260743328863;40,2903003128955;0,967741935483871;1
21;44,092834711113;34,0853337571297;0,967741935483871;0,967741935483871
22;44,8116445532075;36,3116962109059;0,967741935483871;0,967741935483871
23;46,3148144007513;34,9517762249365;0,967741935483871;1
24;43,0583555455956;29,3892114901959;0,967741935483871;1
25;44,1131315052155;29,0638496392092;0,967741935483871;0,967741935483871
26;44,8002233895878;31,0397704558815;0,967741935483871;0,967741935483871
27;45,6786689840966;35,236292826083;0,967741935483871;1
28;45,8297788813567;33,4518523067047;0,967741935483871;1
29;44,0271941475337;27,114827886261;0,967741935483871;1
30;43,3813689770906;30,2288280938138;0,967741935483871;0,967741935483871
31;46,0134046317101;25,6933643400814;0,967741935483871;1
32;46,0903573052979;44,8970791693258;0,967741935483871;0,967741935483871
33;46,9133202062494;29,1833141759042;0,967741935483871;0,967741935483871
34;49,1459046848519;52,7317504639401;0,967741935483871;1
35;44,83541266488;24,0451119452712;0,967741935483871;1
36;42,6287215250514;34,7191621506471;0,967741935483871;0,967741935483871
37;46,3636716768439;32,0483581163863;0,967741935483871;1
38;47,3376315935591;38,4619297627875;0,967741935483871;0,967741935483871
39;45,9470758618389;34,5380812074041;0,967741935483871;0,967741935483871
40;45,3851357913522;68,6007022000773;0,967741935483871;1
41;43,783318852842;21,286182436697;0,967741935483871;0,967741935483871
42;42,7659846510715;29,2355798129402;0,967741935483871;0,967741935483871
43;44,4450815306924;24,9647900560606;0,967741935483871;1
44;47,2903615152066;55,175684470555;0,967741935483871;1
45;45,0340282458466;20,2175384510006;0,967741935483871;1
46;44,8137481503673;30,6783376821596;0,967741935483871;1
47;46,3164073375935;51,437142913878;0,967741935483871;0,967741935483871
48;45,4083779346527;40,1214086649978;0,967741935483871;1
49;43,9190584788347;18,7536298422574;0,967741935483871;0,967741935483871
50;43,1098142363347;34,1287893270143;0,967741935483871;0,967741935483871
51;46,2684574452064;49,6157363748981;0,967741935483871;1
52;44,0466909597434;29,6946570724259;0,967741935483871;0,967741935483871
53;45,2620314315163;44,8798788343704;0,967741935483871;1
54;46,2819178403606;47,4260362293397;0,967741935483871;1
55;43,2976802779854;22,8797037985776;0,967741935483871;1
56;44,4333953708854;24,4360410876192;0,967741935483871;1
57;45,371211588844;37,4031054793727;0,967741935483871;1
58;44,7753899470275;44,5642429796268;0,967741935483871;1
59;43,6758547694191;29,3520688311577;0,967741935483871;0,967741935483871
60;43,3917800083414;34,257701442081;0,967741935483871;0,967741935483871
61;43,2335859057587;32,0908063011637;0,967741935483871;1
62;44,8510488783992;20,2013923762577;0,967741935483871;0,967741935483871
63;45,3187774725817;34,0931173028563;0,967741935483871;0,967741935483871
64;43,7001620208917;27,435501390603;0,967741935483871;0,967741935483871
65;44,6168436904608;38,722476409243;0,967741935483871;0,967741935483871
66;44,9844894111377;28,4682869266896;0,967741935483871;1
67;44,5285762215316;28,5624772033809;0,967741935483871;0,967741935483871
68;43,4561319255374;19,3941643991885;0,967741935483871;1
69;46,427014788841;34,0481451764961;0,967741935483871;0,967741935483871
70;43,4975978417081;24,4072609715308;0,967741935483871;0,967741935483871
71;48,0883883369186;54,3069882692065;0,967741935483871;1
72;44,4671360718397;36,5073362438559;0,967741935483871;0,967741935483871
73;43,2067841449786;23,6088766828069;0,967741935483871;1
74;46,7862736149917;40,9113087053755;0,967741935483871;1
75;44,0249371580519;29,2445932510328;0,967741935483871;0,967741935483871
76;45,6383497272372;23,7660978328064;0,967741935483871;1
77;45,4711226920021;44,6405726130147;0,967741935483871;1
78;45,9068045287293;38,7401794237844;0,967741935483871;0,967741935483871
79;43,6411099897859;23,3511860697197;0,967741935483871;1
80;44,7331189415663;31,4426514371811;0,967741935483871;1
81;44,0789854974325;25,8705142322152;0,967741935483871;0,967741935483871
82;46,6724896621743;34,2708632403731;0,967741935483871;0,967741935483871
83;45,5396775689627;31,2228626105497;0,967741935483871;1
84;42,5067958508611;19,1931730961456;0,967741935483871;0,967741935483871
85;45,7345778949484;32,1713688574479;0,967741935483871;0,967741935483871
86;42,5356643178171;24,2526819019659;0,967741935483871;1
87;45,3963367290997;28,491630155312;0,967741935483871;1
88;45,3973387726484;28,343694704982;0,967741935483871;1
89;43,2741250525319;33,0503360671434;0,967741935483871;1
90;43,7740333405477;30,4817849596385;0,967741935483871;1
91;44,0391933346646;19,4160644882212;0,967741935483871;1
92;42,9469461136503;28,1471326411053;0,967741935483871;0,967741935483871
93;44,7817459377643;38,1888470422446;0,967741935483871;1
94;45,7166036037439;31,8524354571523;0,967741935483871;0,967741935483871
95;44,8045856657141;34,077382640513;0,967741935483871;1
96;45,5707525172598;24,776540101422;0,967741935483871;1
97;46,3047910195674;26,2565268259338;0,967741935483871;0,967741935483871
98;44,2971568533948;35,2450868617938;0,967741935483871;0,967741935483871
99;47,2008325429122;60,1675639449274;0,967741935483871;1
100;44,2041942299092;30,3737409994449;0,967741935483871;0,967741935483871
101;43,5415511700984;20,5127611747889;0,967741935483871;0,967741935483871
102;45,7924233637315;31,1371895565497;0,967741935483871;0,967741935483871
103;47,108381001794;33,6910668581849;0,967741935483871;1
104;44,7927847590604;33,8372893516409;0,967741935483871;0,967741935483871
105;50,0571870118005;50,3458081476538;0,967741935483871;0,967741935483871
106;44,7534457061579;24,2962690641907;0,967741935483871;0,967741935483871
107;46,5436427708092;40,603326447912;0,967741935483871;1
108;47,5361188149241;30,1020288645522;0,967741935483871;0,967741935483871
109;45,5406572828658;66,2100269411676;0,967741935483871;0,967741935483871
110;45,5618376565243;28,7640624320695;0,967741935483871;1
111;43,7912787748161;28,8487220611828;0,967741935483871;1
112;45,3635000792639;24,3307195700802;0,967741935483871;0,967741935483871
113;45,7355082592845;50,878557259719;0,967741935483871;1
114;43,9081316749755;35,6321435574104;0,967741935483871;1
115;42,1702880844849;25,0608474451664;0,967741935483871;0,967741935483871
116;44,6556067010667;22,5924660841499;0,967741935483871;1
117;45,4974625418558;53,8557935574456;0,967741935483871;1
118;43,8168218174198;26,4159203211576;0,967741935483871;0,967741935483871
119;42,1707803990664;31,5136649292123;0,967741935483871;1
120;47,6300170781511;44,3195341823278;0,967741935483871;1
121;45,6361189463683;33,3123938675989;0,967741935483871;0,967741935483871
122;44,8761055316122;34,4055001664397;0,967741935483871;0,967741935483871
123;44,4316818504078;29,4800544042161;0,967741935483871;0,967741935483871
124;44,0289383877846;25,3484681415334;0,967741935483871;0,967741935483871
125;44,1962593849332;29,3180405674728;0,967741935483871;1
126;46,5428783705918;40,7225034261523;0,967741935483871;1
127;45,1494386198315;28,9398882477726;0,967741935483871;0,967741935483871
128;43,6087495953869;41,2260788789848;0,967741935483871;1
129;47,9356085301042;49,444648831112;0,967741935483871;1
130;43,3450383112437;25,1809869825049;0,967741935483871;1
131;45,1955405735513;46,6433871344605;0,967741935483871;1
132;44,0404066150177;29,6688769441835;0,967741935483871;1
133;45,2418031230059;26,5316741828116;0,967741935483871;1
134;45,935686598359;41,469124551808;0,967741935483871;1
135;44,7546960650349;21,1707462608589;0,967741935483871;0,967741935483871
136;45,8617669811009;39,2864959592164;0,967741935483871;0,967741935483871
137;42,3164407022848;18,648434948584;0,967741935483871;0,967741935483871
138;43,1574777402028;38,2326714766612;0,967741935483871;1
139;44,1004923622995;22,1561272959474;0,967741935483871;1
140;44,8989468523159;24,4917788545135;0,967741935483871;1
141;45,0122075800217;48,1335529701615;0,967741935483871;1
142;45,4621109077755;29,655100755738;0,967741935483871;1
143;46,6791541681116;41,1074274125343;0,967741935483871;0,967741935483871
144;45,2193343668286;41,7553927548933;0,967741935483871;1
145;45,2162338971533;28,1952579218107;0,967741935483871;1
146;45,4318486938835;34,6875400183306;0,967741935483871;0,967741935483871
147;45,7163730813825;33,9762279333828;0,967741935483871;1
148;43,49963969101;23,3857500462835;0,967741935483871;1
149;43,5035623824495;24,9347599187689;0,967741935483871;1
150;42,9535274908736;26,8510333762842;0,967741935483871;1
151;47,6329631991966;47,6419383375063;0,967741935483871;0,967741935483871
152;45,7573967078439;29,4576598263433;0,967741935483871;0,967741935483871
153;46,2837678799439;36,194975155056;0,967741935483871;1
154;44,0935233483489;28,3709236987837;0,967741935483871;1
155;43,6750036619548;30,514156256258;0,967741935483871;0,967741935483871
156;44,3062812299533;28,5734580459088;0,967741935483871;0,967741935483871
157;46,7829451835299;32,1177425863324;0,967741935483871;0,967741935483871
158;45,0890846254187;30,131119185817;0,967741935483871;1
159;45,0593241255496;26,6706686079055;0,967741935483871;1
160;44,1282329412997;41,3016670746274;0,967741935483871;0,967741935483871
161;47,5294733950772;54,6157682459391;0,967741935483871;0,967741935483871
162;43,4451825431406;20,1881873417108;0,967741935483871;1
163;43,2494732070644;26,1910042039488;0,967741935483871;1
164;44,71454688346;35,3573588403305;0,967741935483871;1
165;44,0287239722041;25,9163000062739;0,967741935483871;1
166;43,2149317074376;30,184402140125;0,967741935483871;1
167;47,0787805431197;43,6010464964391;0,967741935483871;1
168;45,2881021450652;31,9896509401302;0,967741935483871;1
169;43,3709856310221;29,7251604959544;0,967741935483871;0,967741935483871
170;44,2129500466962;28,7370073062227;0,967741935483871;1
171;46,3873493322283;45,875976212712;0,967741935483871;0,967741935483871
172;42,6709407811453;25,2169098408045;0,967741935483871;1
173;49,0725299968829;49,0687869532457;0,967741935483871;0,967741935483871
174;44,5972616760408;21,4257499048231;0,967741935483871;1
175;47,5836437129496;34,8932601118226;0,967741935483871;1
176;44,7848401938984;42,2919920384728;0,967741935483871;0,967741935483871
177;44,3850800173169;23,1732912139965;0,967741935483871;1
178;44,0880353348896;35,6212199649382;0,967741935483871;1
179;47,0157712894069;45,6696886466761;0,967741935483871;0,967741935483871
180;45,5936284218235;56,376376089015;0,967741935483871;1
181;47,1488279876958;28,6645918517078;0,967741935483871;0,967741935483871
182;43,4845571822373;30,8598114164185;0,967741935483871;0,967741935483871
183;44,7572686817585;35,6060927504803;0,967741935483871;0,967741935483871
184;46,2974048487904;38,2873117698898;0,967741935483871;0,967741935483871
185;44,0148487232478;24,6175337725921;0,967741935483871;0,967741935483871
186;44,1611739915103;29,4398714131339;0,967741935483871;1
187;43,6025576633282;39,2599483588852;0,967741935483871;1
188;45,277514584379;26,7979089488933;0,967741935483871;0,967741935483871
189;43,6661165162964;28,7068478524672;0,967741935483871;0,967741935483871
190;43,709293512664;26,102426572594;0,967741935483871;1
191;44,2958422316019;32,5309765287577;0,967741935483871;1
192;45,620678806468;37,881427240315;0,967741935483871;1
193;46,7205771067097;53,4384889493151;0,967741935483871;1
194;45,1032004221456;51,0830842108179;0,967741935483871;1
195;45,9003677958465;52,3078355432435;0,967741935483871;0,967741935483871
196;44,9327803966493;36,1157837293349;0,967741935483871;1
197;44,0992791046724;29,5117168634324;0,967741935483871;1
198;44,4795912624775;33,7384319077183;0,967741935483871;1
199;43,2326512947051;25,8627636538862;0,967741935483871;1
200;44,9824706109067;19,9976666719512;0,967741935483871;1
201;43,5471145821353;29,940835930087;0,967741935483871;0,967741935483871
202;44,3658818454098;35,7081654570829;0,967741935483871;1
203;45,4654560563156;34,6524071677873;0,967741935483871;1
204;43,1543628061454;30,2568843106868;0,967741935483871;1
205;43,5744834349822;37,8271953583363;0,967741935483871;1
206;44,4659241286011;24,3507514428582;0,967741935483871;1
207;45,7887210048055;63,2943116280088;0,967741935483871;0,967741935483871
208;44,5176862151396;38,2021596537562;0,967741935483871;0,967741935483871
209;45,3307123690442;32,4633609422231;0,967741935483871;0,967741935483871
210;42,7599348033981;34,7269123178941;0,967741935483871;1
211;47,5294599989657;55,0808081615844;0,967741935483871;0,967741935483871
212;44,7768647485068;26,5786276696679;0,967741935483871;0,967741935483871
213;46,0190689091778;33,7551581873551;0,967741935483871;1
214;46,352351436275;43,9648402488238;0,967741935483871;0,967741935483871
215;46,7762595296369;34,3662247470999;0,967741935483871;1
216;43,4311673656392;24,9460173026984;0,967741935483871;1
217;44,6259762584384;40,3838475125653;0,967741935483871;1
218;43,5677007990849;27,9609829835524;0,967741935483871;0,967741935483871
219;44,7476297534562;34,0043570490202;0,967741935483871;0,967741935483871
220;43,1009875983299;41,2568757218772;0,967741935483871;0,967741935483871
221;48,4269394222208;62,9639504471066;0,967741935483871;0,967741935483871
222;45,0619047327951;23,7882496179593;0,967741935483871;1
223;47,2568148372512;38,0162468815765;0,967741935483871;0,967741935483871
224;43,2770082971576;27,0685726308432;0,967741935483871;1
225;43,2076782196348;20,7106590979492;0,967741935483871;1
226;44,2292708590687;28,5055044933027;0,967741935483871;0,967741935483871
227;43,4329738822517;34,8758890379834;0,967741935483871;1
228;45,944443923694;47,5852059750273;0,967741935483871;1
229;45,0787240058184;39,4159448716075;0,967741935483871;1
230;45,2336613979662;26,5561902184474;0,967741935483871;1
231;45,7564467763928;40,7431729620961;0,967741935483871;0,967741935483871
232;44,970207995254;29,505744386541;0,967741935483871;1
233;44,1976764131393;35,8192440312595;0,967741935483871;1
234;43,6029993170728;32,6755630339109;0,967741935483871;0,967741935483871
235;44,7972612970012;22,9976641432012;0,967741935483871;1
236;45,9590020571856;38,7262181650372;0,967741935483871;1
237;44,7881346498587;35,9862544567872;0,967741935483871;0,967741935483871
238;45,3851268188494;36,4957599976067;0,967741935483871;0,967741935483871
239;44,5084360188665;31,1374348344742;0,967741935483871;0,967741935483871
240;44,8139483324239;23,0586448619797;0,967741935483871;0,967741935483871
241;45,0675664802401;26,0092688359667;0,967741935483871;1
242;47,2496607418215;37,8978719419565;0,967741935483871;0,967741935483871
243;45,0332709362347;36,2166145658542;0,967741935483871;1
244;46,9081440997864;39,4052110382165;0,967741935483871;0,967741935483871
245;47,6200925312941;48,8917327650263;0,967741935483871;0,967741935483871
246;43,7550807132224;27,7519106968897;0,967741935483871;0,967741935483871
247;45,1010227445854;37,6691640067015;0,967741935483871;0,967741935483871
248;43,6746319765674;22,8852294259525;0,967741935483871;0,967741935483871
249;44,3860115521856;29,1094836955813;0,967741935483871;1
250;47,6956176654272;45,1229446884824;0,967741935483871;1
251;43,8129312000113;28,8554270222445;0,967741935483871;1
252;46,1375955902999;37,3654384673348;0,967741935483871;0,967741935483871
253;46,1445113280274;43,2644472305303;0,967741935483871;0,967741935483871
254;44,9223467743837;32,9885491158174;0,967741935483871;0,967741935483871
255;47,0461238830852;28,4755930292436;0,967741935483871;0,967741935483871
256;43,9409533962774;50,1724134481579;0,967741935483871;0,967741935483871
257;43,2156165443268;55,302981421451;0,967741935483871;0,967741935483871
258;44,7862670300936;28,272264615555;0,967741935483871;1
259;44,4153005714248;35,4925102523689;0,967741935483871;0,967741935483871
260;43,7852244557766;22,5328656013342;0,967741935483871;1
261;44,9532980377996;28,97213209462;0,967741935483871;1
262;45,8156785166858;29,058821398966;0,967741935483871;0,967741935483871
263;46,4137635960822;42,0221279882536;0,967741935483871;1
264;43,8867528422206;44,5023057281833;0,967741935483871;0,967741935483871
265;45,1877903945858;25,9647967976558;0,967741935483871;0,967741935483871
266;45,2928029087425;26,0143899272213;0,967741935483871;0,967741935483871
267;43,4977540952713;25,098699106348;0,967741935483871;1
268;43,1732337595598;25,3996677261652;0,967741935483871;1
269;47,5474158549572;41,9130351161918;0,967741935483871;0,967741935483871
270;45,1740244407675;27,9862714694437;0,967741935483871;0,967741935483871
271;42,396385736306;21,9594342831407;0,967741935483871;0,967741935483871
272;45,9533160284063;42,5809846425178;0,967741935483871;0,967741935483871
273;46,428502028994;54,7271058959675;0,967741935483871;0,967741935483871
274;43,5984511680946;29,3974375810432;0,967741935483871;1
275;43,3506217624579;31,6979383720035;0,967741935483871;1
276;47,0820627156689;45,1460318153561;0,967741935483871;0,967741935483871
277;44,6394473974601;47,2478641350897;0,967741935483871;1
278;45,158984566971;30,5219254752915;0,967741935483871;0,967741935483871
279;45,5301938065462;24,2415379869656;0,967741935483871;1
280;43,9110090079034;23,9451416035564;0,967741935483871;0,967741935483871
281;46,3025671217421;36,718827112841;0,967741935483871;0,967741935483871
282;46,172728337998;50,2420222408031;0,967741935483871;1
283;45,3343023912173;38,0542577457093;0,967741935483871;0,967741935483871
284;46,4250609861263;31,4453862527886;0,967741935483871;1
285;47,518744221678;55,3108252142341;0,967741935483871;1
286;44,4808333897513;25,8988791230698;0,967741935483871;1
287;43,545766025284;26,4622618134643;0,967741935483871;0,967741935483871
288;44,9098228072086;23,6710820512578;0,967741935483871;1
289;45,9867646434774;45,370189558905;0,967741935483871;0,967741935483871
290;43,9784144672134;33,7279755080377;0,967741935483871;0,967741935483871
291;46,0684588263672;31,3417170753998;0,967741935483871;0,967741935483871
292;46,157144987854;38,6871336537388;0,967741935483871;0,967741935483871
293;43,4158267666556;37,1851578823339;0,967741935483871;1
294;46,1877056941096;45,437280720192;0,967741935483871;1
295;46,3216175181211;58,3341471386826;0,967741935483871;1
296;43,199169937673;20,2111243242402;0,967741935483871;0,967741935483871
297;44,3687532275413;26,0825020759444;0,967741935483871;1
298;42,9081351479951;31,6743333758455;0,967741935483871;1
299;45,0836930202124;29,9057474317945;0,967741935483871;0,967741935483871
300;43,8617571799708;32,6150122086056;0,967741935483871;0,967741935483871
301;45,3474865319044;39,8902318614261;0,967741935483871;0,967741935483871
302;43,3997049145944;28,5519501693278;0,967741935483871;1
303;43,0890025076482;23,1147478838648;0,967741935483871;0,967741935483871
304;46,1546596081029;40,0729502116186;0,967741935483871;0,967741935483871
305;43,6063867350721;41,8316288437924;0,967741935483871;1
306;47,0662320123279;35,3605611233183;0,967741935483871;1
307;44,0639283470646;28,6431098570464;0,967741935483871;0,967741935483871
308;46,5739210734375;45,1251170650338;0,967741935483871;0,967741935483871
309;47,1928735501525;45,8414396508232;0,967741935483871;0,967741935483871
310;45,1871113828845;32,0157383554548;0,967741935483871;0,967741935483871
311;44,6634158656426;33,7527778246338;0,967741935483871;1
312;43,465099045475;26,5901750135891;0,967741935483871;0,967741935483871
313;43,810220776825;24,0276367058035;0,967741935483871;1
314;45,8244976496566;52,1612532593178;0,967741935483871;0,967741935483871
315;43,6854183173387;21,2638219607316;0,967741935483871;0,967741935483871
316;45,0629227739329;28,2135901296065;0,967741935483871;1
317;46,1530339267445;43,8331466675339;0,967741935483871;0,967741935483871
318;43,8249046087807;36,3978634027002;0,967741935483871;0,967741935483871
319;47,7038556538367;38,2189838849377;0,967741935483871;1
320;44,1958741669457;30,7789209490452;0,967741935483871;0,967741935483871
321;45,9154926088712;50,9384873156963;0,967741935483871;0,967741935483871
322;43,8954084130909;23,0015621744084;0,967741935483871;1
323;43,8143555344677;30,5723293777986;0,967741935483871;0,967741935483871
324;44,0969997426945;42,1904441640776;0,967741935483871;0,967741935483871
325;43,8536515554028;21,2192619696521;0,967741935483871;1
326;45,1715089435124;43,8943208309838;0,967741935483871;1
327;42,7991678112124;25,3650872527977;0,967741935483871;1
328;45,5109884071524;42,580733288395;0,967741935483871;0,967741935483871
329;43,1668178349547;33,2843714278508;0,967741935483871;0,967741935483871
330;45,2192555967968;39,5624743696012;0,967741935483871;1
331;44,1133842345774;22,5304484582571;0,967741935483871;0,967741935483871
332;46,4851823698362;38,890946747996;0,967741935483871;1
333;44,5708717050185;24,4336511486063;0,967741935483871;0,967741935483871
334;44,9584841572853;33,6080789972999;0,967741935483871;0,967741935483871
335;43,7826995079491;25,2251696427559;0,967741935483871;1
336;46,6038095412401;41,6223400565445;0,967741935483871;1
337;47,6498900654701;53,0963624676891;0,967741935483871;0,967741935483871
338;43,7703638419218;21,0440924561092;0,967741935483871;1
339;46,1155672116706;34,8914348150345;0,967741935483871;0,967741935483871
340;43,390271588532;21,8264866087451;0,967741935483871;0,967741935483871
341;46,1233453554197;32,0512318714458;0,967741935483871;0,967741935483871
342;43,717990183903;41,6738400509904;0,967741935483871;0,967741935483871
343;44,6845948255018;28,8291729613646;0,967741935483871;0,967741935483871
344;46,541005732647;41,995253666256;0,967741935483871;0,967741935483871
345;46,1287908001173;48,1954353595479;0,967741935483871;0,967741935483871
346;44,9808221651103;43,0524320969683;0,967741935483871;1
347;44,49423194532;26,2856353030675;0,967741935483871;1
348;47,5341519842058;50,0234040315064;0,967741935483871;0,967741935483871
349;44,0353812767578;32,6410607420465;0,967741935483871;1
350;43,3206236083905;29,5557802418622;0,967741935483871;1
351;42,3646549877328;30,4255882973543;0,967741935483871;1
352;43,6976873841555;39,6774519296382;0,967741935483871;1
353;44,2750372358171;19,5108528884109;0,967741935483871;1
354;45,1000382003993;24,9456811783359;0,967741935483871;0,967741935483871
355;43,1768793922636;22,6573001895523;0,967741935483871;0,967741935483871
356;44,0709118036131;21,5695369019868;0,967741935483871;1
357;45,6928652673672;33,1183433899155;0,967741935483871;0,967741935483871
358;44,6861060320896;20,6388154879656;0,967741935483871;1
359;44,7563927115795;28,713138067704;0,967741935483871;1
360;44,5108437138296;28,1831969846043;0,967741935483871;1
361;43,9420584286409;27,7686180500353;0,967741935483871;0,967741935483871
362;46,068241383569;42,5272198809789;0,967741935483871;1
363;45,9199848260821;19,7584525951893;0,967741935483871;1
364;43,8361421467583;34,0446494361941;0,967741935483871;1
365;43,6566002413721;25,0139696631323;0,967741935483871;1
366;45,286381049931;29,463625119923;0,967741935483871;0,967741935483871
367;42,6398367572382;21,7482153905835;0,967741935483871;1
368;45,8582739840648;45,9456734086548;0,967741935483871;1
369;44,6048214449321;22,0599084088249;0,967741935483871;1
370;45,031418281842;38,7362849510358;0,967741935483871;1
371;43,4111179683723;21,5491557997644;0,967741935483871;1
372;44,6495962485156;49,1816384095413;0,967741935483871;1
373;43,7472029077072;30,748986001959;0,967741935483871;1
374;46,9662567026567;28,9602987176622;0,967741935483871;0,967741935483871
375;43,2409866950499;30,9200057197831;0,967741935483871;0,967741935483871
376;44,9241802920855;27,3104379998542;0,967741935483871;0,967741935483871
377;43,578857380618;24,976716952926;0,967741935483871;1
378;44,7766117704115;44,0515409547882;0,967741935483871;0,967741935483871
379;44,6675397487474;64,3731319130696;0,967741935483871;0,967741935483871
380;43,9771078965815;25,8735975465712;0,967741935483871;0,967741935483871
381;45,4583351324003;48,5411375818109;0,967741935483871;1
382;43,2211386333805;17,7788076269296;0,967741935483871;1
383;44,7575656711957;42,4275489989321;0,967741935483871;0,967741935483871
384;43,6735342463811;23,3456156534394;0,967741935483871;1
385;44,9249813793982;35,6377327405377;0,967741935483871;1
386;43,5889943128517;26,737710719415;0,967741935483871;1
387;45,0989838614095;33,5315083529185;0,967741935483871;0,967741935483871
388;43,4685922618782;22,8776508296832;0,967741935483871;1
389;45,2704348186777;38,7000801935491;0,967741935483871;0,967741935483871
390;43,453541909588;25,1394911141641;0,967741935483871;0,967741935483871
391;47,0277140994679;65,8167974502917;0,967741935483871;0,967741935483871
392;46,3120581452858;41,4422983262697;0,967741935483871;1
393;46,5139272081166;38,894761534884;0,967741935483871;0,967741935483871
394;45,6784227734732;39,03931872836;0,967741935483871;1
395;46,7164155294023;35,7022783324492;0,967741935483871;1
396;45,591351688048;44,1207898620627;0,967741935483871;0,967741935483871
397;46,1137032548648;40,7715614583728;0,967741935483871;0,967741935483871
398;44,9064968685394;50,7512950781955;0,967741935483871;1
399;43,6309879732105;27,2408901599974;0,967741935483871;1
400;44,8751505737733;36,5755807047269;0,967741935483871;0,967741935483871
401;45,6170317747564;46,5113024507156;0,967741935483871;1
402;43,131434925531;22,5498248382754;0,967741935483871;0,967741935483871
403;43,1894287255916;37,9339033640179;0,967741935483871;1
404;45,7094786762866;28,0995331864029;0,967741935483871;0,967741935483871
405;44,7175279586147;37,0553713264923;0,967741935483871;1
406;46,9745240759768;36,0186838716127;0,967741935483871;0,967741935483871
407;44,8389030622251;34,064320908565;0,967741935483871;1
408;46,6299207940307;40,1763038469634;0,967741935483871;0,967741935483871
409;45,0812761647056;28,7437117658505;0,967741935483871;1
410;46,8575815497058;33,6100440324432;0,967741935483871;0,967741935483871
411;45,6090548015533;46,2915269660273;0,967741935483871;0,967741935483871
412;44,6001053601213;32,9323706529034;0,967741935483871;1
413;44,2028667138835;32,4094122613242;0,967741935483871;1
414;44,9775825687062;33,8077885701111;0,967741935483871;0,967741935483871
415;45,544413295078;41,784496982236;0,967741935483871;1
416;47,1787619953153;48,3126322372037;0,967741935483871;1
417;43,6071845757262;34,4176017262378;0,967741935483871;0,967741935483871
418;46,4162344110342;50,973560386853;0,967741935483871;0,967741935483871
419;45,1956432281815;48,1548297104143;0,967741935483871;0,967741935483871
420;44,4917443722215;33,8778982805465;0,967741935483871;0,967741935483871
421;44,2088073494354;29,4328444115349;0,967741935483871;1
422;45,9247915396409;28,185222402577;0,967741935483871;1
423;43,1110885809051;29,0676136190749;0,967741935483871;0,967741935483871
424;46,3507882900775;47,4355914335565;0,967741935483871;0,967741935483871
425;44,1170681999628;43,1929954327541;0,967741935483871;0,967741935483871
426;43,9784978597791;33,6939683469956;0,967741935483871;0,967741935483871
427;45,6686032332639;35,9658079986024;0,967741935483871;1
428;43,9925165278415;34,5159717342288;0,967741935483871;1
429;43,2098279744955;36,3664643118538;0,967741935483871;1
430;45,0147755203524;45,7260510595443;0,967741935483871;1
431;44,7890009659572;21,8189216737487;0,967741935483871;1
432;44,4084858318614;22,3921567826553;0,967741935483871;1
433;46,9822467777885;28,8468316493528;0,967741935483871;0,967741935483871
434;45,4726323341433;35,5921425261679;0,967741935483871;0,967741935483871
435;43,357986761231;25,709411393612;0,967741935483871;0,967741935483871
436;43,4099890936181;23,0328770141649;0,967741935483871;0,967741935483871
437;45,1277283709359;33,7058437524325;0,967741935483871;0,967741935483871
438;45,1818217719036;43,1350639365195;0,967741935483871;0,967741935483871
439;43,3079320117206;30,4023634658245;0,967741935483871;1
440;43,8374388384757;43,3917544478294;0,967741935483871;0,967741935483871
441;43,8327027849037;30,9092482795922;0,967741935483871;1
442;43,9213655556531;35,1829911694058;0,967741935483871;1
443;44,8376704676726;27,7116475636493;0,967741935483871;0,967741935483871
444;44,7589962298014;45,3235533381104;0,967741935483871;1
445;45,118613409531;25,4338924923573;0,967741935483871;0,967741935483871
446;45,6302491820441;37,2258873154182;0,967741935483871;1
447;46,8891189501998;32,0887929840869;0,967741935483871;1
448;42,8876861574001;40,4109179099865;0,967741935483871;0,967741935483871
449;45,0861840339969;35,8575187537859;0,967741935483871;0,967741935483871
450;44,8240327021136;38,4160590703369;0,967741935483871;1
451;44,2829932278502;23,23820496222;0,967741935483871;0,967741935483871
452;44,5442829340568;47,3093711358391;0,967741935483871;0,967741935483871
453;42,9741932707612;32,8253072486324;0,967741935483871;1
454;44,7719394067381;35,3583768011535;0,967741935483871;0,967741935483871
455;43,5231162728392;25,6021856078995;0,967741935483871;0,967741935483871
456;43,5202373873521;32,2720429656097;0,967741935483871;0,967741935483871
457;45,4543042212231;53,1289299777441;0,967741935483871;0,967741935483871
458;45,4190530229364;36,9016102192634;0,967741935483871;0,967741935483871
459;45,6063426165169;37,6443106109015;0,967741935483871;0,967741935483871
460;46,1656747804022;32,7268375858613;0,967741935483871;1
461;45,2892092119569;39,1365445329363;0,967741935483871;0,967741935483871
462;45,1444982956213;31,5855658801257;0,967741935483871;1
463;45,5538040291765;52,9646494282093;0,967741935483871;1
464;44,6378742706142;25,6790156231378;0,967741935483871;0,967741935483871
465;44,1818426378083;23,1283934931866;0,967741935483871;1
466;43,7084685025383;39,4558265996828;0,967741935483871;0,967741935483871
467;48,1036063672371;51,7376374841967;0,967741935483871;1
468;46,5315580153679;31,626818821085;0,967741935483871;0,967741935483871
469;45,7975947677172;46,2438741898539;0,967741935483871;1
470;44,207128649035;25,3288978487076;0,967741935483871;0,967741935483871
471;44,3116012977365;32,8674367199121;0,967741935483871;0,967741935483871
472;44,4399006812651;36,8889215580147;0,967741935483871;1
473;43,5341451467253;33,4766804127333;0,967741935483871;0,967741935483871
474;45,9498549601531;53,8012304297523;0,967741935483871;1
475;49,6714659701426;49,0583948718546;0,967741935483871;0,967741935483871
476;46,5889331021194;52,6560202092104;0,967741935483871;0,967741935483871
477;43,5189590730425;27,300717760698;0,967741935483871;1
478;45,5736754324386;36,8549523562017;0,967741935483871;0,967741935483871
479;43,9598662020249;27,0913664642704;0,967741935483871;1
480;46,5921709649452;43,6484541728561;0,967741935483871;0,967741935483871
481;42,7587860930159;28,5760912167234;0,967741935483871;0,967741935483871
482;42,5277924706236;22,9788565285917;0,967741935483871;1
483;44,1711129116792;25,0436974169749;0,967741935483871;1
484;47,6963586509504;50,872062777118;0,967741935483871;1
485;43,6084105925368;26,6655587523835;0,967741935483871;0,967741935483871
486;44,7155634857191;34,0097612839295;0,967741935483871;1
487;44,4191787404196;33,2294753316213;0,967741935483871;1
488;48,3519176459704;43,096739364104;0,967741935483871;0,967741935483871
489;42,7727320006702;28,3085382142153;0,967741935483871;1
490;44,2473289896529;24,1446284996419;0,967741935483871;0,967741935483871
491;44,3046547976275;27,337672607568;0,967741935483871;0,967741935483871
492;43,9921456603894;31,9063962039231;0,967741935483871;1
493;43,9863257935793;32,0335227208899;0,967741935483871;0,967741935483871
494;44,6594119855836;42,3245985981172;0,967741935483871;1
495;43,6702431961436;24,4376411001996;0,967741935483871;0,967741935483871
496;43,8252570078874;35,5500702425044;0,967741935483871;0,967741935483871
497;44,3323441810142;24,7912635488927;0,967741935483871;0,967741935483871
498;43,3921074620791;22,1351100889435;0,967741935483871;0,967741935483871
499;48,0010312211002;44,9989239117729;0,967741935483871;0,967741935483871
500;43,8084960507193;29,6444131050764;0,967741935483871;0,967741935483871
501;43,7522299559591;29,2856074829457;0,967741935483871;0,967741935483871
502;43,3147785649571;20,727632971658;0,967741935483871;0,967741935483871
503;45,3226548541571;51,033046782767;0,967741935483871;0,967741935483871
504;46,7965467480852;35,5728159471101;0,967741935483871;1
505;45,2320397519386;30,4304448713896;0,967741935483871;0,967741935483871
506;44,4985206006515;22,1545776644362;0,967741935483871;0,967741935483871
507;45,1953404439139;52,4907015222264;0,967741935483871;1
508;44,4806714091008;36,4260955438228;0,967741935483871;0,967741935483871
509;45,5145187622897;52,0791980887992;0,967741935483871;1
510;45,7726691205297;39,2687938653343;0,967741935483871;0,967741935483871
511;43,5678194863223;22,4646056347858;0,967741935483871;1
512;46,7223695403445;40,5467874983514;0,967741935483871;1
513;43,1004685857799;31,4172458379373;0,967741935483871;0,967741935483871
514;46,5036353210441;45,4487387164211;0,967741935483871;1
515;47,190696615989;28,723650205577;0,967741935483871;0,967741935483871
516;43,6806420235351;36,7244371022567;0,967741935483871;0,967741935483871
517;45,7208604634177;25,9895927048335;0,967741935483871;0,967741935483871
518;44,2708162352457;25,5153995893836;0,967741935483871;0,967741935483871
519;43,1194477405212;28,8674083197677;0,967741935483871;0,967741935483871
520;46,2290186834504;33,0230611232251;0,967741935483871;0,967741935483871
521;44,5902371853368;28,9702764852859;0,967741935483871;0,967741935483871
522;47,2609807209751;32,5793474991651;0,967741935483871;0,967741935483871
523;44,3657004735776;22,517598933293;0,967741935483871;0,967741935483871
524;45,7186899543898;43,9628061530465;0,967741935483871;1
525;44,9556293054673;33,5974905238289;0,967741935483871;0,967741935483871
526;45,7694053628625;22,8542333745874;0,967741935483871;0,967741935483871
527;43,9219782184952;26,6423852723728;0,967741935483871;0,967741935483871
528;45,9378776601453;34,493531005937;0,967741935483871;0,967741935483871
529;45,9590026481717;25,7766698483791;0,967741935483871;0,967741935483871
530;46,528632507598;30,6569260947487;0,967741935483871;0,967741935483871
531;45,1472356977443;26,5289211077807;0,967741935483871;1
532;44,3677904034517;38,4291268465724;0,967741935483871;0,967741935483871
533;44,8109435196605;30,2669423744071;0,967741935483871;1
534;46,0417448647511;39,5444809470332;0,967741935483871;1
535;44,0976892617076;20,4886222391544;0,967741935483871;0,967741935483871
536;44,9647131431041;33,0721994188632;0,967741935483871;1
537;46,2969870552251;38,2694265421352;0,967741935483871;1
538;46,5795328860016;55,9186397196808;0,967741935483871;0,967741935483871
539;44,048914485414;22,3911463456072;0,967741935483871;0,967741935483871
540;43,2618978952761;18,7492688487846;0,967741935483871;1
541;44,382069445866;36,155091526161;0,967741935483871;1
542;43,8006202996506;31,651671141605;0,967741935483871;1
543;44,4883780573836;27,5426169291762;0,967741935483871;1
544;46,9419636446879;49,6431008465311;0,967741935483871;0,967741935483871
545;43,1083822889191;28,8523729129613;0,967741935483871;0,967741935483871
546;42,5335183640237;26,8577703482446;0,967741935483871;0,967741935483871
547;45,8260397618583;35,5640867351219;0,967741935483871;1
548;44,7666716743456;30,6169420829189;0,967741935483871;1
549;45,6715604427221;30,5170302006058;0,967741935483871;1
550;43,8714393352787;27,1392664093236;0,967741935483871;1
551;45,1331821697813;31,839760894196;0,967741935483871;1
552;44,9186096427523;26,5270078596179;0,967741935483871;1
553;42,7050877539868;30,8161881602553;0,967741935483871;0,967741935483871
554;44,6518601587818;48,3094282288414;0,967741935483871;1
555;44,1852942609831;23,6765507815564;0,967741935483871;1
556;44,0054785297812;48,6539771722857;0,967741935483871;1
557;44,5709040501427;30,5092090208056;0,967741935483871;0,967741935483871
558;43,7787657518338;31,5750499032049;0,967741935483871;0,967741935483871
559;46,2352841133965;59,0563573712763;0,967741935483871;0,967741935483871
560;44,542556325775;36,105767088447;0,967741935483871;0,967741935483871
561;47,4203100939408;49,2751668785444;0,967741935483871;0,967741935483871
562;46,949766933101;50,3765661168439;0,967741935483871;0,967741935483871
563;43,932873058343;32,0102048196244;0,967741935483871;0,967741935483871
564;43,6950534255036;45,2809638964537;0,967741935483871;0,967741935483871
565;44,2931243137336;22,4914579858455;0,967741935483871;0,967741935483871
566;46,230558745347;23,4171074963616;0,967741935483871;1
567;46,0139017283352;37,1784638962346;0,967741935483871;0,967741935483871
568;46,2875609657466;44,0605317950686;0,967741935483871;1
569;45,9746376427672;38,4553528127351;0,967741935483871;0,967741935483871
570;46,473846078574;31,1865641193062;0,967741935483871;0,967741935483871
571;45,5748334097882;48,3059645154739;0,967741935483871;0,967741935483871
572;42,0203719975675;32,4152024095067;0,967741935483871;0,967741935483871
573;48,6727169740898;41,9565202427334;0,967741935483871;1
574;46,131160175682;35,7734420019729;0,967741935483871;1
575;42,9573559388412;23,9048943872259;0,967741935483871;0,967741935483871
576;44,6046813474694;22,8917173437115;0,967741935483871;1
577;45,1964980378253;33,7746783760543;0,967741935483871;1
578;44,6631025543877;28,6168763181977;0,967741935483871;1
579;43,4517831075707;31,3186006212686;0,967741935483871;0,967741935483871
580;47,0838480868063;32,8890144348321;0,967741935483871;0,967741935483871
581;44,6171858301801;28,2119005937574;0,967741935483871;0,967741935483871
582;44,2022431431957;24,1373763807785;0,967741935483871;0,967741935483871
583;44,0904952183866;28,7008903935472;0,967741935483871;0,967741935483871
584;45,6165055825371;37,3403143217833;0,967741935483871;1
585;44,7110017313914;35,2977281545195;0,967741935483871;1
586;47,244700418072;28,6926742997811;0,967741935483871;1
587;43,3207964681014;37,2752114840009;0,967741935483871;0,967741935483871
588;43,2608056358576;30,4563204072972;0,967741935483871;0,967741935483871
589;45,4674086458303;37,9625188381743;0,967741935483871;1
590;41,9371583518495;23,7046243769974;0,967741935483871;0,967741935483871
591;43,4114716370541;25,9998985124874;0,967741935483871;0,967741935483871
592;45,4623161622544;31,6016610719904;0,967741935483871;0,967741935483871
593;48,5101221998016;52,6104309208325;0,967741935483871;1
594;46,090942716134;38,6878772203475;0,967741935483871;0,967741935483871
595;47,3377313718129;54,0240363142991;0,967741935483871;1
596;45,0216609274354;29,2634418504007;0,967741935483871;1
597;45,825761151595;34,6545512160656;0,967741935483871;1
598;44,8623418656936;42,7811526569221;0,967741935483871;1
599;46,7733573972568;39,062177406301;0,967741935483871;1
600;44,946602936829;26,6088526234487;0,967741935483871;1
601;45,808299145626;29,8956056478135;0,967741935483871;0,967741935483871
602;44,2137300100517;26,628061694961;0,967741935483871;0,967741935483871
603;44,1054710937364;24,6651173542731;0,967741935483871;1
604;43,4979919913221;48,1952957971572;0,967741935483871;1
605;44,0784011416501;45,5093857008882;0,967741935483871;1
606;45,6928895704606;59,178842606031;0,967741935483871;0,967741935483871
607;44,4587594584951;39,4517103876678;0,967741935483871;1
608;44,3085266093566;42,6894112163615;0,967741935483871;0,967741935483871
609;42,8671693810261;34,5941823000998;0,967741935483871;1
610;44,7701785753184;33,4745470842648;0,967741935483871;1
611;45,9263321321032;52,9840469053712;0,967741935483871;0,967741935483871
612;45,3903003523782;46,9668134216387;0,967741935483871;1
613;44,6367816785537;35,2900788515803;0,967741935483871;1
614;43,5238742567735;24,3865836159383;0,967741935483871;1
615;43,6864037218456;32,0157841247249;0,967741935483871;0,967741935483871
616;41,7243550940502;31,7784184576494;0,967741935483871;1
617;47,107346693626;49,460239390625;0,967741935483871;1
618;45,2979530810554;32,3126994671265;0,967741935483871;1
619;46,6758827468225;53,5134912647027;0,967741935483871;1
620;46,6679524482836;32,917399287444;0,967741935483871;1
621;45,2397476033933;57,5017145661538;0,967741935483871;0,967741935483871
622;44,1000099088612;27,3206224815403;0,967741935483871;0,967741935483871
623;45,3352374655334;45,8843493097948;0,967741935483871;1
624;44,5465233559287;21,9774017993343;0,967741935483871;0,967741935483871
625;44,8982294764595;20,0467763829263;0,967741935483871;1
626;44,4140493915794;21,9399305779006;0,967741935483871;1
627;43,0670310113447;20,7986999995136;0,967741935483871;0,967741935483871
628;45,0702115580637;18,2038829672385;0,967741935483871;1
629;44,1395036950386;27,8151994869761;0,967741935483871;1
630;43,6544453400641;42,1861374500383;0,967741935483871;0,967741935483871
631;46,1258833735551;41,755649114308;0,967741935483871;1
632;43,634875172442;30,3173013330104;0,967741935483871;1
633;47,5388152514885;41,3586632064042;0,967741935483871;0,967741935483871
634;45,6580250341021;57,2010847283521;0,967741935483871;0,967741935483871
635;45,2018335262554;24,7376372539666;0,967741935483871;0,967741935483871
636;45,8500939690147;43,8680314845616;0,967741935483871;0,967741935483871
637;43,8961316677438;25,2683978981486;0,967741935483871;1
638;44,9581580475986;27,5534216233279;0,967741935483871;1
639;46,2699706866144;45,5466528594985;0,967741935483871;0,967741935483871
640;45,4343547961161;29,4165382749964;0,967741935483871;0,967741935483871
641;43,8890418655414;29,3134518609379;0,967741935483871;0,967741935483871
642;46,0208402677008;64,0544987100956;0,967741935483871;1
643;44,3748982256243;28,5295783345296;0,967741935483871;0,967741935483871
644;45,3236932379204;34,4503485844258;0,967741935483871;1
645;46,0216330513371;48,1490205516113;0,967741935483871;1
646;46,3089700112517;26,3947411405599;0,967741935483871;1
647;46,1019261279802;41,4282605054409;0,967741935483871;1
648;43,2066473093811;40,133707353565;0,967741935483871;1
649;45,8537212821736;44,2577437054392;0,967741935483871;0,967741935483871
650;45,8003210031128;58,0777270107886;0,967741935483871;0,967741935483871
651;45,3950508325659;23,0291739918263;0,967741935483871;1
652;45,7294971839711;34,1010781709137;0,967741935483871;1
653;44,9187611634862;36,881115366023;0,967741935483871;0,967741935483871
654;44,5111047001003;24,5157874564725;0,967741935483871;0,967741935483871
655;45,0803206529963;40,6288710246509;0,967741935483871;1
656;45,4259371224249;45,1754021493002;0,967741935483871;0,967741935483871
657;43,0382243545385;23,5485047367658;0,967741935483871;1
658;46,3318977223902;29,4550170489972;0,967741935483871;1
659;43,2068385351968;31,4245550658962;0,967741935483871;0,967741935483871
660;45,3663515375429;49,7793481335201;0,967741935483871;1
661;43,9983863588577;41,3313335397806;0,967741935483871;0,967741935483871
662;44,6577258894512;26,5047004607484;0,967741935483871;0,967741935483871
663;43,9531996147009;22,285972889205;0,967741935483871;1
664;44,9804582878136;56,338414560781;0,967741935483871;0,967741935483871
665;43,673561456845;28,6360309155481;0,967741935483871;1
666;44,3395476673114;39,4980957722667;0,967741935483871;1
667;47,2268645472245;52,1373994062523;0,967741935483871;1
668;45,634571654259;35,9785517199163;0,967741935483871;0,967741935483871
669;45,4438702575721;34,9537798479298;0,967741935483871;0,967741935483871
670;46,6244049957189;31,451849936132;0,967741935483871;1
671;43,9574161124132;26,3203613721785;0,967741935483871;1
672;44,0232602061177;27,0927105019159;0,967741935483871;0,967741935483871
673;44,3604034400329;35,5969119822228;0,967741935483871;0,967741935483871
674;45,1383179750968;43,9186867993028;0,967741935483871;1
675;50,6319498947594;63,6905251989543;0,967741935483871;1
676;45,3197769094322;33,0732797091283;0,967741935483871;1
677;44,8096894100324;32,0869515824861;0,967741935483871;0,967741935483871
678;45,1196951809864;36,6469339186044;0,967741935483871;0,967741935483871
679;46,1228279750932;45,2847975037112;0,967741935483871;1
680;45,6558582839474;34,9968837318622;0,967741935483871;0,967741935483871
681;46,4953976610877;37,2041509141561;0,967741935483871;1
682;43,2409735464867;24,7366742822051;0,967741935483871;0,967741935483871
683;44,4671029556642;38,4901092249938;0,967741935483871;1
684;47,1387235433577;57,6816416371135;0,967741935483871;0,967741935483871
685;45,8099083373408;23,190037162621;0,967741935483871;0,967741935483871
686;45,8231691890109;31,5329210943635;0,967741935483871;1
687;43,2352299967947;24,4709995904664;0,967741935483871;0,967741935483871
688;44,3810778932927;21,5459384239993;0,967741935483871;1
689;44,6204785648697;32,0238274561524;0,967741935483871;1
690;45,4886461741231;26,4498655989561;0,967741935483871;1
691;47,6483957048537;48,9963564363907;0,967741935483871;1
692;44,5458906271762;48,9063310805016;0,967741935483871;1
693;44,1107606989067;39,9417019051969;0,967741935483871;0,967741935483871
694;44,0506918952522;33,6731947607242;0,967741935483871;0,967741935483871
695;45,6130183116301;25,9437027562382;0,967741935483871;1
696;47,3005637352472;68,3862114577471;0,967741935483871;1
697;43,3940497169922;27,4089630111898;0,967741935483871;0,967741935483871
698;46,2318501517684;32,9659934512003;0,967741935483871;0,967741935483871
699;46,6967014022357;32,8799604592181;0,967741935483871;1
700;46,0136080946422;50,1499304256207;0,967741935483871;1
701;43,3976612110524;28,4573790202197;0,967741935483871;0,967741935483871
702;44,4900685364367;45,4781451830497;0,967741935483871;1
703;44,2898769778645;27,383994081784;0,967741935483871;1
704;43,7611109642692;26,4828072200437;0,967741935483871;0,967741935483871
705;43,9019074695156;33,3065671615727;0,967741935483871;0,967741935483871
706;45,7150762551309;60,8796104018534;0,967741935483871;0,967741935483871
707;46,1515364551071;65,1452430342513;0,967741935483871;0,967741935483871
708;49,0419509745299;65,6949449713054;0,967741935483871;0,967741935483871
709;46,05659796855;22,1517383038078;0,967741935483871;1
710;47,0988240261468;54,5010283348276;0,967741935483871;0,967741935483871
711;47,546820145403;54,7351142085789;0,967741935483871;1
712;45,1398733465917;31,880885241828;0,967741935483871;0,967741935483871
713;44,5828189073375;38,6475333347069;0,967741935483871;1
714;44,0829219725406;38,5394089463475;0,967741935483871;0,967741935483871
715;45,5696533409533;40,1397439388793;0,967741935483871;0,967741935483871
716;43,9324439984179;27,0283223886433;0,967741935483871;0,967741935483871
717;43,7368529558513;21,007823843268;0,967741935483871;0,967741935483871
718;46,5455824048264;27,8332633248639;0,967741935483871;1
719;46,4060592810248;55,0260973075599;0,967741935483871;1
720;42,211320275631;26,1844273155638;0,967741935483871;1
721;44,7954262651889;25,3925598661782;0,967741935483871;0,967741935483871
722;46,5035567381198;23,9583600455629;0,967741935483871;0,967741935483871
723;46,578408766849;46,2888534928678;0,967741935483871;0,967741935483871
724;45,0416981842531;22,4361078135428;0,967741935483871;1
725;45,6422880615251;31,5970528551143;0,967741935483871;1
726;46,328246297701;41,8824042946205;0,967741935483871;1
727;47,0735040515569;29,1235876353988;0,967741935483871;0,967741935483871
728;44,0846912147334;39,6455103884517;0,967741935483871;1
729;45,8374674220341;25,9007756000425;0,967741935483871;0,967741935483871
730;45,9717199025394;33,1643779880438;0,967741935483871;0,967741935483871
731;46,1364432042934;28,3197998043039;0,967741935483871;1
732;43,6844263690629;24,2979693061462;0,967741935483871;1
733;45,1568935282058;37,0542968125483;0,967741935483871;0,967741935483871
734;45,3241792229196;37,8632832067705;0,967741935483871;0,967741935483871
735;45,2638922329686;28,5380699873453;0,967741935483871;0,967741935483871
736;44,8347782648102;47,4310269469887;0,967741935483871;1
737;46,3784519258559;32,9492655393739;0,967741935483871;1
738;42,8198690297088;34,2662255662388;0,967741935483871;1
739;44,1729198367542;25,3787770663297;0,967741935483871;0,967741935483871
740;47,3315115926544;57,1548684476841;0,967741935483871;0,967741935483871
741;45,5578587494842;45,8749430003184;0,967741935483871;1
742;47,6529152291177;51,2648236360006;0,967741935483871;0,967741935483871
743;44,4870669058639;29,5296054323944;0,967741935483871;0,967741935483871
744;45,3727787750153;40,6960239314651;0,967741935483871;0,967741935483871
745;44,2237266468181;37,1436930397024;0,967741935483871;0,967741935483871
746;45,1920614777483;27,2515200098512;0,967741935483871;0,967741935483871
747;43,3040527796211;25,2434694747121;0,967741935483871;0,967741935483871
748;44,9728948096311;33,6241740368437;0,967741935483871;0,967741935483871
749;47,2555973254232;36,7603768942781;0,967741935483871;0,967741935483871
750;45,3354346787962;35,5085842045487;0,967741935483871;0,967741935483871
751;42,930068683146;23,1795831104123;0,967741935483871;1
752;46,3735800892226;28,4619819905758;0,967741935483871;0,967741935483871
753;43,0918771823951;22,8245795389612;0,967741935483871;1
754;42,3922994818922;32,6919159756873;0,967741935483871;1
755;44,8483813815506;26,0664539387869;0,967741935483871;0,967741935483871
756;46,0588339447997;45,7358422900873;0,967741935483871;1
757;45,2039614701958;41,8519891073696;0,967741935483871;1
758;42,5938419089525;31,9774389950464;0,967741935483871;0,967741935483871
759;47,646931010373;34,9592544253187;0,967741935483871;0,967741935483871
760;43,9469308344335;35,8990629000752;0,967741935483871;1
761;44,6307811855373;35,2051840956788;0,967741935483871;1
762;45,3945656356053;21,9501109274442;0,967741935483871;1
763;46,9202553069829;36,774822444197;0,967741935483871;0,967741935483871
764;44,1200336258017;29,0807326469094;0,967741935483871;1
765;45,0266331751793;28,3143948438257;0,967741935483871;1
766;44,0335015728971;34,3573113968877;0,967741935483871;0,967741935483871
767;45,931503918066;51,2071841688359;0,967741935483871;0,967741935483871
768;43,2808253712409;26,0707567050201;0,967741935483871;1
769;45,8832176077297;32,3051916371719;0,967741935483871;0,967741935483871
770;44,538819374828;52,5790530673341;0,967741935483871;0,967741935483871
771;43,0869613126201;41,919444052247;0,967741935483871;0,967741935483871
772;47,6291255043676;65,5257754664863;0,967741935483871;1
773;45,0432080053052;30,4156666900684;0,967741935483871;1
774;44,0315603603846;24,8091003687167;0,967741935483871;0,967741935483871
775;46,0939190720841;61,1493474343295;0,967741935483871;1
776;43,7035480445892;37,7720869445471;0,967741935483871;0,967741935483871
777;44,8320560071131;43,3275020991494;0,967741935483871;1
778;44,5721230048716;38,2666543537933;0,967741935483871;0,967741935483871
779;43,1910147659508;19,0176351736973;0,967741935483871;1
780;42,4654147943013;42,5964044219443;0,967741935483871;0,967741935483871
781;43,6790240733186;41,6724479256498;0,967741935483871;0,967741935483871
782;45,9440903876641;49,2535950537728;0,967741935483871;0,967741935483871
783;45,5431122309354;32,3485411724499;0,967741935483871;1
784;44,788268047572;24,6671818822779;0,967741935483871;0,967741935483871
785;42,6147881953183;32,8398440793589;0,967741935483871;1
786;44,1314044939361;44,7518291520901;0,967741935483871;1
787;44,9425640015299;50,9307401172324;0,967741935483871;1
788;44,2584712955422;23,6763070985761;0,967741935483871;1
789;46,0154873917306;29,2262983476586;0,967741935483871;0,967741935483871
790;44,6289115712807;33,8990996426549;0,967741935483871;1
791;47,5298101632344;37,5706786095115;0,967741935483871;0,967741935483871
792;45,9493815828076;38,4620797282509;0,967741935483871;0,967741935483871
793;46,6878794619252;41,3956103698952;0,967741935483871;0,967741935483871
794;47,9858120464568;49,0677782262569;0,967741935483871;1
795;45,8952854170399;55,3965768887385;0,967741935483871;1
796;44,5598278162357;29,5725419107219;0,967741935483871;0,967741935483871
797;43,8645002928794;24,1658951049813;0,967741935483871;1
798;46,1506452818209;64,220194750301;0,967741935483871;0,967741935483871
799;45,5685792174178;33,46569987699;0,967741935483871;0,967741935483871
800;46,6622907913883;32,2788018747043;0,967741935483871;1
801;44,1130351849509;21,5361252094179;0,967741935483871;0,967741935483871
802;44,2808315183969;25,5346774132712;0,967741935483871;0,967741935483871
803;44,6960022434419;34,555575323619;0,967741935483871;1
804;45,1196708588584;53,5688052908581;0,967741935483871;1
805;46,7549842406162;47,1817101114538;0,967741935483871;0,967741935483871
806;44,0445517797467;28,1638385363954;0,967741935483871;1
807;43,382244840104;33,0305550648439;0,967741935483871;1
808;45,3281367701434;29,6588106131757;0,967741935483871;1
809;44,6050128124722;28,3136738294669;0,967741935483871;0,967741935483871
810;42,6006333617048;27,5153420338735;0,967741935483871;0,967741935483871
811;43,2171848224843;32,6589369906802;0,967741935483871;0,967741935483871
812;49,0122063474181;54,3036541865925;0,967741935483871;1
813;45,5321979921107;42,493162228747;0,967741935483871;1
814;47,5426552036101;51,0980156137451;0,967741935483871;1
815;42,7210672899134;18,8331269538228;0,967741935483871;0,967741935483871
816;45,0020929976031;44,6767617016156;0,967741935483871;0,967741935483871
817;45,8847624478659;44,1677508129393;0,967741935483871;0,967741935483871
818;43,1688960333651;26,6877318705676;0,967741935483871;0,967741935483871
819;43,0996281784147;26,9129815739505;0,967741935483871;0,967741935483871
820;43,604458420304;39,7810433258637;0,967741935483871;0,967741935483871
821;47,5888965624686;43,4361481795126;0,967741935483871;0,967741935483871
822;45,3503227739923;28,8901948357283;0,967741935483871;1
823;45,534478297379;39,9093673731112;0,967741935483871;0,967741935483871
824;42,7389168442372;26,8054995592832;0,967741935483871;0,967741935483871
825;45,5769859960074;43,5914632123203;0,967741935483871;1
826;46,3247464173047;45,701511848009;0,967741935483871;0,967741935483871
827;46,5165527444281;42,3585529255594;0,967741935483871;1
828;48,5746434441261;47,7189318091426;0,967741935483871;1
829;45,7006643961364;31,7559152161708;0,967741935483871;0,967741935483871
830;47,1636009799192;44,0792957395076;0,967741935483871;0,967741935483871
831;46,2620702784642;35,5832210708006;0,967741935483871;1
832;45,8728364939388;46,7454050520013;0,967741935483871;1
833;43,3818937597984;23,938028916105;0,967741935483871;1
834;45,3853954004342;24,7062273018418;0,967741935483871;1
835;45,1550675055574;33,2839609556737;0,967741935483871;1
836;46,5771262865552;38,5969197912792;0,967741935483871;0,967741935483871
837;42,9668435516279;52,5897055389645;0,967741935483871;1
838;45,9203615198874;30,187741086653;0,967741935483871;0,967741935483871
839;46,5012545537865;27,7406312598089;0,967741935483871;0,967741935483871
840;44,1124599932529;26,1411214082474;0,967741935483871;1
841;45,6367335283377;31,1551058138927;0,967741935483871;1
842;47,736602368559;36,5197071340172;0,967741935483871;0,967741935483871
843;44,6816829579556;35,8272955336928;0,967741935483871;0,967741935483871
844;45,9008675075395;53,4322461411539;0,967741935483871;1
845;43,7469727196727;26,1821173072705;0,967741935483871;1
846;45,5304583765419;44,0206739873194;0,967741935483871;0,967741935483871
847;45,3766741027749;30,6987258806357;0,967741935483871;1
848;46,6187306687871;51,2912077584436;0,967741935483871;0,967741935483871
849;44,4831716876148;28,0417294877746;0,967741935483871;1
850;45,0200550643151;47,9638164668971;0,967741935483871;0,967741935483871
851;45,1021181580974;41,184798467341;0,967741935483871;1
852;43,8333969826054;33,8028364877102;0,967741935483871;0,967741935483871
853;45,228481740748;34,8524051906593;0,967741935483871;0,967741935483871
854;47,1393243116401;38,6185038858545;0,967741935483871;1
855;46,0251806151923;42,2605091222726;0,967741935483871;1
856;45,1562182091915;55,4640384362263;0,967741935483871;0,967741935483871
857;45,1677707315227;40,8236365157469;0,967741935483871;0,967741935483871
858;44,1574007048652;37,8962148403208;0,967741935483871;0,967741935483871
859;46,4845806977291;40,1886579568767;0,967741935483871;0,967741935483871
860;44,761276965191;55,8448943670968;0,967741935483871;0,967741935483871
861;44,7073017251543;41,2469787132377;0,967741935483871;1
862;44,6077652887144;41,9074778074577;0,967741935483871;0,967741935483871
863;42,5749841867516;26,5058733235124;0,967741935483871;0,967741935483871
864;43,8589270400454;30,5292652404203;0,967741935483871;1
865;44,3875814955994;50,6526079003462;0,967741935483871;1
866;46,0186642233831;42,5708706797105;0,967741935483871;1
867;42,3030783429075;29,9290150286097;0,967741935483871;1
868;44,8811105959648;30,5005991367366;0,967741935483871;1
869;44,7662332194482;20,3493692971227;0,967741935483871;1
870;43,9479308901114;25,9442127933428;0,967741935483871;0,967741935483871
871;47,5406324087784;53,9649547389006;0,967741935483871;0,967741935483871
872;45,9993625171008;40,4577391031733;0,967741935483871;1
873;46,5346936708053;25,864356011291;0,967741935483871;0,967741935483871
874;44,3916557363866;31,9289063045551;0,967741935483871;0,967741935483871
875;47,4493064679187;29,1835878793801;0,967741935483871;0,967741935483871
876;47,8779670404818;35,0860085272465;0,967741935483871;1
877;44,2618760666117;28,1480780012358;0,967741935483871;0,967741935483871
878;43,7083780287971;38,6077755879681;0,967741935483871;0,967741935483871
879;43,4514016831545;33,6715527341833;0,967741935483871;0,967741935483871
880;46,2152679410102;39,6435513167155;0,967741935483871;0,967741935483871
881;45,1865711706079;29,6183259240598;0,967741935483871;1
882;45,2398236084496;24,7462054298947;0,967741935483871;0,967741935483871
883;45,1778612647615;50,1882154670364;0,967741935483871;0,967741935483871
884;45,5091349097994;38,6338842428439;0,967741935483871;1
885;47,8805775538692;30,5747763097578;0,967741935483871;1
886;44,1905201920756;30,2793448751347;0,967741935483871;1
887;44,3077113994752;20,6011611244275;0,967741935483871;1
888;42,9929180397549;28,0384854548925;0,967741935483871;0,967741935483871
889;44,0223584950724;41,0390380112534;0,967741935483871;1
890;45,8625561909538;55,8356047716981;0,967741935483871;1
891;44,6594413230378;34,1421687265389;0,967741935483871;0,967741935483871
892;45,5027913942246;39,2485865040645;0,967741935483871;0,967741935483871
893;45,7939390097113;30,8778950445931;0,967741935483871;0,967741935483871
894;43,7711490968803;39,0988683405587;0,967741935483871;1
895;44,9927272176254;35,033128433633;0,967741935483871;0,967741935483871
896;44,9514145103621;26,4994150517264;0,967741935483871;1
897;44,7254602614954;30,9075544652107;0,967741935483871;1
898;45,2935248098921;22,9293043079387;0,967741935483871;0,967741935483871
899;45,8738752771018;33,3012918997905;0,967741935483871;1
900;43,7667199698449;29,0590710324385;0,967741935483871;0,967741935483871
901;44,6344081276425;29,7694393338022;0,967741935483871;1
902;45,140291772138;25,3812575222841;0,967741935483871;1
903;45,5798465524971;26,8381438940212;0,967741935483871;0,967741935483871
904;42,4359052491134;22,8314799278617;0,967741935483871;1
905;44,7765037891699;33,7259380985791;0,967741935483871;0,967741935483871
906;45,7096611205988;57,3129740959224;0,967741935483871;1
907;46,2049178808478;47,3198776883908;0,967741935483871;0,967741935483871
908;43,7228856106501;28,815558925334;0,967741935483871;1
909;43,0913855078875;28,4788736083174;0,967741935483871;0,967741935483871
910;45,6906924971225;29,5853320960253;0,967741935483871;0,967741935483871
911;45,4842911886197;43,3446557224879;0,967741935483871;0,967741935483871
912;42,973573165194;31,1370808188651;0,967741935483871;0,967741935483871
913;45,331565533844;29,9780519073232;0,967741935483871;0,967741935483871
914;46,4619793604796;48,3999305243784;0,967741935483871;0,967741935483871
915;42,416088717171;29,5799911874627;0,967741935483871;0,967741935483871
916;43,6876536169307;47,83440411908;0,967741935483871;1
917;45,3096344433164;46,766132292013;0,967741935483871;1
918;42,7234297558781;20,5456573085687;0,967741935483871;1
919;43,6526322670239;35,7825020693122;0,967741935483871;0,967741935483871
920;44,5457774930106;35,253627455953;0,967741935483871;0,967741935483871
921;45,839393695295;29,0634536000155;0,967741935483871;1
922;45,8455279922377;37,558071447369;0,967741935483871;1
923;45,5111291200506;33,0561132310555;0,967741935483871;1
924;43,7993774204506;25,3693347873236;0,967741935483871;1
925;44,5394172451463;29,5671994157692;0,967741935483871;0,967741935483871
926;44,7359892012737;41,1972513243391;0,967741935483871;1
927;47,504144948999;55,7911239890321;0,967741935483871;1
928;45,7497988957423;28,3550822639292;0,967741935483871;0,967741935483871
929;46,449239034786;36,0779464314763;0,967741935483871;1
930;42,8783940763141;30,6979277302121;0,967741935483871;0,967741935483871
931;46,9223532189155;49,004566612975;0,967741935483871;1
932;44,2197732323697;51,7815361657468;0,967741935483871;1
933;45,4442964692073;27,5429554177516;0,967741935483871;0,967741935483871
934;44,4770166177902;20,6112003727089;0,967741935483871;1
935;45,0333717981361;31,8396175644674;0,967741935483871;1
936;46,1615446713392;56,6854772974918;0,967741935483871;1
937;45,3264497406184;28,6529256104553;0,967741935483871;0,967741935483871
938;47,0375797123108;40,8697301498324;0,967741935483871;1
939;46,416623226319;34,6132302131846;0,967741935483871;0,967741935483871
940;45,7287380053611;32,226781134059;0,967741935483871;0,967741935483871
941;43,3977842633399;27,2946066156762;0,967741935483871;0,967741935483871
942;43,243445325537;22,2824762143488;0,967741935483871;1
943;45,8369293404173;45,8110646596705;0,967741935483871;1
944;48,0300339329967;56,0752213484817;0,967741935483871;0,967741935483871
945;43,7752548387261;47,7402116571696;0,967741935483871;0,967741935483871
946;43,9541210116147;41,1696068374799;0,967741935483871;1
947;44,2659224770838;29,550542086091;0,967741935483871;1
948;45,8953624594113;29,6763476915742;0,967741935483871;1
949;44,3244045272672;42,8550999130644;0,967741935483871;0,967741935483871
950;46,5100243147528;43,5571415153837;0,967741935483871;0,967741935483871
951;44,0351642486163;33,2391456469816;0,967741935483871;0,967741935483871
952;44,4130811122869;26,0626857616355;0,967741935483871;0,967741935483871
953;45,2485245576056;33,0639964266581;0,967741935483871;0,967741935483871
954;44,1115625901464;42,7239606585275;0,967741935483871;1
955;43,4649883300644;34,1160868267565;0,967741935483871;1
956;43,3812502064442;30,8768203471052;0,967741935483871;1
957;43,6863630026359;43,8010548503234;0,967741935483871;1
958;45,0876148017041;26,4647246236048;0,967741935483871;1
959;44,5104105240517;36,2447632884191;0,967741935483871;1
960;42,8498604791207;22,0299664550438;0,967741935483871;1
961;44,6923884126089;31,4299800694732;0,967741935483871;1
962;44,3097689831474;31,0802303477133;0,967741935483871;1
963;43,8133042556272;28,5391681454754;0,967741935483871;0,967741935483871
964;44,569092189371;31,6527579379389;0,967741935483871;1
965;44,973583921114;34,4099271565298;0,967741935483871;1
966;45,2357995055077;35,2154737304121;0,967741935483871;0,967741935483871
967;43,7453931946791;28,8131901184086;0,967741935483871;1
968;45,7244690434264;30,5885477654235;0,967741935483871;1
969;44,091701404673;31,7032786581845;0,967741935483871;1
970;45,303730111293;26,3462121003113;0,967741935483871;0,967741935483871
971;42,7957006760134;20,4917792756183;0,967741935483871;0,967741935483871
972;46,119237140009;39,4780519693281;0,967741935483871;0,967741935483871
973;45,4425307472975;49,2926422436033;0,967741935483871;1
974;44,42117994152;45,0263305142291;0,967741935483871;0,967741935483871
975;45,528729613446;24,8573953544989;0,967741935483871;1
976;45,2061199789745;38,9509217119148;0,967741935483871;0,967741935483871
977;44,2924856433204;45,7117659937176;0,967741935483871;0,967741935483871
978;47,2855928721614;46,8437203739335;0,967741935483871;1
979;45,7048223180461;24,4743251091857;0,967741935483871;0,967741935483871
980;44,4254998535206;32,3177873451519;0,967741935483871;0,967741935483871
981;44,1958584066184;27,664623656095;0,967741935483871;0,967741935483871
982;46,0874401157456;24,06589444507;0,967741935483871;0,967741935483871
983;46,6941624936186;35,7450741102308;0,967741935483871;1
984;44,8278832133019;32,4211086666775;0,967741935483871;1
985;47,1409524182016;37,1675119047424;0,967741935483871;1
986;45,4289865193076;30,9656509937838;0,967741935483871;1
987;44,1601289447225;41,1176005116565;0,967741935483871;0,967741935483871
988;44,7219352734067;19,3614251196225;0,967741935483871;1
989;45,6570472324935;35,7673072035822;0,967741935483871;0,967741935483871
990;44,499499267618;26,6131374810197;0,967741935483871;1
991;41,6782977767242;23,593678646783;0,967741935483871;1
992;44,9430205066797;23,9383932777029;0,967741935483871;1
993;43,0003797115618;29,3393283644668;0,967741935483871;0,967741935483871
994;45,8671839122341;37,6039613866696;0,967741935483871;0,967741935483871
995;45,209318376352;31,4595787356964;0,967741935483871;1
996;43,3533717977394;24,6864659774555;0,967741935483871;0,967741935483871
997;44,8628322972474;39,4793899483216;0,967741935483871;0,967741935483871
998;44,298516439289;32,0869874097651;0,967741935483871;0,967741935483871
999;44,6886510960578;30,9512872589331;0,967741935483871;0,967741935483871
