0;79,6993656380526;20,4099693823386;1;1
1;79,6491311608387;12,562085990927;1;1
2;81,9777170261116;25,3884309786484;1;1
3;77,9669945369111;9,43455523696189;1;1
4;82,3934289301834;28,6373121976401;1;1
5;80,3193732920596;23,0377565942535;1;1
6;78,3376301247687;16,0977303414123;1;1
7;77,9326091269501;11,9609038138175;1;1
8;78,7177479609056;10,972767834231;1;1
9;78,4320836440524;25,7767447732181;1;1
10;77,8881883213152;16,6341666200896;1;1
11;79,2617859220559;16,3171170382976;1;1
12;81,0500474527946;26,1347747102943;1;1
13;80,4029478481353;23,8750517813948;1;1
14;81,304860860342;26,2739653675877;1;1
15;77,6754798913889;24,8142110141232;1;1
16;82,1301642618391;19,6256534475542;1;1
17;79,3122306569518;7,58589597638897;1;1
18;83,2671382737204;55,6694764816092;1;1
19;77,8510904933993;14,1791081997127;1;1
20;80,1677254091531;16,9493868361965;1;1
21;78,2593685599028;19,4807092761765;1;1
22;78,874643296759;18,3612232190965;1;1
23;81,7784348001922;29,7832318609361;1;1
24;76,6651497176283;19,4784681792108;1;1
25;79,6496364702695;13,5994442677675;1;1
26;78,2716910221713;20,5484021606934;1;1
27;77,6782431289155;46,2903977265223;1;1
28;78,3782279151944;19,3349893223331;1;1
29;79,0310099836518;20,8890266100083;1;1
30;79,9261215730427;13,7801852875251;1;1
31;78,9712528759371;16,399753589258;1;1
32;79,4985661188743;25,4896827197499;1;1
33;79,1258930772773;14,7620643020677;1;1
34;81,1114413113744;28,1870190071869;1;1
35;80,9555457313526;27,7303194553522;1;1
36;79,3497876284091;22,9166120232664;1;1
37;81,9457341408288;32,254860815167;1;1
38;79,4528371098454;9,13831487730451;1;1
39;78,3533294922746;16,9222146247384;1;1
40;80,9069950793492;13,8345978293503;1;1
41;84,563090568412;55,7642438409518;1;1
42;79,5282009727931;23,648800138852;1;1
43;78,1227631759974;19,6990745869132;1;1
44;78,0614720836568;10,4082662414933;1;1
45;79,4284322120614;20,7880104606617;1;1
46;80,7143560368069;12,1539293999607;1;1
47;78,1437003958421;11,3143550199705;1;1
48;79,2106810421838;49,0688957548617;1;1
49;77,5115387052526;12,6281485576311;1;1
50;80,9271752183713;11,4239740608507;1;1
51;81,2013218384348;34,9966610653331;1;1
52;78,9039319598504;18,7198432804667;1;1
53;79,7852996462989;21,1531989090516;1;1
54;80,7873625592861;32,0473174228151;1;1
55;76,8812236478211;14,8733416316472;1;1
56;80,4077287182129;26,969719360464;1;1
57;78,1192049496335;8,91997146061661;1;1
58;79,5296499724764;37,9216376601789;1;1
59;77,83690815763;18,846700444849;1;1
60;77,4077892696723;17,1935834871057;1;1
61;78,1603203015259;13,929734230681;1;1
62;80,104638099843;42,6241389409863;1;1
63;80,8591605520223;22,8790636796921;1;1
64;80,0858442917355;13,1901337205928;1;1
65;78,6014826997798;13,7802277840944;1;1
66;78,5298491128017;9,21812734714307;1;1
67;80,5150344627794;12,7722483047841;1;1
68;82,3926333528685;31,3769055101812;1;1
69;76,4316745923987;9,26508687775688;1;1
70;78,8845384200594;16,8318420248741;1;1
71;78,7285204970098;20,9663904026581;1;1
72;79,0923962757324;24,1838771314346;1;1
73;78,3229866173259;7,57471277818803;1;1
74;78,5839661619664;16,3168175609711;1;1
75;78,1403118579735;9,69571524280537;1;1
76;77,238315601513;10,3996746034277;1;1
77;78,3673298004528;35,2896523893119;1;1
78;76,4096511183297;46,8077825647908;1;1
79;76,2077708508851;16,3373754594211;1;1
80;78,0298971526091;17,2143853732757;1;1
81;79,3216804324178;28,4408403062381;1;1
82;77,5029245017391;17,3848777919018;1;1
83;79,960939127233;32,851577935955;1;1
84;77,1223378697311;25,5629405402036;1;1
85;78,3959549783938;12,3081047768495;1;1
86;78,0382338910116;24,1237409428642;1;1
87;82,1333644791359;43,1600412998786;1;1
88;79,6403909327618;35,4963207400034;1;1
89;80,4626291609274;20,5324072784596;1;1
90;79,8367145201096;19,1190565846323;1;1
91;77,4159768399336;20,5750101677942;1;1
92;79,9501534605344;5,77516312268657;1;1
93;79,2624192231447;9,46537344758958;1;1
94;79,9894725151797;17,1714825307126;1;1
95;77,5187334231877;27,4944684085416;1;1
96;77,523784761967;22,7719733176569;1;1
97;77,7228708834956;10,4436191125636;1;1
98;76,3671046366542;10,6984515220952;1;1
99;79,9539908088909;24,0951876855991;1;1
100;82,4538854045873;37,3738414248807;1;1
101;78,4469509400386;33,8211322892033;1;1
102;77,1201841548373;17,3281575388161;1;1
103;79,4604616529798;21,6549753399362;1;1
104;78,0095810012585;3,23380652474745;1;1
105;78,6957050567192;17,4937906392533;1;1
106;81,5626824021659;28,4143706469478;1;1
107;80,0819640205806;29,7178956819284;1;1
108;78,2170140330048;21,6491762535728;1;1
109;78,6874613782278;16,9560301785939;1;1
110;77,9298812837399;16,8680158844511;1;1
111;80,4367404978953;16,5584205885247;1;1
112;79,9063998561037;16,1836936847754;1;1
113;78,3582458782006;15,2415956167205;1;1
114;79,8216995321364;20,8617664431436;1;1
115;79,2167379498574;35,1347499059335;1;1
116;77,9797667284462;10,7202930456022;1;1
117;81,4071501367207;21,0724616599522;1;1
118;82,1853743421369;51,4104470674006;1;1
119;80,7348095610179;23,2045736582635;1;1
120;79,4972735929263;8,45893533855254;1;1
121;77,931123410505;10,6179942344169;1;1
122;79,0040177616888;7,25572900251554;1;1
123;83,0247425738688;16,5945839752892;1;1
124;79,3549878434273;13,4226379288906;1;1
125;76,6643386195129;30,9051154729095;1;1
126;80,3047901612128;17,3244205841683;1;1
127;79,285033924065;22,1354350538081;1;1
128;80,8558857819459;24,916715565291;1;1
129;79,0006939633083;11,1997697832028;1;1
130;77,4500007774782;15,6792651432111;1;1
131;76,156846867782;35,2552794953025;1;1
132;77,6348889431597;7,70401678371864;1;1
133;76,2466198012125;31,5249501977591;1;1
134;79,8686273657303;21,3290288523379;1;1
135;79,573020199487;19,0655505754435;1;1
136;79,4766290989148;28,2335952960323;1;1
137;77,951573421201;28,2851682019637;1;1
138;78,4154413448715;10,0261449396612;1;1
139;79,8286051489247;26,4129034136818;1;1
140;77,5777312308909;15,6260136721287;1;1
141;78,4108664673112;16,5635385089027;1;1
142;77,6679927628828;11,9074198764071;1;1
143;79,7176382645507;15,697333488798;1;1
144;79,8084929638184;19,5387305547721;1;1
145;78,1369589913147;29,9941242236243;1;1
146;79,28357420931;14,7690168738359;1;1
147;79,8967150566891;12,1100219335036;1;1
148;82,0871601918029;40,3107150385363;1;1
149;78,621269546974;15,0448540149194;1;1
150;78,8388953723138;23,383800167752;1;1
151;77,5081933104962;35,3008489916573;1;1
152;75,7546443978274;19,2780870555161;1;1
153;79,847379475351;12,2951854545013;1;1
154;76,4341457786539;20,5980241636623;1;1
155;76,9804928758695;15,1067271797001;1;1
156;80,7463397438262;31,1004962454225;1;1
157;79,264809425275;24,8112293189169;1;1
158;79,5902750074093;32,253285211374;1;1
159;80,3810545149928;15,8699662583658;1;1
160;80,2624839977793;15,0919557063814;1;1
161;79,8291973647626;14,8051009966246;1;1
162;79,3505031103266;8,54404471700305;1;1
163;79,0203129490776;14,2117992440541;1;1
164;79,697529263396;20,9647152815181;1;1
165;77,646475045745;15,3501799955144;1;1
166;77,428311388498;51,2838461311305;1;1
167;78,9655907291135;11,8090816657757;1;1
168;79,7232490761198;23,3961637309347;1;1
169;78,8589134024615;22,8317979645273;1;1
170;77,7778832211002;18,8503600034783;1;1
171;79,5689018981823;20,5493124309354;1;1
172;78,4827093089801;34,5816740151252;1;1
173;77,8537574367139;18,021613409425;1;1
174;80,7929091561479;20,968622710513;1;1
175;77,8915312208484;16,4298228750379;1;1
176;76,0846387033056;15,1063539187879;1;1
177;78,7489032127743;11,6009799064835;1;1
178;80,1172540650545;37,6283443934982;1;1
179;80,0614607698769;30,7944586582196;1;1
180;77,6730983368104;11,0212114641704;1;1
181;80,8360924105357;55,0308128271937;1;1
182;78,2862067176204;5,00618105218959;1;1
183;77,2085746299007;13,1922654472274;1;1
184;82,1314730079879;20,409368520891;1;1
185;82,882045563197;68,8390800475375;1;1
186;78,3976191961162;19,7512258392327;1;1
187;78,6465102311562;10,7941655002372;1;1
188;78,6960173861017;13,4816806794802;1;1
189;77,2290346187864;20,6285490745893;1;1
190;81,6409124485944;21,9242500012161;1;1
191;81,2480584511455;37,8908714397373;1;1
192;79,1357235386302;7,69994014894888;1;1
193;79,438458615054;40,9814661329345;1;1
194;79,1073190910501;19,2068056684768;1;1
195;79,5480303315438;16,1502371227965;1;1
196;78,1811566918907;17,2218047399334;1;1
197;78,341565190226;20,8088078594839;1;1
198;80,2405272379863;28,6988921327906;1;1
199;77,9380178221759;36,5935487770998;1;1
200;80,7989363022411;37,6874748341529;1;1
201;77,9326256647363;23,5460075377155;1;1
202;75,8886065313879;7,91661099307334;1;1
203;78,8348935217301;10,5120823814003;1;1
204;81,7505355246334;12,5324005060677;1;1
205;80,4044002329154;15,2827203981006;1;1
206;78,6594211968598;12,4427949984927;1;1
207;77,576739119139;20,2498957452152;1;1
208;81,501871260832;36,4833822076674;1;1
209;77,6726707115065;18,3495661907197;1;1
210;79,608975534304;19,6259769338598;1;1
211;81,5871925174824;36,7183295888105;1;1
212;78,4372943034177;32,777858058602;1;1
213;79,1174788884918;19,9941371676689;1;1
214;79,2076293672303;16,8660165561894;1;1
215;80,4898554364867;9,32749855530297;1;1
216;77,5836482745678;28,7303800047954;1;1
217;79,8718106008528;36,336898840224;1;1
218;81,0256467320921;41,4697133077392;1;1
219;79,0539252063602;28,6128026781752;1;1
220;76,6132211065219;16,5953674547972;1;1
221;78,9063472815353;9,45505071750031;1;1
222;79,6675279643158;19,1291533926418;1;1
223;77,1069588083886;16,0408136384659;1;1
224;78,7823276915596;21,3598907141621;1;1
225;79,0334276357487;13,0922780670853;1;1
226;77,8130325263808;26,6460396615847;1;1
227;76,4638968692455;11,6524044175928;1;1
228;78,8195035712029;4,33830532707572;1;1
229;79,5579034692617;14,6239950520345;1;1
230;79,3851098538133;21,0015473390011;1;1
231;78,5012243274182;24,649849414353;1;1
232;78,4782446931898;19,9474293576485;1;1
233;83,357606904041;50,1082433493423;1;1
234;78,7173397054691;20,9490929210108;1;1
235;80,991017231688;25,3995669580217;1;1
236;80,531138726504;12,4051682696411;1;1
237;81,5528874335425;10,2706343678766;1;1
238;79,5389903856532;17,4435130240761;1;1
239;79,893984727158;12,4623667317252;1;1
240;78,062308897827;25,0131375169941;1;1
241;81,93739406352;35,6523277447602;1;1
242;79,365812607973;18,4126082067368;1;1
243;78,9333567823527;36,5253740847923;1;1
244;78,2840027212071;9,01639431774312;1;1
245;79,8677962126949;11,9866394662226;1;1
246;80,1118388943757;16,8672034743596;1;1
247;77,0823211526417;14,690354651244;1;1
248;80,5328669725377;15,0922630189561;1;1
249;78,5372872159404;29,5008228126312;1;1
250;79,6322050785015;67,9479986221376;1;1
251;76,4454240813166;16,4937372531525;1;1
252;81,0626617738007;20,2241182127392;1;1
253;83,5290215653988;34,9067234614689;1;1
254;79,0170141652706;13,0143857105318;1;1
255;77,45420025571;27,9625343015194;1;1
256;78,2950422193232;25,2280997439798;1;1
257;78,6428671090048;25,7066526704171;1;1
258;78,2065357034517;18,5306710682913;1;1
259;79,0841202509791;14,3546943227438;1;1
260;79,25308368704;20,4079601715027;1;1
261;81,5180648045525;25,2328459166541;1;1
262;79,6387527331484;14,0076929473898;1;1
263;81,3558515688618;36,6983511463949;1;1
264;80,961210417498;11,3741598839814;1;1
265;78,5970972261877;9,97604868229739;1;1
266;80,366117539202;6,52946488748846;1;1
267;78,1511870358382;23,7515747361023;1;1
268;83,3746344978132;50,7046970635574;1;1
269;77,6178917253097;23,3309812154455;1;1
270;79,5412447330948;16,1890651591672;1;1
271;77,2741528651437;18,2517474276869;1;1
272;79,9905697415144;16,2730737039696;1;1
273;78,0386869029938;10,5199497733769;1;1
274;78,1508884565742;14,6715925149568;1;1
275;78,2435866801744;13,1289606395195;1;1
276;81,3003774611968;22,8450032219678;1;1
277;80,7772653469958;26,1154233272903;1;1
278;79,031678278486;12,3591356299246;1;1
279;77,4536295107483;27,8430292120617;1;1
280;81,3962646756673;20,0821700898465;1;1
281;77,5708330128751;14,0230937080036;1;1
282;78,1535813904037;18,0770229537136;1;1
283;79,2251634177592;11,0112226635875;1;1
284;78,4692746288552;14,4798575293976;1;1
285;78,1364759268928;39,3144319678924;1;1
286;77,9004971071172;20,62585368153;1;1
287;82,7708701757723;40,3368539302141;1;1
288;81,4499417440883;30,6709237354904;1;1
289;78,5795530924822;17,4059889019228;1;1
290;79,7729739984555;14,3326293042315;1;1
291;80,8054221647468;23,1663270974722;1;1
292;80,9917372111212;26,6119728853983;1;1
293;77,4647906245118;9,45936622494928;1;1
294;80,0573822811386;33,4763576544198;1;1
295;78,525736615524;21,7156849767564;1;1
296;79,9629524932873;20,8575847471612;1;1
297;77,3146028885075;20,9647560159288;1;1
298;82,0755395351576;34,7858068925762;1;1
299;77,5830288333482;12,3492441364379;1;1
300;79,3905374725505;34,9439031831244;1;1
301;77,8543035705092;19,1833819804606;1;1
302;80,282642274361;18,3920088938684;1;1
303;78,2034077656033;14,2867326061722;1;1
304;79,7742473182713;19,2029165640337;1;1
305;79,2207406337362;18,5059988450508;1;1
306;77,9899661508649;24,781073280954;1;1
307;77,5107686415983;11,833604443603;1;1
308;81,6924505549241;15,5093521344519;1;1
309;81,2756076348666;33,3772626124358;1;1
310;78,4649829667213;36,3665724541829;1;1
311;80,0404067993443;16,1322735252727;1;1
312;78,6733894650079;18,9600928081997;1;1
313;81,6238240620789;39,3221523756915;1;1
314;80,1123021981544;18,1203360879812;1;1
315;76,3293605056652;16,3611384182497;1;1
316;79,1386979852076;13,38185227139;1;1
317;81,3430430492368;43,6246446813314;1;1
318;78,6221423526559;21,9956233576969;1;1
319;79,9162584415226;14,1869813562383;1;1
320;82,1519087271665;9,36446775583041;1;1
321;78,0681694256495;9,50994414705169;1;1
322;78,6429272107421;5,29075928730406;1;1
323;78,7333392373697;28,5941610852338;1;1
324;79,0049945885978;5,14291842466835;1;1
325;79,1554580977321;11,3861575402704;1;1
326;79,461704273876;8,97046444584441;1;1
327;78,4150071702139;6,48229534018615;1;1
328;77,605100332096;36,6905325575208;1;1
329;78,1987326859293;17,3208044270481;1;1
330;79,6976071121238;16,5566789053335;1;1
331;78,4775491717763;6,08223889677053;1;1
332;79,2559554101586;40,3466792456039;1;1
333;79,3790043707796;10,4583385523507;1;1
334;79,284043673225;11,1843700956544;1;1
335;82,4653728042157;22,0050605575935;1;1
336;78,9228531724564;50,3592403872986;1;1
337;78,0345089623874;37,0779659310459;1;1
338;79,9636971621096;14,1925639086526;1;1
339;79,870535669436;15,1914360934362;1;1
340;77,681106805464;13,1586139589832;1;1
341;82,3935705631939;29,4970116907922;1;1
342;78,6366119568627;18,5451809186069;1;1
343;77,7267326071287;28,7771065351418;1;1
344;80,3866038657533;19,8441137409909;1;1
345;78,0539475795204;5,01231780280108;1;1
346;81,2657883423443;19,4849779211422;1;1
347;79,8693006809301;19,3173553023677;1;1
348;78,8119397237755;22,7511645048999;1;1
349;82,0897756598462;19,1413778812407;1;1
350;78,5519596868906;15,1818350432221;1;1
351;80,7138300256603;12,413249991421;1;1
352;80,8375889519564;14,8908747766184;1;1
353;81,171921285436;20,6908183680716;1;1
354;80,515811523346;20,0781902219705;1;1
355;79,3875244492911;31,1074260894074;1;1
356;78,1596268466952;15,4383002978024;1;1
357;81,7896608579149;17,1868440217108;1;1
358;78,740847184475;22,2953568319531;1;1
359;80,167540347293;28,2685519468104;1;1
360;81,4505383445662;30,585881538971;1;1
361;78,1015103640395;20,574919693687;1;1
362;80,1807837614304;4,95923472427283;1;1
363;81,1891624427099;25,9778897707428;1;1
364;77,3785413379173;14,3443501380037;1;1
365;80,0603288194933;39,8962049315928;1;1
366;78,3550280207435;3,38376132745922;1;1
367;80,0635608014193;14,3059651271071;1;1
368;78,0052918214696;18,4363830403837;1;1
369;79,3705470227398;37,6373617626063;1;1
370;79,5379242315194;22,7846532975566;1;1
371;79,8110474939592;15,0311133356425;1;1
372;78,2775848314011;15,6388905046978;1;1
373;78,8631595744325;10,0749012702591;1;1
374;80,902554415092;23,0911315510343;1;1
375;78,043150861875;11,7661093400334;1;1
376;77,6214960632696;14,5218222246834;1;1
377;79,6208689410294;12,8454315664284;1;1
378;80,999351248053;15,283867892916;1;1
379;79,9982154102967;3,153601358357;1;1
380;78,8925275150125;30,221643798447;1;1
381;79,9296219437754;35,0181226448427;1;1
382;79,9714141694746;12,6818725270968;1;1
383;80,0457502251591;35,3936247827801;1;1
384;77,7723650638149;5,33936285859876;1;1
385;81,0196649218717;34,3031736507257;1;1
386;79,7344376145551;16,5675860683833;1;1
387;77,922157650062;25,7314490413477;1;1
388;77,9315643900532;18,005507653076;1;1
389;78,298436956643;26,5927923892527;1;1
390;77,5098288610323;4,23946074084603;1;1
391;78,0290822074593;17,744944987723;1;1
392;76,5058887888677;16,7775098823151;1;1
393;80,5929151530517;20,1812463351625;1;1
394;79,8109955476809;34,6517673391247;1;1
395;81,9952336203382;44,0304162703832;1;1
396;79,2041688616869;22,9559875279282;1;1
397;81,2716125418899;40,3180223822037;1;1
398;79,5508558271465;16,0027284603283;1;1
399;77,205003797285;17,4896304699037;1;1
400;76,6475809504421;12,9152770814639;1;1
401;77,4826149330714;10,3855170039642;1;1
402;78,5819603604468;7,11321046337804;1;1
403;78,5321556023341;11,1143195530121;1;1
404;77,7311713303936;29,4013111177723;1;1
405;79,3132222794479;19,2495713386339;1;1
406;79,2089574459354;17,8950779765383;1;1
407;77,0276000314924;15,6996335220052;1;1
408;78,8382765142214;26,6389919579292;1;1
409;78,3168816594451;22,9691407498845;1;1
410;80,8866353391376;47,5078930341077;1;1
411;80,4197190671071;14,0530077891904;1;1
412;79,4056733513547;16,1822898933394;1;1
413;81,308444779355;41,2652629570827;1;1
414;78,5714464027279;39,4013606569026;1;1
415;80,4808148807012;41,3312949057984;1;1
416;76,8368479725153;18,50284904958;1;1
417;80,2400351687099;40,9529191217132;1;1
418;81,4376665304253;18,8893609018912;1;1
419;76,2252379598343;17,0283115357138;1;1
420;77,9841142352222;8,23464121153758;1;1
421;79,1622492902149;5,54548406882877;1;1
422;79,2345101297868;24,8496038342813;1;1
423;81,1113207539947;34,3369362800736;1;1
424;78,7342544068708;45,548554918122;1;1
425;79,4586224251908;21,426474938201;1;1
426;79,4825452754703;15,6375749034868;1;1
427;81,1829634118642;16,0891981033427;1;1
428;80,3222223031765;62,6384648781895;1;1
429;80,98583333579;42,0078444335563;1;1
430;79,2614335591589;21,4551142261713;1;1
431;80,4920075995198;20,1930725939898;1;1
432;79,8402507771921;23,4707045331004;1;1
433;79,8041077634163;17,5142851215596;1;1
434;78,7632914595603;8,9685660763066;1;1
435;78,1717225908996;29,520630315733;1;1
436;77,9733590981232;15,1549077328822;1;1
437;79,2641162362542;14,4454762882446;1;1
438;80,6741494758488;8,25347194311194;1;1
439;76,6991360153117;33,6751863123043;1;1
440;79,6375331801442;14,4587487902656;1;1
441;78,8216758949904;16,9347030152444;1;1
442;77,8695567657904;7,41629644214139;1;1
443;80,8938093718295;19,1954395311693;1;1
444;77,8103065934893;19,3318966843685;1;1
445;80,1988161442253;36,3356801217793;1;1
446;79,4066119056629;21,4075794114454;1;1
447;77,5661730556069;12,4324103120466;1;1
448;78,7378433746789;26,733143559191;1;1
449;77,7985913300524;16,4189074580357;1;1
450;78,043038729364;17,005643690585;1;1
451;80,4488922720585;21,5781482149565;1;1
452;77,7884068638202;39,2590705296708;1;1
453;81,6618007443333;19,8785504722441;1;1
454;86,8798590722877;58,8222364692023;1;1
455;77,0506696811468;15,6754121099525;1;1
456;79,0853129645457;16,1107413817337;1;1
457;76,6609326812634;18,155198134788;1;1
458;78,3269957416692;12,6252235734145;1;1
459;77,9834905158183;54,9237969424249;1;1
460;78,5971069452453;29,1811353628465;1;1
461;79,7614314620036;17,4853386872528;1;1
462;81,3440639716936;24,1419593572322;1;1
463;82,2517670350472;33,1148380826059;1;1
464;78,8747582318677;13,3269321420596;1;1
465;80,2725175870523;15,2239826197433;1;1
466;75,4766765796895;8,42002016340302;1;1
467;78,7650765564001;7,4356084102597;1;1
468;78,6908075849025;20,1366075869296;1;1
469;78,3188417024887;6,96861374109831;1;1
470;82,432902774889;37,08717096536;1;1
471;78,5626541773714;15,9524000457444;1;1
472;78,37183026847;30,7195684177636;1;1
473;79,5736996217497;28,7560342041275;1;1
474;80,1288897461399;27,8193440314327;1;1
475;80,0261107273594;25,8868994242994;1;1
476;78,6005162727844;26,09924378738;1;1
477;78,0598743053185;25,1291049507224;1;1
478;79,710517169773;21,0366758563003;1;1
479;77,8158725314755;46,8409645510386;1;1
480;77,597058783114;31,6565439302358;1;1
481;78,9370250959329;14,0933796934512;1;1
482;79,9569674143987;27,6673160807358;1;1
483;78,5748334935332;26,8665148923481;1;1
484;78,7295903565651;21,4167258586169;1;1
485;77,4233007916505;16,4840757170935;1;1
486;79,9299478876643;23,7878856908191;1;1
487;80,834789732291;15,5588424708929;1;1
488;82,8962270133197;22,5726046198239;1;1
489;79,1949388464565;10,8448326606916;1;1
490;77,9382769407943;20,9782385817218;1;1
491;78,3850263226526;17,3487435243767;1;1
492;79,0786722695308;27,1637422275251;1;1
493;79,1090542869577;19,7073995402614;1;1
494;80,2474829180672;32,4280309272347;1;1
495;78,1920339116888;9,3120139604632;1;1
496;79,5144281784259;5,00253777214935;1;1
497;78,8395193897514;15,5377738287227;1;1
498;78,1252907329385;10,4733586674538;1;1
499;77,4622650516643;20,7825771195401;1;1
500;79,6299249877835;31,4249075686115;1;1
501;78,3625326174764;24,2488953526866;1;1
502;78,1595759203385;16,9833898257421;1;1
503;79,7579045667202;15,5209518508751;1;1
504;82,7507137868789;52,1982509402142;1;1
505;77,6771731310716;30,971885484304;1;1
506;80,3193864369604;27,0270176528207;1;1
507;81,8977068417069;45,9315864180289;1;1
508;80,0072967590397;16,2516406920886;1;1
509;78,5772082468886;23,046897414578;1;1
510;79,7841636531322;17,2680385185711;1;1
511;76,8582014994275;9,34644168735051;1;1
512;78,8400407382091;29,1500915904488;1;1
513;81,6238167382993;17,4869641095209;1;1
514;78,2947137018761;28,7578768870008;1;1
515;78,6888006343471;17,0771029386667;1;1
516;78,6418949485196;15,7184218222333;1;1
517;78,4161530394732;8,37860126264422;1;1
518;81,0110289023973;13,6194385868767;1;1
519;77,8427225528015;11,967564780134;1;1
520;83,6762778660605;42,7404045716388;1;1
521;78,1926459816004;9,78762825165643;1;1
522;80,8769763560944;58,8095636445887;1;1
523;79,6905963008091;8,13852490268146;1;1
524;79,242027752782;19,6111585797731;1;1
525;76,2700012606411;10,9854907858247;1;1
526;81,0516339501676;23,8653612788117;1;1
527;79,0654423657215;13,1138783752559;1;1
528;81,2980087162056;31,4928479586406;1;1
529;79,0759118231265;16,0288019897206;1;1
530;78,0315621571324;19,1246563091526;1;1
531;76,950953571815;10,7403397656082;1;1
532;79,6194325401024;17,9617371977993;1;1
533;80,2069395889852;18,919051058595;1;1
534;80,5621360590884;56,3372894764417;1;1
535;77,8336048881283;10,9563904223077;1;1
536;78,4640824650794;12,5177524843001;1;1
537;76,3280012303666;15,2276085818732;1;1
538;79,674642464298;16,3760505865866;1;1
539;81,6913654977667;19,5786455437854;1;1
540;80,9730330281176;22,3063366202942;1;1
541;76,853046756169;27,6760291009853;1;1
542;79,5031272929433;11,0010121181016;1;1
543;78,672601231675;12,9914483389011;1;1
544;81,097882593583;8,49564579364218;1;1
545;79,6350271247589;34,2170613834569;1;1
546;77,8653385369086;12,4762738332286;1;1
547;78,0704039310184;10,3867981213879;1;1
548;81,2047369597141;32,6374216377519;1;1
549;79,4439886860077;56,9364003896299;1;1
550;80,6782848300419;33,6576026486;1;1
551;81,805821268864;36,4719266525223;1;1
552;78,7378954056515;11,9473323907801;1;1
553;79,9915087501799;14,0757118105723;1;1
554;81,0785097901179;46,1380764810694;1;1
555;77,7116369158445;25,5986109382156;1;1
556;77,2245360964327;12,6480211403052;1;1
557;79,4407041488467;14,4742345254497;1;1
558;81,1416883232541;38,8754705478229;1;1
559;78,9639573128054;34,8803726094505;1;1
560;79,9453840532605;10,9506408613757;1;1
561;79,009810477202;14,6173093458093;1;1
562;79,4497978165043;28,829419007213;1;1
563;82,2393087701681;18,3683121779373;1;1
564;82,1064938253901;16,3917496189817;1;1
565;77,638404149712;13,6356514912193;1;1
566;79,438066042195;24,4371246015189;1;1
567;77,120588212228;16,8648456860293;1;1
568;79,689815100767;40,0807170168683;1;1
569;77,7384206687667;46,3815196305441;1;1
570;79,8997808536705;22,2690408828029;1;1
571;79,8169217919827;11,7609462239196;1;1
572;79,7418222209967;19,0231639788539;1;1
573;78,0306067508895;12,2538797713432;1;1
574;77,3696837288384;15,9106247882256;1;1
575;80,3417613925823;32,8198767691221;1;1
576;78,6324490004784;20,3572340033749;1;1
577;79,9172750237024;25,471267291899;1;1
578;78,8861023110908;10,545364506035;1;1
579;78,9928156354538;9,80833334746989;1;1
580;78,2866885326854;9,86097604772686;1;1
581;78,0642214978933;13,6646937150461;1;1
582;78,3068064879043;23,4374486173757;1;1
583;78,4533555420442;13,1099693589048;1;1
584;77,8540157258404;7,70464117003222;1;1
585;82,2255628769186;28,3393643049594;1;1
586;78,8181700606952;10,6051767047618;1;1
587;78,5525140882163;14,9844655059523;1;1
588;81,3759005372965;14,0927235155431;1;1
589;79,2290711238895;27,4193701349748;1;1
590;80,6410354618559;50,2562559458428;1;1
591;83,7362721006825;34,2240132694005;1;1
592;76,0580727309567;16,0197832103034;1;1
593;81,4131744782226;11,4854823816372;1;1
594;78,3736574519018;14,6601607851635;1;1
595;80,6022705488018;23,3378018539492;1;1
596;79,1309484994643;42,9067407059027;1;1
597;77,6097657310813;15,9395186921947;1;1
598;79,4594523455326;12,385647381586;1;1
599;77,8477708337808;28,1174279974084;1;1
600;81,1334636935545;9,40883346713555;1;1
601;79,7256484570411;24,3586612985348;1;1
602;83,875031601814;31,0763816998389;1;1
603;78,4024429755538;12,456989926295;1;1
604;76,9231983414411;9,06593601859671;1;1
605;79,2377959351484;22,9354532976308;1;1
606;79,562039479323;11,3666607476614;1;1
607;80,2239030585991;16,6674032637819;1;1
608;78,674309386371;8,60641621662162;1;1
609;83,4681809755065;20,6101240883823;1;1
610;78,5625724651261;21,2331662425234;1;1
611;79,4000501907027;17,8157372864549;1;1
612;78,7245425216487;26,563687110086;1;1
613;78,5073514962048;10,5453075942104;1;1
614;80,7215762676755;41,7584307862278;1;1
615;78,5235866612051;20,6484208729987;1;1
616;77,0673319872955;29,4111108397792;1;1
617;79,2072255581226;16,449817073264;1;1
618;80,6585299655446;20,390536878971;1;1
619;78,7813592160533;40,180374257422;1;1
620;78,3148782207409;9,48711852474146;1;1
621;77,7644525776982;6,23031386533624;1;1
622;78,1726352519277;21,3667862751139;1;1
623;78,9623263741736;11,7744859506844;1;1
624;79,1467115918457;13,8918624852238;1;1
625;80,1535673217739;12,2760239862534;1;1
626;78,6679545387662;13,0589763321765;1;1
627;78,9446829619211;11,749648724261;1;1
628;78,2507910436133;13,5363852742879;1;1
629;78,7640098257392;15,2190590716985;1;1
630;78,23881066665;13,0616260723223;1;1
631;79,1113445875356;12,8047470704075;1;1
632;83,7834187773236;41,6513842011989;1;1
633;81,6982836718178;56,3175267071471;1;1
634;77,3174661148457;24,4941211283606;1;1
635;80,2370967140497;35,3593083734787;1;1
636;81,3447483726426;25,614694253866;1;1
637;79,5681680243134;17,4311588793161;1;1
638;79,1387824236073;28,4588917496848;1;1
639;79,698904503135;38,3684750812854;1;1
640;79,5783895412312;31,484620436395;1;1
641;79,7771480184114;26,6828498378401;1;1
642;76,9234583247203;23,3395493473149;1;1
643;78,3416724679224;20,8958638421713;1;1
644;80,8489859819395;20,1368680986867;1;1
645;79,2736005352419;18,465712016034;1;1
646;78,7577006432252;21,8068605953907;1;1
647;77,1396527258837;13,3123300058296;1;1
648;79,1518238296482;12,5495288800837;1;1
649;81,2594529370307;13,9043271023154;1;1
650;78,2324842385698;40,9443864509452;1;1
651;78,2091561368935;56,9031891300293;1;1
652;81,3531141779566;35,5780312757618;1;1
653;77,1824071851285;10,7882975624603;1;1
654;79,224867083765;19,0005594985749;1;1
655;77,3570579838169;9,2905452498627;1;1
656;79,1033065180781;15,5215884539824;1;1
657;82,2576378995125;33,4450647805404;1;1
658;79,143126567441;38,7345547189795;1;1
659;76,7088792029363;9,97453581180508;1;1
660;77,6736850710614;17,1781388740347;1;1
661;78,4462512328824;10,3678785367506;1;1
662;77,6348904297809;11,0101429014823;1;1
663;79,5732697134293;36,5329082301633;1;1
664;78,2122234952144;18,4098809820371;1;1
665;80,6939973417316;14,2705466223824;1;1
666;77,5556245244103;16,4516621060651;1;1
667;78,12443132963;19,4220249330939;1;1
668;80,7582291044835;34,6616675905376;1;1
669;78,8278034052707;26,8954775294817;1;1
670;77,3681540524764;8,73842078886162;1;1
671;78,1391072549591;33,6884799311175;1;1
672;77,7031153561366;15,4101760421041;1;1
673;77,9602967619586;12,5498907798148;1;1
674;78,7239720233651;22,3020946611137;1;1
675;80,3177028525046;14,1892078328886;1;1
676;79,8992353120441;28,9153678067241;1;1
677;77,4503309538486;52,2588297346311;1;1
678;78,8395753859748;27,1251685912917;1;1
679;80,8329528818416;31,5005369073543;1;1
680;80,4313194485427;22,1794915214867;1;1
681;80,6868657209444;23,5010059333054;1;1
682;81,0742338484973;20,6248657536943;1;1
683;78,1323288753985;12,3094191341958;1;1
684;76,9530936681735;17,4111300882162;1;1
685;82,2604734936466;32,3452349898855;1;1
686;77,5980396285205;15,74330402787;1;1
687;78,7330250405614;25,0640407453403;1;1
688;79,8515422626666;29,3601660150388;1;1
689;82,0735043751453;28,7304564738185;1;1
690;79,7256626374862;11,3151462978979;1;1
691;79,1177643036685;11,6370896605485;1;1
692;77,7420008734943;27,6609471935659;1;1
693;78,2949714821957;8,70013949002281;1;1
694;80,094540927777;16,931519911374;1;1
695;78,237472277923;32,2893170910356;1;1
696;81,7555498300659;20,1238452405906;1;1
697;78,9634248000486;23,4423086941505;1;1
698;82,5510823945306;23,3338053705835;1;1
699;78,5708322472459;18,0186878987377;1;1
700;77,3632998503264;18,8058939090455;1;1
701;78,2017673285358;7,02547350480459;1;1
702;80,1326925703957;16,4777992269281;1;1
703;79,2647584881109;13,5747977019332;1;1
704;78,1190810777444;8,24369929863926;1;1
705;81,2673921736834;12,326446509604;1;1
706;79,4505999467317;20,8902564776666;1;1
707;79,6665828282491;46,9970090288457;1;1
708;79,7914307113397;51,1013641439946;1;1
709;79,5181147148432;20,3103996992781;1;1
710;79,4863763289498;19,6613601938141;1;1
711;78,1475697379939;12,3127252822453;1;1
712;78,3132845296766;17,0679204393554;1;1
713;80,4601650738974;21,8480745450964;1;1
714;79,3707816882694;17,0116912472694;1;1
715;77,9669969751041;8,90360498841483;1;1
716;78,8738615948124;20,4668256788504;1;1
717;76,260030737214;6,96453192910827;1;1
718;77,8133378813973;16,2002585870612;1;1
719;78,735521053259;14,0927221480507;1;1
720;78,3890181355654;14,4193369220229;1;1
721;78,0203903759142;51,826450163487;1;1
722;82,1539667153284;39,9497535441656;1;1
723;78,9268606814452;28,0836747016368;1;1
724;78,4584428678101;38,7244035313838;1;1
725;78,7452991663388;21,2812798386131;1;1
726;78,7730005854798;8,76420240151762;1;1
727;79,3272590570598;18,2911839014506;1;1
728;77,7063538925347;9,71243026540048;1;1
729;79,8752110762571;18,6424985526142;1;1
730;79,3357086923975;24,5224691172107;1;1
731;80,8026589715704;16,5676130889815;1;1
732;79,1651120518259;19,9378141933444;1;1
733;78,9765927648574;16,7332193659554;1;1
734;81,7520113274927;20,3563984837176;1;1
735;77,8548450725341;12,1903090835953;1;1
736;80,3283905444259;24,5413276533032;1;1
737;79,1838234731177;12,637012438547;1;1
738;77,9763686917603;9,82702567237691;1;1
739;78,7893161300254;28,3621424828253;1;1
740;79,3512925207568;17,519952732208;1;1
741;79,7174448080403;36,7739502553927;1;1
742;77,6891345347968;25,2020559630027;1;1
743;80,3883456765272;17,4890057018889;1;1
744;77,0556537112312;7,06089019365999;1;1
745;81,0061550661767;44,7446189935396;1;1
746;79,8341255657527;33,4217641703119;1;1
747;78,3208008683707;9,07593943907279;1;1
748;79,1950244927438;16,348991660863;1;1
749;78,2075205351548;12,6005928780735;1;1
750;80,0654969865687;26,3389638935782;1;1
751;81,8743518127021;27,3974417533387;1;1
752;76,9561302037163;7,91711562440591;1;1
753;81,1356363211419;30,1297530486049;1;1
754;82,026303518964;28,595807479758;1;1
755;77,7333052732334;19,7167191171814;1;1
756;79,1609609599794;20,2586612743014;1;1
757;78,1007256752439;8,80764600561176;1;1
758;80,8721496759426;30,4680055903777;1;1
759;80,3853550610252;12,1602002257549;1;1
760;78,007650325735;32,8949617812677;1;1
761;79,1032332373216;23,8874255185348;1;1
762;76,4617697737612;6,2943390910609;1;1
763;79,9059010816586;9,09511081964543;1;1
764;78,2564977891435;17,8819337293749;1;1
765;81,1996749667908;36,6602787876563;1;1
766;79,7271496151768;12,9053688994196;1;1
767;78,7464000713204;29,1637088039944;1;1
768;78,1321932696797;18,1225181245631;1;1
769;79,2734396965622;12,0745536977308;1;1
770;78,254866114989;14,7322273379351;1;1
771;78,6762544492795;18,8888531736697;1;1
772;80,8985583254304;27,277707427151;1;1
773;82,508752107218;23,3332295933178;1;1
774;77,8252829950428;20,888141286652;1;1
775;79,1735210924018;18,6627729607283;1;1
776;78,6561460718376;12,7006691479777;1;1
777;80,2048520786489;12,93478077175;1;1
778;77,3711345241234;26,0744669993567;1;1
779;80,934075453397;62,7667330461407;1;1
780;76,5042503298737;31,8145905762492;1;1
781;78,1246381691449;31,6613608130964;1;1
782;76,0157830732875;11,6756831211772;1;1
783;77,5137021627791;23,5339162291836;1;1
784;77,9764495368649;12,6794205060466;1;1
785;78,2859332700024;10,3388242571391;1;1
786;79,606336917757;14,651195872208;1;1
787;81,2566630298891;45,7392565094608;1;1
788;76,8477701257568;20,0399916189746;1;1
789;77,5430930569405;14,9292570897296;1;1
790;81,2618679960352;12,7296278328515;1;1
791;77,6874170627076;7,64396784087603;1;1
792;78,5633853280074;10,9031192786348;1;1
793;80,1522851313548;13,2874688449385;1;1
794;77,5772233496638;34,5869428615278;1;1
795;79,8483313358555;12,7793340351924;1;1
796;76,5651088556294;16,3202526571649;1;1
797;78,967404189124;32,9455117443262;1;1
798;80,3637903768114;15,0651941023071;1;1
799;80,7395483939791;22,6903084603724;1;1
800;78,0208174199082;9,64440928887361;1;1
801;79,4625616855564;13,130399989612;1;1
802;77,6125663894854;26,6818668485941;1;1
803;81,1375820437472;28,2798812519101;1;1
804;78,01754967896;16,2265180172804;1;1
805;79,6166096660461;18,2885918239293;1;1
806;77,2923242626686;11,0656887794519;1;1
807;83,016139740695;45,0962886847375;1;1
808;77,9271074697453;20,5871329384663;1;1
809;75,7678939627713;9,78247816597037;1;1
810;77,7874699802769;21,6806268039132;1;1
811;77,9798825949527;6,29101088939061;1;1
812;78,3014823608826;33,9107973808729;1;1
813;78,8718516493955;18,3169061630844;1;1
814;79,1745241285115;28,3911118752681;1;1
815;78,2067157780064;29,525296671786;1;1
816;80,006657138622;21,7443180662776;1;1
817;79,4649843599478;29,8382464135443;1;1
818;79,2473179031279;22,6379677554944;1;1
819;77,7545548538785;15,9247925771421;1;1
820;76,9066487136766;6,55832865287332;1;1
821;80,3773560602359;32,202074421676;1;1
822;79,6541839657308;16,738545331474;1;1
823;83,5969184381321;33,8704138458918;1;1
824;78,0672247955266;15,4556342444121;1;1
825;78,0379533423588;14,5880584208222;1;1
826;78,9450332773006;10,3267294828446;1;1
827;77,6146884122317;17,9150147403389;1;1
828;82,1622085796385;9,2404306719064;1;1
829;80,2920063036176;53,4610746016648;1;1
830;77,6395586605917;22,0906750928223;1;1
831;79,2068293503521;12,25794751982;1;1
832;79,209661886162;18,8591221657655;1;1
833;78,7453093390852;15,4393517516581;1;1
834;78,2057701837756;17,1298438555484;1;1
835;79,523765751172;29,5742680273347;1;1
836;79,3216095806786;12,9511249288903;1;1
837;81,1627778008956;16,7011144940973;1;1
838;79,446510917156;12,8774559826719;1;1
839;79,2927416734539;16,2252274293341;1;1
840;81,7077337525366;25,1561064946947;1;1
841;78,439036209277;31,2880816039563;1;1
842;78,871103219171;24,7613835399585;1;1
843;81,950419718115;31,6316573705036;1;1
844;79,1377763940591;11,2775266123584;1;1
845;79,865162295706;12,9595940743314;1;1
846;77,7672566030431;13,7753994012875;1;1
847;79,2081360909679;25,9299736280486;1;1
848;79,511094497791;25,9690271103916;1;1
849;80,236221710312;19,4794646229288;1;1
850;78,1400838376172;13,847662368006;1;1
851;82,4327104382748;50,0934205295555;1;1
852;78,0677754771428;17,026576969895;1;1
853;79,1255274427411;19,2466192025574;1;1
854;78,3711080902954;22,04196840372;1;1
855;81,1439425030314;17,0538838689694;1;1
856;80,5380753936337;18,8465109603505;1;1
857;82,4958310867317;23,0168111517194;1;1
858;79,0972396921373;17,368167480551;1;1
859;78,4579468324011;21,637404833597;1;1
860;78,101295053261;20,4919391138085;1;1
861;80,6823199564586;36,8484538792847;1;1
862;78,4904829934683;17,1684430765035;1;1
863;79,5333092801176;6,14083963017474;1;1
864;78,4636072252977;22,8632122843975;1;1
865;79,1137807883263;9,53167015499145;1;1
866;80,5468861570481;20,5847328454664;1;1
867;77,3481053594971;18,0788199403438;1;1
868;77,5960426633586;13,2913922238778;1;1
869;79,9175026394476;23,5385165420065;1;1
870;81,963541169093;33,1164584011545;1;1
871;77,4054938825214;31,0310084052752;1;1
872;75,9567390326127;24,6757855012979;1;1
873;78,1736215302708;11,2024659755289;1;1
874;79,0657216693277;17,7494249107065;1;1
875;77,4268064344414;13,7946204154463;1;1
876;77,4296681666577;24,9839029542892;1;1
877;81,7614522119424;30,2965123851843;1;1
878;80,0951099081128;20,6346193156068;1;1
879;78,8227558830983;35,7848730065552;1;1
880;78,5308782759227;15,013991684327;1;1
881;78,3820685596993;26,1575238585211;1;1
882;83,5350494776612;36,8257320830922;1;1
883;79,6610556779239;16,8783271095128;1;1
884;79,0353307496836;18,7432529190622;1;1
885;79,8687505589903;24,6278099869041;1;1
886;83,0934981958011;45,9180214759435;1;1
887;78,7201393510166;43,5100708236047;1;1
888;83,0107930804242;11,036786138902;1;1
889;80,0026385984286;23,6706393994676;1;1
890;80,3767578385019;20,2188782963657;1;1
891;81,4104523269134;17,9591330648403;1;1
892;78,3522061196601;21,2356017735187;1;1
893;79,325877015741;13,7727460101729;1;1
894;82,1519233795785;14,6323030436921;1;1
895;80,3923354179719;32,8816343880453;1;1
896;78,2784100278801;10,2570605186097;1;1
897;78,5590598275686;12,7257169214679;1;1
898;77,5111448741659;10,0344474675105;1;1
899;80,8400080691549;31,9670932675532;1;1
900;78,2420523312129;11,1631947433311;1;1
901;77,4567062497958;13,3660916515001;1;1
902;81,7156119260089;20,9800891265739;1;1
903;78,7235780165492;13,4567593005296;1;1
904;77,5806132298772;20,8648053382385;1;1
905;81,8163801063656;38,0066312021472;1;1
906;79,055575014241;5,97007838039085;1;1
907;79,6786588828996;15,9487903002673;1;1
908;77,6178091789354;30,545030841918;1;1
909;76,3416047140909;32,1249549235761;1;1
910;78,7905049217769;23,2889676936257;1;1
911;79,1976457398634;37,7064883456608;1;1
912;78,8235199837463;41,2260978447521;1;1
913;77,8101509726065;14,4253311198614;1;1
914;77,1487513435962;28,8211293889603;1;1
915;78,2494677894153;22,49834044775;1;1
916;79,9237209352596;15,8363542947199;1;1
917;77,5468553971385;17,9395191493044;1;1
918;80,1419861336489;33,8800026507446;1;1
919;79,6899611978958;18,0247341752265;1;1
920;78,9023876725806;9,06026520435281;1;1
921;77,0474333429754;18,4579631616448;1;1
922;79,5156532649979;23,1360593687338;1;1
923;81,1982314424804;32,0631330416474;1;1
924;79,28545668909;19,719307649121;1;1
925;78,920010406573;17,1281371357094;1;1
926;81,5210905909769;36,6741895116626;1;1
927;77,3841434048375;18,4561743904148;1;1
928;79,272778878102;15,0819900719036;1;1
929;78,543499646402;9,30703378381475;1;1
930;80,1459254793009;23,013083202176;1;1
931;78,2917255609737;6,34172385290175;1;1
932;79,6037721879445;9,75577979879186;1;1
933;79,9523221355193;32,128297246901;1;1
934;78,2813515975222;14,9146070874615;1;1
935;78,2523892903332;23,7295393760124;1;1
936;79,6275904331889;20,8906440767005;1;1
937;80,0952248080961;26,4797839069864;1;1
938;78,944562788643;19,6955211229681;1;1
939;78,2934111756402;18,8023470045103;1;1
940;78,0144244809633;18,3800237896271;1;1
941;78,7467692587408;31,3248431198468;1;1
942;77,0469831401218;10,74626224379;1;1
943;77,8321131755254;20,2448051933583;1;1
944;75,9272156007188;24,9218712889617;1;1
945;78,2930485859348;14,6805380408217;1;1
946;81,1664602162811;16,3728849832557;1;1
947;79,0871355650077;23,6362111093886;1;1
948;79,9229161843847;20,8277545267552;1;1
949;83,6977790305053;34,8226986947005;1;1
950;77,8315472008674;26,4255706929051;1;1
951;78,7089562472124;8,70388702138772;1;1
952;79,3250830218908;27,6914255501476;1;1
953;79,6147499107407;15,5156135981147;1;1
954;78,2961032977816;5,812685930139;1;1
955;79,1080898254495;8,21250798307004;1;1
956;77,3177228250453;18,5320561632945;1;1
957;80,1630624319307;23,6613573475017;1;1
958;79,6918161653003;20,7114324821315;1;1
959;78,9269981187246;24,7194804839378;1;1
960;77,3586581671634;9,95261976722611;1;1
961;80,9255677712708;11,6362227404238;1;1
962;80,6761943250403;14,626829223665;1;1
963;78,7617093067626;13,1218961984043;1;1
964;80,7853662265091;33,7097337363279;1;1
965;80,361967107382;24,4107854748309;1;1
966;82,6021515141652;24,5579837072508;1;1
967;78,9255793126572;14,204172013452;1;1
968;80,2095985584469;10,7100832457277;1;1
969;80,3606378868385;20,1189343682324;1;1
970;81,9594509235892;37,8295345584017;1;1
971;78,4574161208103;13,6559802231835;1;1
972;78,8053648501749;5,9496471176376;1;1
973;79,9339884299822;30,7290437065229;1;1
974;78,7874914834346;33,997275490834;1;1
975;79,8444004219815;24,0088453703732;1;1
976;78,727894073729;15,5946814155388;1;1
977;81,4490322840523;32,3826786085;1;1
978;79,7692941609115;11,3020551531304;1;1
979;77,1392784286291;9,34952148346046;1;1
980;81,9358489338001;35,6380615911906;1;1
981;79,1570060665725;51,0180450737502;1;1
982;76,7900644292873;15,5084539457051;1;1
983;79,4173054794492;9,37160406574941;1;1
984;78,024877564316;20,35038500775;1;1
985;79,2216274108989;41,9445608960591;1;1
986;78,9102363643299;8,02894601983886;1;1
987;82,3011184939798;33,5730285291794;1;1
988;77,9384034211418;11,6159399094206;1;1
989;78,2371980397811;7,80499035690215;1;1
990;78,9385040537745;21,783678258256;1;1
991;81,0124335760596;48,9108248336315;1;1
992;81,3959595478201;18,3276816784738;1;1
993;80,5328729053023;25,5040117715987;1;1
994;78,3432365057249;10,8632696460949;1;1
995;77,699997995531;18,7058128710371;1;1
996;78,8932066934019;21,32693387088;1;1
997;78,5285267533632;13,7969422786229;1;1
998;77,988826177058;17,0465785549473;1;1
999;78,4908214322088;7,20564275054358;1;1
