Instance Name; Schedule Type;SoFS;Run nr;QM1;QM2
Pinedo;GreedyLoadBalancing;13;1;41,4299850634488;5,94852781609015;0,8;0,9
Pinedo;GreedyLoadBalancing;13;2;38,7380135783246;0;1;1
Pinedo;GreedyLoadBalancing;13;3;38,3747924651574;0,850932341019345;0,8;0,9
Pinedo;GreedyLoadBalancing;13;4;39,6516255935239;3,23534967518702;1;1
Pinedo;GreedyLoadBalancing;13;5;40,5726137346488;4,17036145410197;1;1
Pinedo;GreedyLoadBalancing;13;6;42,0496276236547;18,1942917281432;0,8;0,9
Pinedo;GreedyLoadBalancing;13;7;43,5643533618041;22,9161295365619;1;1
Pinedo;GreedyLoadBalancing;13;8;40,3518355473692;10,8435122095673;0,8;0,9
Pinedo;GreedyLoadBalancing;13;9;41,5697299008302;22,5332101165312;1;1
