0;84,0844710352436;46,3183193039655;0,967741935483871;1
1;86,1241910833786;61,7153515533164;1;1
2;86,4265678413487;17,9180255531158;0,967741935483871;1
3;82,6688241130319;15,3453554043417;0,967741935483871;1
4;82,4365696170245;15,4525538036288;0,967741935483871;1
5;88,3373346621898;47,0173352925782;1;1
6;86,0337505263098;77,1709468129265;0,967741935483871;1
7;82,995015432138;55,8516407674888;0,967741935483871;1
8;84,5202254532543;32,6315851729458;1;1
9;89,8367728943936;58,0343607306906;0,967741935483871;1
10;85,8038508816872;64,7943381589717;0,967741935483871;1
11;82,9641214097243;24,7658133367121;0,967741935483871;1
12;82,4584696540673;20,6881181275334;0,967741935483871;1
13;86,3363872028521;60,0810602582819;1;1
14;88,1988007169009;75,6366056782692;0,967741935483871;1
15;87,6050798557001;25,0146683070148;1;1
16;83,0950989697869;11,9304203414623;0,967741935483871;1
17;85,0331307911975;47,1720970831426;0,967741935483871;1
18;82,938722912902;21,7683198454189;0,967741935483871;1
19;83,9552358045004;35,3808039617621;1;1
20;84,3354396348074;20,1358059445158;1;1
21;83,3315118067741;30,8167324072759;1;1
22;85,1875745648285;42,1495717683159;1;1
23;68;12,9012956881598;0,516129032258065;0,516129032258065
24;84,6943862477361;18,5989201214286;0,967741935483871;1
25;86,4717215274942;30,7726211135811;1;1
26;85,4004443538289;21,3653409688955;0,967741935483871;1
27;86,5281197546579;6,43135515749098;1;1
28;85,0481596724822;44,5156441349047;0,967741935483871;1
29;89,4589948904669;69,0112374193643;1;1
30;84,9890795773194;48,7268814700357;1;1
31;82,566692770033;14,6063671533264;1;1
32;89,2356075032839;62,345434905462;0,967741935483871;1
33;83,0774453488746;24,3787219450992;0,967741935483871;1
34;89,3953562612126;118,179163360737;0,967741935483871;1
35;83,5985743326587;29,1562110856857;0,967741935483871;1
36;85,8536729374471;46,2737180039746;1;1
37;83,6391824412581;23,4974427758656;0,967741935483871;1
38;86,9447744610489;22,4321757046621;0,967741935483871;1
39;83,910848351698;27,4757937887698;0,967741935483871;1
40;88,3436794777265;88,1783026921037;1;1
41;89,7678212159285;57,7406868235089;0,967741935483871;1
42;85,154136189167;30,5657943754738;1;1
43;86,4837973185894;21,9990938099872;1;1
44;82,3109603620735;17,8231515996065;1;1
45;88,497611487731;83,7900533558491;0,967741935483871;1
46;86,4435514616444;31,9852753514681;1;1
47;83,6834397205667;28,8379219067978;1;1
48;84,7474569655244;27,8090624537201;1;1
49;82,936052803318;20,5820418089708;1;1
50;81,6061629347282;20,941665293048;1;1
51;87,5316391705069;58,488148213808;0,967741935483871;1
52;84,4914756892409;22,2439610978537;0,967741935483871;1
53;83,1483212100062;41,1329421428892;0,967741935483871;1
54;82,2773374148565;23,222057659536;0,967741935483871;1
55;88,1325403134212;56,6365096821792;0,967741935483871;1
56;88,8283910389079;56,9812282704197;0,967741935483871;1
57;84,3785434455779;30,4329413060485;0,967741935483871;1
58;84,4085720503221;43,3457780028163;1;1
59;83,2569108338086;11,7744018157014;0,967741935483871;1
60;85,4586767266309;12,0511700072652;1;1
61;86,0004259469301;41,4903840866938;1;1
62;85,9469317371239;40,0514788538379;0,967741935483871;1
63;82,8506547022909;9,8157749254069;1;1
64;82,7696689070078;10,162837827693;0,967741935483871;1
65;83,7768020562669;23,653892948403;1;1
66;85,4440550381978;31,8385509775631;1;1
67;86,9246081856157;93,6599053147176;0,967741935483871;1
68;68;5,16927456786926;0,516129032258065;0,516129032258065
69;82,9655151733635;49,3171683695605;1;1
70;90,8598570885575;52,2651327809515;1;1
71;82,7540410324727;22,8570316780176;1;1
72;88,3598567023511;56,3380212515161;1;1
73;84,0307641247859;29,2198402062645;0,967741935483871;1
74;84,2856141984686;25,8659801378797;0,967741935483871;1
75;82,7464287920713;22,3865410254095;1;1
76;83,4215098497825;19,2199674221057;0,967741935483871;1
77;87,6171359712364;46,5313356698766;1;1
78;84,5657446459366;27,7864774981131;0,967741935483871;1
79;84,6444688113961;28,9550048606186;1;1
80;81,2117222151213;24,2198354733026;1;1
81;83,5048561529602;21,5119174365694;1;1
82;83,6327250660057;33,0042587702011;0,967741935483871;1
83;83,1359620421926;10,8897681479644;0,967741935483871;1
84;83,89141487153;26,7552928153803;1;1
85;84,96480938318;34,3190368752386;0,967741935483871;1
86;85,1837509181547;15,6297664065654;1;1
87;85,6631176116776;25,613558888017;0,967741935483871;1
88;84,8046157928126;56,3076375557935;0,967741935483871;1
89;83,8002065152914;8,58273885160363;1;1
90;86,0265389410729;80,5015405086958;0,967741935483871;1
91;83,1519784662494;31,7348145933377;1;1
92;85,4412001403289;56,3884659425903;0,967741935483871;1
93;68;14,2015289114354;0,32258064516129;0,354838709677419
94;82,4531227968776;22,1869297580737;0,967741935483871;1
95;84,2005634125589;23,2710349813983;1;1
96;86,141624672716;62,1643452741395;0,967741935483871;1
97;83,0953749314556;23,5563012921985;0,967741935483871;1
98;88,0071114956243;110,091034382989;0,967741935483871;1
99;83,9919977003985;7,19776452506296;1;1
100;82,9178242106997;20,6953239780601;0,967741935483871;1
101;83,2790638343411;39,2788031519774;0,967741935483871;1
102;83,5323557337933;16,66940824087;0,967741935483871;1
103;84,3421203506195;19,7241278351473;0,967741935483871;1
104;85,4825728343251;19,9282174847206;1;1
105;82,5793550111224;18,7711350389437;0,967741935483871;1
106;85,2759442111567;17,9979557560577;1;1
107;83,4734107959699;14,5518415436774;1;1
108;84,2127713286183;24,3655349114735;1;1
109;85,0925010603788;50,7838244860888;0,967741935483871;1
110;84,9609410835668;20,7765468534261;0,967741935483871;1
111;81,2946370279214;19,3976369949245;1;1
112;82,6473239007282;27,987244276787;1;1
113;86,1315091646694;45,4752144472494;0,967741935483871;1
114;91,1100303526813;81,9116250043749;0,967741935483871;1
115;85,284717002034;23,1419360941656;0,967741935483871;1
116;82,5016823337605;16,5559344582263;0,967741935483871;1
117;87,6049033099777;51,849512931298;1;1
118;83,6371485478049;28,0688819058207;0,967741935483871;1
119;87,7379652603576;66,0911448905954;1;1
120;86,1466173006226;41,8798773907827;1;1
121;84,6891570974424;17,5497982456555;0,967741935483871;1
122;81,9252221147406;14,260239924378;1;1
123;87,5534833937726;70,4085571161656;0,967741935483871;1
124;85,5067059702514;47,6985581218219;1;1
125;85,2477008569975;64,7313567458032;1;1
126;82,9196347768873;47,8147128494653;0,967741935483871;1
127;88,9490302344732;75,4003509250352;0,967741935483871;1
128;82,06400676813;16,7390233514595;0,967741935483871;1
129;88,0322635147211;72,0940599025961;1;1
130;84,4667754377215;20,2954015763638;0,967741935483871;1
131;84,9423312895126;55,8745472076253;1;1
132;68;6,61835819120197;0,32258064516129;0,354838709677419
133;83,4152702756431;32,6815507117401;1;1
134;83,6506255708057;15,6163793601377;0,967741935483871;1
135;84,9924518040296;29,1412831153374;0,967741935483871;1
136;82,1174407101559;49,0487467616108;1;1
137;82,3510600232274;58,076713506258;1;1
138;81,7947973525108;19,0459061149642;1;1
139;87,3760846760614;45,4249093476008;0,967741935483871;1
140;68;7,40672832855389;0,516129032258065;0,516129032258065
141;84,2376293668868;37,2622407346081;1;1
142;86,072384711987;37,6524053384954;1;1
143;82,8629639838593;28,7233897326519;0,967741935483871;1
144;82,7808513117865;14,5644335394324;1;1
145;81,8257816452375;13,1499925837133;1;1
146;90,329299812491;87,469704086313;1;1
147;68;8,34817833138657;0,516129032258065;0,516129032258065
148;82,9635224803836;19,7669469110528;1;1
149;83,2434494169072;17,203880041222;0,967741935483871;1
150;68;8,55527492015642;0,516129032258065;0,516129032258065
151;84,0962839761751;22,1224477980172;1;1
152;83,9884511225438;41,7434308396254;0,967741935483871;1
153;68;15,8933767894773;0,32258064516129;0,354838709677419
154;82,9238413838853;16,5212789749707;1;1
155;86,6081741444294;40,5297822255852;0,967741935483871;1
156;86,546697477762;26,6416338476136;1;1
157;84,2941179086493;8,81846660331546;0,967741935483871;1
158;85,9172266843125;33,2521305734663;1;1
159;85,6969097994817;69,3993403420081;0,967741935483871;1
160;86,0983744977671;24,4454977019136;1;1
161;80,9410977308949;32,2599912187575;1;1
162;85,4260906298487;66,6134836400723;1;1
163;82,5804672031467;16,9791010985332;1;1
164;86,2104763614258;56,9005004312702;1;1
165;84,6377851966834;43,715250353589;1;1
166;84,1007630318033;18,0318835750787;0,967741935483871;1
167;86,5074968653959;76,0373996266622;1;1
168;83,8255418274184;20,6269039434257;1;1
169;84,1631390978967;5,09062980406089;1;1
170;87,9479924315274;73,1931210111229;1;1
171;87,9213716954727;18,2026356102417;0,967741935483871;1
172;84,1608714037019;39,2480354982884;0,967741935483871;1
173;82,698037879415;38,625250418527;0,967741935483871;1
174;81,1449236286569;14,9267363304956;1;1
175;81,9198773866264;32,7363081871401;1;1
176;87,0097722545154;65,315781480325;0,967741935483871;1
177;85,0487336488123;12,7963139366115;1;1
178;86,6336259570922;108,074407427301;0,967741935483871;1
179;84,3900342653428;52,5541576943067;1;1
180;85,5728147341044;10,1097022903564;1;1
181;88,8817509116839;54,746184668572;1;1
182;68;13,3199078065292;0,483870967741936;0,516129032258065
183;83,2166846358268;9,01616809021965;1;1
184;85,2966610624217;61,2740206505688;0,967741935483871;1
185;84,7351303169402;68,3205441958955;1;1
186;83,9935912553234;22,4222474875709;1;1
187;84,9964263350347;44,9723300611681;1;1
188;81,3751683010767;4,80435530467838;1;1
189;86,3927099790908;52,894816134627;1;1
190;84,4045836453351;25,5367231342101;1;1
191;85,3150513115594;39,0815912741849;1;1
192;83,5231010257073;18,4081981322345;0,967741935483871;1
193;82,6291193112799;15,8712446285305;1;1
194;84,6936035397326;35,8767835000748;1;1
195;83,4421957466216;13,3586963372942;1;1
196;85,5285294097355;31,8053897670581;0,967741935483871;1
197;83,3618591722963;43,1162822938412;0,967741935483871;1
198;83,4343503396147;11,4525509537647;1;1
199;86,1957985092831;28,4775254617448;1;1
200;83,5565694406061;18,9077474769195;1;1
201;89,2075654594521;83,4284582974976;0,967741935483871;1
202;81,5234821164211;5,59393367977989;1;1
203;84,7439546400709;10,2815832965414;1;1
204;83,1128940306299;41,950631122907;0,967741935483871;1
205;89,1975072232616;113,293804683089;0,967741935483871;1
206;82,1052440075034;30,8004350244526;0,967741935483871;1
207;85,5899377046854;49,857106656852;0,967741935483871;1
208;83,3565358832223;38,6107043445643;1;1
209;84,1077252399614;11,2442497595436;1;1
210;83,7751677826237;11,7470203503319;1;1
211;85,9732114424167;62,1054447351113;1;1
212;91,2899916400721;77,7292365403698;1;1
213;84,1809791027933;65,8898846160214;1;1
214;82,7750680950775;15,1709712036106;0,967741935483871;1
215;85,6398056056202;15,8239223851189;0,967741935483871;1
216;82,6520368186786;7,95490699468098;0,967741935483871;1
217;81,8016065679698;57,9028648014088;0,967741935483871;1
218;83,5290698771163;25,0732707687447;1;1
219;83,8119915261525;32,2831879367122;1;1
220;87,8466272129792;34,242475444529;1;1
221;83,7308839450475;21,2640164049748;0,967741935483871;1
222;85,4466283298556;78,2687696759388;0,967741935483871;1
223;86,9288843055029;58,5938117832508;0,967741935483871;1
224;82,6400051706682;24,4972649057859;0,967741935483871;1
225;85,4325655856388;26,7213536431522;0,967741935483871;1
226;88,5950760996422;112,174565107452;1;1
227;83,2291584037221;31,1197667347954;0,967741935483871;1
228;84,3342271124782;18,2312422709858;1;1
229;85,799350440601;24,7738080279456;0,967741935483871;1
230;83,8563898191623;31,1973115168555;0,967741935483871;1
231;81,440340818741;22,4718429069762;1;1
232;83,898995004173;51,4479601610342;0,967741935483871;1
233;83,1181828719285;29,3192210300487;0,967741935483871;1
234;84,5754590373056;9,52527307235421;1;1
235;68;12,2620929134424;0,516129032258065;0,516129032258065
236;85,0422854858956;24,2839064794359;0,967741935483871;1
237;84,9103987413848;38,2625869947725;0,967741935483871;1
238;87,4877280029698;55,1215401497311;0,967741935483871;1
239;86,178944958623;71,7052468662332;0,967741935483871;1
240;92,7051327856438;103,614208351782;1;1
241;87,8469926623806;72,9655804687406;1;1
242;86,233371955873;46,5345771330334;1;1
243;89,3531788309343;65,0889702041602;1;1
244;82,4845853135147;6,89904920772587;1;1
245;82,5209706180967;44,3647735343261;0,967741935483871;1
246;84,9387967890843;48,9172969306483;1;1
247;81,7428873319446;19,2477113417178;0,967741935483871;1
248;87,1980694813777;44,0109497920613;1;1
249;86,6371765195478;39,4476548336108;1;1
250;87,6650183530651;31,5708661016324;1;1
251;86,6495435678043;21,2126703001332;0,967741935483871;1
252;84,9353246385485;47,8997501247237;0,967741935483871;1
253;83,7360711229334;6,79428513333968;1;1
254;86,6918526876128;67,4955172912833;0,967741935483871;1
255;85,2937573448387;59,1619736088431;0,967741935483871;1
256;86,9225327489837;63,7707629115953;0,967741935483871;1
257;88,1243395622547;118,777219495047;0,967741935483871;1
258;86,006214852734;75,4965910095629;1;1
259;86,3369501556847;29,962060163699;1;1
260;84,5996446230642;48,6382114390787;1;1
261;84,4776940580239;35,4626284401797;0,967741935483871;1
262;83,9792050517594;65,0305814580924;1;1
263;68;12,7979531335131;0,32258064516129;0,354838709677419
264;84,9896101282319;9,9618682382539;0,967741935483871;1
265;86,9092890925363;72,9512757617004;1;1
266;88,8451901384897;57,0967043940611;1;1
267;83,2977330197983;19,5787589731643;1;1
268;86,1675179813679;42,9918549558548;1;1
269;68;11,0091156521572;0,483870967741936;0,516129032258065
270;83,4062019458538;36,785073927718;1;1
271;83,5501504230599;30,7818670309168;1;1
272;86,9834618584884;70,270570591067;1;1
273;81,7564695137979;13,0647935193297;1;1
274;68;11,1474075350396;0,483870967741936;0,516129032258065
275;82,1049073604455;29,0055636428806;0,967741935483871;1
276;85,940957259646;34,6000914954119;0,967741935483871;1
277;88,7245735545381;119,764768768457;0,967741935483871;1
278;85,760777221174;29,9321076487819;1;1
279;84,9830084561207;67,5834065019478;0,967741935483871;1
280;84,6632100073477;52,1897330834011;1;1
281;87,9726037834002;36,1390159990501;1;1
282;82,9005708881144;15,7894908206991;0,967741935483871;1
283;82,2738442505692;18,4768784644086;1;1
284;84,7942073250499;23,1894026407311;0,967741935483871;1
285;83,4723754472468;23,7896599473451;0,967741935483871;1
286;84,0038310534895;27,0210368224383;0,967741935483871;1
287;87,9884321255847;76,8963863075791;1;1
288;88,1994696775914;65,4564026119614;1;1
289;83,9551469056148;12,7913750761657;0,967741935483871;1
290;83,2015910170571;18,5404534038398;1;1
291;87,1492583913303;66,9674125487136;1;1
292;86,4295966589406;31,4913588086417;1;1
293;84,756716386903;64,7040185822988;1;1
294;83,7895191851084;44,0478726518894;1;1
295;89,3612251838086;94,1715408508707;1;1
296;86,6586813771837;61,2172245665643;0,967741935483871;1
297;85,9938839342446;64,2284214775156;0,967741935483871;1
298;85,8420745212357;20,8691168241017;0,967741935483871;1
299;84,6501493412571;21,2966969422858;0,967741935483871;1
300;84,1798495870929;8,81763548975244;1;1
301;83,5914194966057;8,80241536348485;1;1
302;83,7823032724011;28,3460454999932;0,967741935483871;1
303;84,0084233196311;38,9028167188958;1;1
304;83,4683719019408;21,8514644786998;1;1
305;87,250327541687;55,3541596089067;1;1
306;86,1527072547919;54,2887566161895;0,967741935483871;1
307;83,4980177768601;58,7157277200058;1;1
308;84,1425697136824;9,39694426167709;0,967741935483871;1
309;88,1093111422043;55,0041189057124;1;1
310;85,262175663258;47,0847482969652;1;1
311;83,4483289457682;34,5308649098694;0,967741935483871;1
312;85,3029630907498;21,3917112590931;0,967741935483871;1
313;86,711728510661;45,117050547649;1;1
314;82,8524103187621;15,194266914276;0,967741935483871;1
315;82,4802071924337;21,3100882800087;0,967741935483871;1
316;84,818169276471;33,1510188751692;1;1
317;84,0385336078528;34,3104806493093;0,967741935483871;1
318;83,849633434034;23,7352320061438;1;1
319;83,6551058929861;25,7209712993169;0,967741935483871;1
320;82,8315595130376;26,0404657299839;0,967741935483871;1
321;82,1468727448015;34,1401051625003;1;1
322;82,4641288661508;57,0380850582066;1;1
323;83,7992639712285;18,5675417925737;1;1
324;87,503284482593;32,2318564271235;0,967741935483871;1
325;86,0905680627695;33,2266131996644;0,967741935483871;1
326;83,7336648361596;17,0441140738403;1;1
327;82,3372839720756;12,524243702912;0,967741935483871;1
328;85,5172811828528;55,9913135502164;0,967741935483871;1
329;81,7131444805321;6,98650098438426;1;1
330;82,5121505615337;16,0616894570309;1;1
331;81,7514580732717;19,228108699892;0,967741935483871;1
332;85,7599472660906;53,4908823681597;0,967741935483871;1
333;83,3561032428749;14,8169666321551;1;1
334;82,8504183674343;46,8822247251869;0,967741935483871;1
335;84,7060863345164;7,101134947598;1;1
336;86,4520417146673;45,8709193605746;1;1
337;82,4310075311276;18,4646175987268;1;1
338;83,7026508004108;15,4840629148075;1;1
339;86,6296856601083;13,3552747588307;1;1
340;68;6,02081775613311;0,32258064516129;0,354838709677419
341;81,5223312352492;23,9284013296784;1;1
342;86,225640038446;43,0097222894336;1;1
343;86,0123548881987;17,8715316754186;0,967741935483871;1
344;81,7727324138745;14,5645496862337;1;1
345;82,7593204581715;26,846069670117;1;1
346;81,756602229883;16,2090403609729;1;1
347;83,4720741712157;23,4276981269097;1;1
348;89,8177980751466;73,9632993937536;0,967741935483871;1
349;81,765832048585;21,8087918225171;0,967741935483871;1
350;83,6447805281986;15,5290111511656;1;1
351;85,6971060280603;29,3104298068588;1;1
352;85,7863287202187;54,085482486047;0,967741935483871;1
353;87,1014489440817;60,6677294571998;0,967741935483871;1
354;83,0552000017871;35,6514071381092;1;1
355;83,6479112023238;32,5956507390738;1;1
356;85,2930650224437;45,7201313537813;0,967741935483871;1
357;85,263177120893;11,3156397995268;0,967741935483871;1
358;85,9872522169917;42,1228726468627;0,967741935483871;1
359;84,7110979929443;10,3188394722591;0,967741935483871;1
360;80,6210860880868;20,1902805528981;1;1
361;83,5338023420357;83,3684903793904;1;1
362;68;7,26181192633203;0,483870967741936;0,516129032258065
363;83,7733878981177;11,0081737002516;0,967741935483871;1
364;83,4001928738777;19,4543306301887;0,967741935483871;1
365;86,0080841458546;44,2730262168;1;1
366;84,1940778222998;50,313709606861;1;1
367;88,5605569799894;74,7825100556063;0,967741935483871;1
368;83,7239030994651;24,3519383070655;0,967741935483871;1
369;85,3698368810079;44,029177195952;1;1
370;82,6025044650206;25,7322790798395;0,967741935483871;1
371;88,2191543392427;44,6388836895045;1;1
372;87,142459469208;65,6613674925625;1;1
373;82,9728138230807;7,17352661984965;0,967741935483871;1
374;90,8106253990854;69,9859490671531;0,967741935483871;1
375;83,6621315941052;15,0450272651887;1;1
376;82,986072693308;37,158190584043;0,967741935483871;1
377;84,6827544406832;64,710703716232;0,967741935483871;1
378;81,8049660492904;15,0867173957003;1;1
379;84,468272769931;46,5735153195134;0,967741935483871;1
380;83,6207042814638;46,932396163325;1;1
381;87,28296747031;58,7019531822775;1;1
382;87,7238342024442;63,4598759344799;0,967741935483871;1
383;84,9175707366494;21,7649678167835;0,967741935483871;1
384;85,98375303854;10,8183316708824;0,967741935483871;1
385;86,6192934673118;49,904326400227;0,967741935483871;1
386;84,419931008567;7,26815485264717;0,967741935483871;1
387;83,5145184487649;45,6741808143134;1;1
388;83,3396808879664;28,8023872499122;0,967741935483871;1
389;86,7347592860843;48,010427368906;1;1
390;83,4035116907395;48,4601462613628;0,967741935483871;1
391;84,6277599759657;58,0761092741542;0,967741935483871;1
392;86,6849082407702;18,9921807465562;0,967741935483871;1
393;91,8424856532614;78,0589378168705;0,967741935483871;1
394;83,4299980076875;6,04831554738781;1;1
395;83,6268892869773;56,1998704026714;1;1
396;83,0173760921601;55,1764650717635;0,967741935483871;1
397;88,2167986855172;63,3541454824928;1;1
398;84,3027078474849;51,8856242464703;0,967741935483871;1
399;87,3014107683557;35,6277557758874;1;1
400;87,5856233249085;65,5569143805128;1;1
401;86,6643176852258;75,2254874543424;1;1
402;88,3885699305495;75,9088060379814;0,967741935483871;1
403;83,271073019155;20,9605309427897;1;1
404;82,3118513712472;37,9307363421938;0,967741935483871;1
405;85,2665264753022;18,1087161319518;1;1
406;85,1704890285598;31,3297456502562;0,967741935483871;1
407;68;10,6546961218058;0,32258064516129;0,354838709677419
408;85,6809230366801;27,405547256892;0,967741935483871;1
409;84,2849299462996;29,3097751147231;0,967741935483871;1
410;86,027719637438;20,6168258415809;1;1
411;81,5218815893586;14,8845296993081;1;1
412;90,3228669033767;100,537087630568;0,967741935483871;1
413;84,353598685749;70,4488911750493;0,967741935483871;1
414;85,0173273966358;36,4539349395661;1;1
415;83,5367559502091;37,5252170989092;0,967741935483871;1
416;68;11,7200521227855;0,483870967741936;0,516129032258065
417;85,6724198293141;20,3137810127527;1;1
418;84,7957333376049;32,1650420413303;0,967741935483871;1
419;85,0941994468277;10,096743099679;1;1
420;86,4758745343016;69,467362074366;1;1
421;83,3396987147612;9,61819409352243;0,967741935483871;1
422;87,1062033442068;66,2226229850674;0,967741935483871;1
423;82,5023311040601;25,904511182339;1;1
424;84,742231422189;8,34530388243041;1;1
425;84,6950141867337;18,2428844982587;0,967741935483871;1
426;68;14,3375160050529;0,483870967741936;0,516129032258065
427;82,2854636962536;20,5812962944012;1;1
428;87,3521547765199;24,8167387083919;0,967741935483871;1
429;85,5591302356311;52,0002199509603;0,967741935483871;1
430;84,4061139179742;6,90743509796825;1;1
431;68;7,94616986867035;0,516129032258065;0,516129032258065
432;88,6027846860915;77,6685074871075;0,967741935483871;1
433;68;12,7300620294108;0,483870967741936;0,516129032258065
434;88,7395228940472;49,6117231197015;0,967741935483871;1
435;86,5084577458897;15,850141756366;1;1
436;84,4757324708279;9,09539394357455;0,967741935483871;1
437;81,4764134649283;5,91720443168674;0,967741935483871;1
438;85,0913966510817;43,8309433393812;0,967741935483871;1
439;83,7798546484535;25,9626940870462;1;1
440;82,4306064881049;48,4587624608529;1;1
441;85,7689692083387;45,9919203964209;1;1
442;82,6960573215014;44,6233648231801;1;1
443;88,8341934259724;43,3274324811188;1;1
444;68;10,6246049558355;0,516129032258065;0,516129032258065
445;82,7686772936492;29,8237006420224;0,967741935483871;1
446;87,577448074877;76,8946444349627;0,967741935483871;1
447;84,2281162835282;22,9373800099007;0,967741935483871;1
448;83,1752177756105;38,0013882274432;1;1
449;84,1992328570819;25,9560081661851;1;1
450;85,1209227538149;4,83287258082381;1;1
451;83,9869531737332;19,2892463799865;0,967741935483871;1
452;84,6922228340099;32,7124041031127;1;1
453;80,9926132627986;11,6302543674407;1;1
454;86,6797142234753;29,6294287151666;1;1
455;90,5321244489898;94,743097586525;0,967741935483871;1
456;89,672618410178;89,102048728477;0,967741935483871;1
457;87,7721426367803;59,9091621975177;0,967741935483871;1
458;85,4889306611585;52,3682223583057;1;1
459;83,4233815931433;37,0343190770142;0,967741935483871;1
460;86,8252025858741;53,8477482895747;1;1
461;86,1682210691131;28,5868282864061;0,967741935483871;1
462;82,3167531826721;51,9702105284751;1;1
463;83,0397537740987;27,1549483035615;1;1
464;85,433559752397;19,2760524962981;1;1
465;84,8889781213374;20,096805629555;0,967741935483871;1
466;84,1423435729199;45,7583858820255;0,967741935483871;1
467;86,3555976830462;42,544347458196;1;1
468;84,4984180339489;10,9375523188109;0,967741935483871;1
469;87,7627414966034;64,3161697663774;1;1
470;81,7946423261313;22,3756964075137;0,967741935483871;1
471;83,4282217027891;26,1942411280132;1;1
472;83,9363007192699;44,3449808318597;1;1
473;83,9002789169814;39,7899847854125;1;1
474;86,3636001994183;39,5284910437819;0,967741935483871;1
475;85,6445331447579;64,4551524824201;1;1
476;92,1860803682645;130,671641267958;0,967741935483871;1
477;87,4720194554556;18,6392923493963;1;1
478;86,3756057274042;41,7468423863997;0,967741935483871;1
479;85,3105686862202;24,1022456717056;1;1
480;87,0528153411076;62,1943299306205;0,967741935483871;1
481;84,1663452155056;10,4747350488292;0,967741935483871;1
482;85,6252811775837;56,1441962763891;0,967741935483871;1
483;83,5388747607232;12,6805944440426;1;1
484;84,2899169139545;12,6401853578142;1;1
485;85,5409512545953;61,7884692318399;0,967741935483871;1
486;87,9610864015428;46,6334272312723;1;1
487;84,961751285991;24,2690529131906;1;1
488;85,2948651956649;18,1887726739093;1;1
489;83,5884215555665;14,2828553619157;1;1
490;88,47744390699;70,2002786108413;0,967741935483871;1
491;84,4747526840021;22,6929976269065;1;1
492;88,3585135206394;88,4646334628389;0,967741935483871;1
493;81,6849065510109;35,1539078082351;0,967741935483871;1
494;85,5169964906958;35,0817216503691;1;1
495;87,2211348685883;59,9444576056613;0,967741935483871;1
496;85,8704168907369;60,0211695516182;1;1
497;85,9954302120435;70,8152474587538;0,967741935483871;1
498;83,2533339470933;9,58854482967044;1;1
499;85,2852479088825;61,3892736098437;1;1
500;86,6058813198989;83,1520334429658;1;1
501;83,7595508347702;10,7456209367702;0,967741935483871;1
502;83,0834682139415;22,1206800215584;0,967741935483871;1
503;85,3336574570039;66,0526314890829;0,967741935483871;1
504;85,4171237376691;27,5699577266825;1;1
505;82,4702807088756;10,7222572391296;0,967741935483871;1
506;83,466105227534;26,0092139305966;0,967741935483871;1
507;83,8202412415899;25,1322824554925;1;1
508;83,3398134434738;15,6972951406627;1;1
509;86,8508029543099;71,9483979687308;0,967741935483871;1
510;83,7133480036986;40,0570768264136;0,967741935483871;1
511;85,6641893349213;41,1840570964628;0,967741935483871;1
512;83,5413349591103;12,0641679345174;1;1
513;68;11,4283714198374;0,516129032258065;0,516129032258065
514;87,3904577291335;64,1614807471772;0,967741935483871;1
515;85,304981076412;25,7364151372984;0,967741935483871;1
516;87,7653506654399;53,9419386049374;0,967741935483871;1
517;81,2354412524938;27,6991587232822;1;1
518;88,8870173283335;27,1848364579412;1;1
519;86,624554290851;48,2279738459443;0,967741935483871;1
520;81,7613195770718;23,4915516092377;0,967741935483871;1
521;86,78571986687;31,1620440656929;1;1
522;83,313298865853;27,1276313463297;0,967741935483871;1
523;85,4548861080465;24,8334783415973;0,967741935483871;1
524;87,1826824757903;38,3031407141272;1;1
525;82,9196405711113;44,4495641715415;1;1
526;82,8747648362843;33,0179109016548;1;1
527;82,0651367873609;24,6363277513677;0,967741935483871;1
528;83,9958590714889;14,1154578841073;0,967741935483871;1
529;85,5282263760955;15,7229677518328;1;1
530;82,5260377347477;19,7358460100888;1;1
531;84,7930089942632;54,38889618102;1;1
532;85,2176037942397;61,602475927682;0,967741935483871;1
533;83,1498768047358;15,6631871476821;0,967741935483871;1
534;85,0827721944945;86,416067512723;0,967741935483871;1
535;86,417722696205;56,4230287469739;0,967741935483871;1
536;68;14,5004464278944;0,516129032258065;0,516129032258065
537;86,0266560549007;24,5351664396592;0,967741935483871;1
538;85,7270078106507;43,573666922655;1;1
539;85,6418764881348;59,1973997260805;0,967741935483871;1
540;82,4171084908335;8,18604504933696;1;1
541;87,2570504510477;60,9047648988878;1;1
542;82,5525938387197;17,7508727799144;0,967741935483871;1
543;86,2956932908392;85,7839444437188;0,967741935483871;1
544;84,3264086714845;22,5309337635962;1;1
545;83,2203053110208;13,1084399831364;1;1
546;86,7974507937483;44,579379045073;1;1
547;83,816198504527;26,4003562740956;1;1
548;83,5567377870194;10,8626493811195;0,967741935483871;1
549;86,2574941962087;45,2597428757302;1;1
550;82,7139638958703;28,3013361117114;0,967741935483871;1
551;83,4693870016057;36,3533779776912;1;1
552;82,3424468030525;27,7611714591755;0,967741935483871;1
553;68;12,9607193612731;0,516129032258065;0,516129032258065
554;86,4131864559544;55,1722610290661;0,967741935483871;1
555;83,3396538903333;25,602252763503;0,967741935483871;1
556;85,9707620909138;40,867453018538;0,967741935483871;1
557;84,9790873429078;41,1868900535822;0,967741935483871;1
558;85,0108741913057;15,1791133133372;1;1
559;83,9454044212799;8,97570771492076;0,967741935483871;1
560;85,0407207600962;18,9981242469327;1;1
561;85,2453159178828;23,0784448265819;1;1
562;87,4823777591823;62,6029881494657;0,967741935483871;1
563;84,7129985727847;26,5447668300949;0,967741935483871;1
564;82,4239078951009;8,55532304486874;1;1
565;85,9795996275393;63,5789723949097;0,967741935483871;1
566;84,4012308018168;17,0272080040877;1;1
567;82,9667415896079;16,6992711649126;1;1
568;84,4086313927621;10,6895805438988;0,967741935483871;1
569;81,6538910222562;12,6372120480242;1;1
570;83,7394303439251;67,5978446176968;0,967741935483871;1
571;82,325954466823;11,8058262176488;1;1
572;82,8902415263149;27,6045014722647;1;1
573;89,9098672644429;63,6662276467546;0,967741935483871;1
574;83,2380962069909;23,9637041637027;0,967741935483871;1
575;83,5173798123429;19,6094241959164;0,967741935483871;1
576;83,4626113130526;14,6457421121019;0,967741935483871;1
577;86,669480174762;28,6363202919101;0,967741935483871;1
578;87,5994224038142;62,7968974069803;0,967741935483871;1
579;84,7757119326248;16,4323471920002;1;1
580;87,1005601395952;50,8141789857961;1;1
581;85,7896865448959;40,0293007877305;1;1
582;86,2663959939224;22,9707995700206;0,967741935483871;1
583;85,7057481891493;15,8633997561224;1;1
584;83,0229456248445;66,64721775275;1;1
585;83,413053771994;10,20642896014;1;1
586;82,1250804396629;29,0451694949533;1;1
587;84,4493052107954;28,4132265539387;1;1
588;88,5443227096922;36,7654096645147;1;1
589;85,591635402754;36,9725876622206;0,967741935483871;1
590;88,3974146880863;49,5430133717717;0,967741935483871;1
591;84,7883225681222;25,2096018434858;0,967741935483871;1
592;85,1803160754049;54,8055151143462;1;1
593;87,3630090637831;59,8109805782856;1;1
594;89,7208477633717;73,4921524819731;0,967741935483871;1
595;84,873755150079;54,2798040385205;0,967741935483871;1
596;84,4781797730558;22,7226953855711;1;1
597;84,7334991570859;51,3205524836556;0,967741935483871;1
598;84,6998161366895;27,9535252443118;0,967741935483871;1
599;84,9169544158606;33,7167821879246;1;1
600;84,4114586933155;14,6626722128734;1;1
601;85,8192419458618;16,6382091964893;0,967741935483871;1
602;85,6251967961785;44,5246304478184;1;1
603;83,5994326202238;29,3668108492931;0,967741935483871;1
604;87,5551538002005;64,9927146300125;0,967741935483871;1
605;83,0264218714931;21,4909475885215;0,967741935483871;1
606;85,6495836769351;32,9996277152774;0,967741935483871;1
607;84,9870831415182;73,3473131538248;0,967741935483871;1
608;84,8154734435928;12,504074091868;1;1
609;84,8422633790185;40,8525468057127;0,967741935483871;1
610;86,2690409748732;41,2768747627168;0,967741935483871;1
611;82,4619530589224;31,0495335554096;0,967741935483871;1
612;84,4491576883833;51,8207112319376;0,967741935483871;1
613;88,4111302189451;67,3332818980131;1;1
614;82,069421374993;16,8016750737777;0,967741935483871;1
615;81,2268820627066;26,7048310044361;0,967741935483871;1
616;85,5091148824798;40,7560368972982;0,967741935483871;1
617;86,6202025276856;44,0853026520285;0,967741935483871;1
618;83,5801095484931;15,8127786940107;0,967741935483871;1
619;88,3420503138017;34,5258363700885;0,967741935483871;1
620;82,9240920718358;43,092249583908;1;1
621;87,7702479030377;81,8629862028691;1;1
622;87,6098624434499;70,0380697117109;1;1
623;68;8,02711214460486;0,516129032258065;0,516129032258065
624;83,7361932110728;53,4942686815692;0,967741935483871;1
625;84,3454757795726;31,7673431876476;1;1
626;80,9007818435003;30,6898789517718;1;1
627;88,3288053846658;47,663451281618;1;1
628;88,075943593241;49,3876617037184;1;1
629;83,7986930385547;29,1257826469151;0,967741935483871;1
630;82,2276115274303;28,3360425484991;1;1
631;68;7,08684289366216;0,516129032258065;0,516129032258065
632;83,9836509442535;63,5636493256787;0,967741935483871;1
633;83,8499725133812;7,64570902773308;1;1
634;82,8545122834447;40,3942270327228;1;1
635;83,9057706149525;20,6787133575585;1;1
636;83,4869473967749;19,4483232117702;1;1
637;85,8459042823099;22,1216789930908;0,967741935483871;1
638;87,2745055613791;35,6534384759876;1;1
639;81,723707164363;16,6832794662892;0,967741935483871;1
640;83,2253605610339;9,4083892278109;1;1
641;86,6911492455572;52,0652334671898;0,967741935483871;1
642;85,3455136286722;52,2877992397707;1;1
643;82,4884153957806;28,3300849057401;0,967741935483871;1
644;68;6,58315380929047;0,32258064516129;0,354838709677419
645;87,5665386753237;49,3966721615877;0,967741935483871;1
646;88,4054838885992;97,4438899678229;0,967741935483871;1
647;82,762547252138;18,068600915897;1;1
648;84,0227900282096;13,5959735168636;0,967741935483871;1
649;88,263361951469;109,778044176475;0,967741935483871;1
650;83,7051987204589;32,8978660555896;1;1
651;85,0522199648525;23,5948936979316;0,967741935483871;1
652;68;11,8718477078576;0,483870967741936;0,516129032258065
653;83,3008850909021;9,27624538195829;1;1
654;84,9261143835845;26,1278470213651;0,967741935483871;1
655;84,9288403568509;29,8438745754565;1;1
656;83,3565257322762;9,73379976370461;1;1
657;85,3547015448354;59,3559207378217;0,967741935483871;1
658;83,0399097525543;44,5742016714513;1;1
659;85,0473778106307;9,97001487510024;0,967741935483871;1
660;84,2251613747144;28,4023823115945;0,967741935483871;1
661;84,6276158391543;7,19054227536046;1;1
662;85,5157916217799;23,2377198193554;0,967741935483871;1
663;87,2524898961204;62,1163229465656;1;1
664;83,8519145035661;38,5657082858381;1;1
665;88,9566324764177;71,1709657515025;0,967741935483871;1
666;81,7368156988506;7,11424637582615;1;1
667;84,574404482965;42,7394225028335;0,967741935483871;1
668;86,7915469595424;41,4119746389797;0,967741935483871;1
669;89,4396580613389;66,5383432229082;0,967741935483871;1
670;85,1341753762315;23,1712500447911;0,967741935483871;1
671;82,7907727555032;5,45827554137465;1;1
672;89,4413384108359;66,6171292454497;1;1
673;81,497535933801;53,9616029062285;0,967741935483871;1
674;84,7614561764685;17,9379103938416;1;1
675;82,8828079488798;13,9940023513575;0,967741935483871;1
676;88,4090246232957;45,3412138159666;1;1
677;85,2440295944216;61,3842543538204;0,967741935483871;1
678;68;3,06698555661019;0,161290322580645;0,193548387096774
679;84,4362100954662;41,748110704058;0,967741935483871;1
680;83,9768743306347;40,1929704779949;1;1
681;83,0563915450177;25,8064410991;0,967741935483871;1
682;85,4777542098183;69,5923558689253;0,967741935483871;1
683;85,9598129537501;67,9518614104015;1;1
684;83,3205303248789;25,6035437111704;0,967741935483871;1
685;85,1105580335662;70,3082235417608;1;1
686;84,4540800162337;29,0874819453889;0,967741935483871;1
687;87,7148690681693;81,9909765881601;0,967741935483871;1
688;81,5783951665597;10,4623365725451;1;1
689;83,0901690994392;13,4463380060639;1;1
690;85,8918690420887;67,6910266651148;1;1
691;81,5973553875413;32,1629838332079;1;1
692;83,7917096114583;26,5878529732894;1;1
693;84,6808879628026;26,2061665630536;1;1
694;86,7844925511682;17,1883979807421;1;1
695;84,8862009331069;12,5650632577423;0,967741935483871;1
696;88,5193046863884;30,2344815942286;0,967741935483871;1
697;84,4071559737798;15,6656430258268;1;1
698;88,1864299323991;42,7868844309072;0,967741935483871;1
699;87,7367447126558;40,1857804133205;1;1
700;83,499652934226;19,8080826279124;0,967741935483871;1
701;85,4669911190584;29,5860750403911;0,967741935483871;1
702;81,2446294987117;28,0820900532166;1;1
703;84,8985095343264;74,3921370229257;0,967741935483871;1
704;87,8381008675559;61,3026723004097;1;1
705;83,2107895310228;24,6184192789288;0,967741935483871;1
706;89,5215122260703;95,2756489386014;0,967741935483871;1
707;83,299900161183;5,62232406709168;1;1
708;83,6371467164616;9,03591318847358;1;1
709;87,3132206206451;35,2153304750051;1;1
710;83,1070675545337;13,1773113667433;0,967741935483871;1
711;84,4047046568313;45,3272909482326;1;1
712;83,9084024548062;5,55035912961167;1;1
713;86,6016460231979;77,3748400355896;1;1
714;82,6183097904539;47,701632029465;1;1
715;85,0775777291974;45,8926043427658;1;1
716;87,9903525241787;68,2410020902321;0,967741935483871;1
717;87,1891442191706;64,5676207055405;0,967741935483871;1
718;85,7133786709142;46,7876997073869;1;1
719;87,3582824105604;46,9525085251409;0,967741935483871;1
720;68;9,2268507246809;0,516129032258065;0,516129032258065
721;82,9792174179377;19,1450071078333;1;1
722;84,6941691243264;8,72252249223195;0,967741935483871;1
723;85,8741000270226;24,0611149374947;1;1
724;86,3170252202893;64,3701026106562;0,967741935483871;1
725;83,9262236156525;50,0802506649776;0,967741935483871;1
726;85,4063794971967;13,6639960738838;1;1
727;84,6819223218993;21,531620113764;1;1
728;81,4355960415385;9,5036204388956;1;1
729;82,9756417878021;55,7404523878355;0,967741935483871;1
730;81,9373765701168;12,0294606421689;1;1
731;87,8298219526021;32,0045217736885;1;1
732;82,7133833684093;28,7644392791852;0,967741935483871;1
733;85,1625166885981;32,7859210772356;1;1
734;86,0758702805937;49,4375840659192;1;1
735;86,2823391070709;59,4262068523141;1;1
736;83,0447754329278;25,7794343304801;0,967741935483871;1
737;84,9237914031331;24,2895880826329;1;1
738;88,7482733676;75,0825773058944;0,967741935483871;1
739;86,5517731896561;52,6669382143461;1;1
740;83,679056035072;41,0651182258361;0,967741935483871;1
741;68;15,0702156225428;0,483870967741936;0,516129032258065
742;83,9175360995045;13,1078726556882;1;1
743;81,3925244396408;15,9942066268097;1;1
744;84,9571369948798;21,6073797709423;1;1
745;81,4220664695855;34,597189582824;0,967741935483871;1
746;84,6867302866498;43,6186506521846;1;1
747;86,2101649524125;28,3748450771095;1;1
748;86,256824427021;41,4702949817453;1;1
749;86,5449324550972;48,930329697321;0,967741935483871;1
750;68;7,77403499731838;0,483870967741936;0,516129032258065
751;86,5410275185322;34,9055851060794;0,967741935483871;1
752;82,6097972620513;4,8576484392178;1;1
753;83,2283203812696;22,3810977680518;0,967741935483871;1
754;82,8787162710654;23,2311593210827;0,967741935483871;1
755;87,1748074450329;59,5155484738909;0,967741935483871;1
756;85,2547193485829;46,8043981654719;0,967741935483871;1
757;87,0462198522497;82,6545807701921;1;1
758;85,9040634008954;30,409743694477;0,967741935483871;1
759;84,685044178175;47,5050653624041;1;1
760;81,2899585680813;12,6193170942556;1;1
761;85,122738799581;11,0631799908326;0,967741935483871;1
762;85,3005456967812;33,7705902651255;1;1
763;83,8101631759327;17,7617149723585;1;1
764;84,5941643734606;28,8161052899462;1;1
765;87,6539140507301;45,0709895508955;1;1
766;88,8092843815956;61,3780379127078;1;1
767;86,6142920332409;53,1387550111682;1;1
768;85,1467823283632;59,0195547181575;0,967741935483871;1
769;83,2764275545683;28,7297414508041;1;1
770;87,7050745122412;21,880549449587;1;1
771;81,3838049347293;18,696136505926;1;1
772;84,9068228103913;18,2804960150841;0,967741935483871;1
773;88,9766880819153;88,4230201228368;0,967741935483871;1
774;82,6100305667682;10,1044132363765;1;1
775;88,0892259805727;87,4565290991211;1;1
776;88,3871095452266;64,9369650766738;0,967741935483871;1
777;81,1148692608158;23,7841718471656;0,967741935483871;1
778;93,3656991531588;118,507437675657;0,967741935483871;1
779;85,1682898405363;33,427845493085;1;1
780;86,538184718107;36,6210495646906;0,967741935483871;1
781;68;7,40920039170203;0,516129032258065;0,516129032258065
782;85,7559517730488;35,3721139046946;1;1
783;88,7272256403298;36,1875006569583;0,967741935483871;1
784;86,8815632359688;65,7101850251991;1;1
785;82,8539410343432;9,58183927333901;0,967741935483871;1
786;82,2128246820648;34,813478759677;1;1
787;82,9261510166509;14,3005592053695;0,967741935483871;1
788;91,2242588825568;117,960461730155;0,967741935483871;1
789;82,868996611991;15,4494144875144;0,967741935483871;1
790;87,0617610691403;34,0097367665605;1;1
791;82,9070633766459;17,1265361889876;1;1
792;68;8,967476116965;0,32258064516129;0,354838709677419
793;84,0764609133115;28,5406054565052;0,967741935483871;1
794;81,9299686030659;19,8186703099411;0,967741935483871;1
795;83,349463768099;55,4018988609286;0,967741935483871;1
796;84,1566365919491;48,1735032241741;0,967741935483871;1
797;83,8599479092099;22,3646601924919;1;1
798;82,8872218666112;25,0065086188452;1;1
799;68;8,18203776093303;0,516129032258065;0,516129032258065
800;86,1867523239778;54,9659759830277;1;1
801;84,4656792409906;20,82852222367;1;1
802;86,2000829673082;38,1188814530013;1;1
803;85,9289257757319;51,0631519925639;0,967741935483871;1
804;84,7831830310948;25,9995140378322;1;1
805;83,3668776342388;18,9139963805306;0,967741935483871;1
806;87,894443071751;64,2123727782699;0,967741935483871;1
807;84,346814865362;32,4839569596697;0,967741935483871;1
808;84,3897896260291;49,7788739047613;0,967741935483871;1
809;83,5397981058272;15,8792120162745;1;1
810;84,8139167214946;33,6878085064714;0,967741935483871;1
811;85,3747619441121;32,1538862493727;0,967741935483871;1
812;84,1657384842822;41,2813333858955;0,967741935483871;1
813;90,1788080086584;85,8442358776664;0,967741935483871;1
814;86,3032091949345;72,7755597486446;0,967741935483871;1
815;89,2213536241766;62,7474921378495;1;1
816;83,9900023831063;15,0555625366075;0,967741935483871;1
817;84,5348709279773;36,3162598987751;0,967741935483871;1
818;84,7615545857472;18,1094271720806;0,967741935483871;1
819;68;8,9006935743096;0,32258064516129;0,354838709677419
820;84,1089364730285;23,6055175786382;1;1
821;84,3142792808272;37,6681807919761;1;1
822;83,9820764103603;45,6504471099718;0,967741935483871;1
823;83,2043814499202;23,4026838548295;0,967741935483871;1
824;86,5381193980485;13,8414902626613;1;1
825;86,1297915571942;29,7191414698048;0,967741935483871;1
826;84,53553426708;62,1482628476427;0,967741935483871;1
827;82,731736074974;13,3435967896223;1;1
828;84,578347758885;36,8971122147775;0,967741935483871;1
829;82,4442655563485;13,9107319688452;1;1
830;87,5573119294812;63,1522641262965;0,967741935483871;1
831;89,5394482058628;69,4074693203964;0,967741935483871;1
832;68;12,0018622011994;0,516129032258065;0,516129032258065
833;85,7248541260287;62,8737605870931;0,967741935483871;1
834;88,8313337267165;41,7499826975203;1;1
835;84,7678011125115;41,5374322769382;0,967741935483871;1
836;83,8908371779511;22,4132467110129;1;1
837;85,6660094316742;42,9914856346201;1;1
838;88,2915585253159;24,7270720218779;0,967741935483871;1
839;85,812262917169;20,3880278384926;0,967741935483871;1
840;86,4103076199573;31,3649873014481;1;1
841;83,7315495059015;16,9341301552006;1;1
842;85,1811437722077;64,2893339632616;0,967741935483871;1
843;87,9233521728652;52,526425612201;1;1
844;87,6690502055502;78,1106098994335;0,967741935483871;1
845;82,3677598455102;18,8018890829311;1;1
846;83,066518009259;10,251081940483;1;1
847;82,8762461240249;30,732875188815;0,967741935483871;1
848;86,5129565427075;60,6350486554082;1;1
849;68;16,8784203381097;0,483870967741936;0,516129032258065
850;85,1856635104857;9,48273045262911;1;1
851;83,1999764345244;22,8939114623352;0,967741935483871;1
852;83,7199163876617;7,91546211086629;0,967741935483871;1
853;80,8910952150259;22,6088349547826;0,967741935483871;1
854;84,4562422903793;32,9903084025821;1;1
855;84,3886561071315;49,9756221317796;0,967741935483871;1
856;82,9720123798742;16,4133880622936;1;1
857;84,765280909266;60,6558035404529;1;1
858;83,3194180846221;53,0723405460364;1;1
859;85,927107535409;37,241823457114;1;1
860;85,5906547469279;26,6285577092897;1;1
861;87,1915994799055;76,2387501960713;1;1
862;87,06346394821;20,3899385981511;1;1
863;84,6555008718589;17,5607956356846;0,967741935483871;1
864;83,9291926780669;39,7332873722431;1;1
865;83,8461549385296;39,1928668207898;1;1
866;83,2118028931375;35,4223904975383;0,967741935483871;1
867;83,7475256074653;16,1082340493302;1;1
868;83,506521933075;36,0748278257966;0,967741935483871;1
869;85,6219266402154;59,5278122296752;0,967741935483871;1
870;84,5835038400372;16,7464184497063;0,967741935483871;1
871;84,5493016508481;25,3704678070863;0,967741935483871;1
872;83,8022567428549;15,7402944417013;1;1
873;68;7,40621070333079;0,483870967741936;0,516129032258065
874;88,761423219388;26,7473109842282;0,967741935483871;1
875;83,3926782676403;12,5351883935799;1;1
876;85,0342490325564;15,9005597733598;1;1
877;82,4092904138238;30,1080641584601;1;1
878;84,6465339764036;11,4848515649862;0,967741935483871;1
879;85,8578137928684;32,9253320965334;0,967741935483871;1
880;84,7805950091051;48,0779070783133;0,967741935483871;1
881;89,4031871467437;46,6216350696636;1;1
882;84,3530415692459;51,2894760308923;1;1
883;83,4328253528723;33,0995131183421;0,967741935483871;1
884;86,3486377749485;21,4322442829394;1;1
885;88,3370100406712;64,6713566753391;0,967741935483871;1
886;84,1945936904001;25,0847688052129;1;1
887;82,6131525301688;13,4819626912814;0,967741935483871;1
888;86,8785354243586;61,4697102651768;0,967741935483871;1
889;83,1165510830786;6,3140371609504;1;1
890;83,4775317651569;22,6193920626085;1;1
891;83,8352724285285;53,0029977360244;1;1
892;86,2672128060593;27,8573309677807;0,967741935483871;1
893;87,1279488818911;71,7007463748772;1;1
894;84,4176414077728;31,8559758089929;0,967741935483871;1
895;83,2697328282399;23,5365441001016;1;1
896;87,0234342925251;62,8134845674355;1;1
897;87,6463685733709;97,4437542631452;1;1
898;81,8478013613306;10,7725055818679;0,967741935483871;1
899;82,8592726293191;36,7058971687737;0,967741935483871;1
900;86,15793836508;66,9144512127405;0,967741935483871;1
901;88,0448215654802;50,7652888298608;0,967741935483871;1
902;83,7678891789464;18,006381457651;0,967741935483871;1
903;89,2839492090566;60,614768346097;1;1
904;83,1519308618508;26,9714508579069;0,967741935483871;1
905;82,1162359613503;17,7530114491252;1;1
906;88,8520538020546;69,5032844454685;0,967741935483871;1
907;84,8145556985234;40,2294350262504;0,967741935483871;1
908;83,0795222702106;25,3332161375527;0,967741935483871;1
909;85,2917751230556;50,1281167193092;1;1
910;83,0322646522952;18,4109399202896;1;1
911;68;15,7593300178133;0,483870967741936;0,516129032258065
912;82,1656460983663;37,8753132013304;1;1
913;83,5864909398373;4,63391940583993;1;1
914;87,304031548438;75,4798390941269;1;1
915;82,5910010526366;40,0534051085387;0,967741935483871;1
916;83,1137445742973;27,9864633841412;0,967741935483871;1
917;84,7108060566773;20,1554486680867;0,967741935483871;1
918;82,3990218042056;14,8756089946595;0,967741935483871;1
919;81,8324968011434;5,1572656558029;1;1
920;91,5135062747863;86,0044237611869;0,967741935483871;1
921;83,9353030996393;28,0824455581737;0,967741935483871;1
922;83,1206871363166;10,515680200258;1;1
923;87,3487884190766;24,2746102245044;0,967741935483871;1
924;83,6679930558126;37,0833903066286;0,967741935483871;1
925;83,8813878836386;9,05964906267875;1;1
926;83,9129813140111;5,15730395469426;0,967741935483871;1
927;68;8,50041232081752;0,516129032258065;0,516129032258065
928;84,9875067599841;19,0307288342836;1;1
929;85,9623270235128;54,6105454956077;0,967741935483871;1
930;82,4885972122216;28,6401513498505;0,967741935483871;1
931;82,5753479778518;8,82954319599102;0,967741935483871;1
932;87,2178720480857;67,3162122337557;0,967741935483871;1
933;82,8252724809977;13,7621546675582;0,967741935483871;1
934;86,4197005119877;28,9623005132332;1;1
935;82,9397603359348;10,3655043773748;1;1
936;88,9748216228462;68,8316248509252;0,967741935483871;1
937;81,6773800755677;61,5829380199905;1;1
938;83,1172524805796;15,4046010671533;1;1
939;84,0633147455174;38,2022450418334;1;1
940;82,8244079649945;10,0316503725098;1;1
941;84,4789429356901;12,8812165295751;1;1
942;84,4327778283294;57,2694504221604;1;1
943;84,4981066584419;16,3387761827015;1;1
944;86,1263626927289;41,7805162218118;1;1
945;83,642614146871;15,1455901462967;0,967741935483871;1
946;84,859495479176;40,9530895266989;0,967741935483871;1
947;83,4204149279418;48,0442294634636;1;1
948;88,1508530336832;23,0257054678164;0,967741935483871;1
949;84,5910111005377;20,5658831493998;0,967741935483871;1
950;86,1511195551329;35,1345266735738;1;1
951;90,7323528436739;92,9375299027039;0,967741935483871;1
952;81,8503668287666;30,4919096474327;1;1
953;83,024868936047;14,606781053473;1;1
954;83,4334148453087;45,6239113997817;0,967741935483871;1
955;84,6309014218005;14,0022436734536;1;1
956;68;8,96615397543441;0,516129032258065;0,516129032258065
957;82,4240173455184;34,6334490207027;0,967741935483871;1
958;83,0718335023803;8,89555006597023;1;1
959;87,4090205614841;37,5448177625611;1;1
960;86,6731202307234;53,6481133694246;0,967741935483871;1
961;87,131867671843;52,8152702182001;0,967741935483871;1
962;85,2631604723276;18,4429511054826;0,967741935483871;1
963;82,4313327674762;44,1897265859133;0,967741935483871;1
964;86,4322403440979;41,4836366888411;1;1
965;82,2816161972229;36,8849948890835;1;1
966;86,3628340608946;51,5260330147399;0,967741935483871;1
967;84,771596340823;43,4699798707415;0,967741935483871;1
968;84,9348767430117;50,330093577555;1;1
969;85,2723098340603;65,6359706988189;1;1
970;83,934585841657;11,662206885819;1;1
971;86,5786511625804;43,8680415999825;1;1
972;86,6299110353079;21,2556152329031;0,967741935483871;1
973;84,7693481190583;66,4871011213399;0,967741935483871;1
974;84,4826044565329;42,0171820397169;0,967741935483871;1
975;86,8343783140273;96,6576033330046;0,967741935483871;1
976;85,2933621829656;11,8366368544441;0,967741935483871;1
977;83,9295268893386;16,2542947926903;0,967741935483871;1
978;87,793668979379;33,8936697572306;0,967741935483871;1
979;85,7685427822463;26,0729555501899;0,967741935483871;1
980;68;5,60200834226548;0,32258064516129;0,354838709677419
981;85,5025664985508;31,0364336498003;1;1
982;83,600705211331;28,745880290334;1;1
983;86,1749019204286;27,7014887167625;1;1
984;68;10,4089196211639;0,483870967741936;0,516129032258065
985;81,7940188477684;11,228100754492;0,967741935483871;1
986;85,0969987315997;28,6603154000803;1;1
987;90,0298503603993;77,3206236014915;1;1
988;87,577144304099;85,1999853753991;1;1
989;84,5931740442592;51,319903735511;1;1
990;81,6013853798558;55,4564606459376;1;1
991;88,5215733282128;87,5300952637495;1;1
992;83,1248688794857;30,1561889609742;1;1
993;82,4047429849331;13,0308559309873;1;1
994;83,6484524361282;24,0176977837179;1;1
995;83,3838583020881;32,7361835703624;0,967741935483871;1
996;83,5614287459567;9,1146634811372;1;1
997;89,4176112548618;37,1074600666244;1;1
998;84,1150662592794;9,43008737259366;1;1
999;83,9163161195516;20,3596938577257;1;1
