0;132,367967048675;7,43311698342053;1;1
1;136,309118580126;53,0746989580724;1;1
2;133,440351622374;57,4554116764143;1;1
3;139,396539371806;96,5142102963996;1;1
4;139,724318294361;120,308244863342;1;1
5;133,933178888727;30,4798124351465;1;1
6;132,859181385645;16,0180994729758;1;1
7;133,979409223052;30,5884209089453;1;1
8;135,764376808048;41,6757825752916;1;1
9;138,242037256309;18,0247093141923;1;1
10;134,203050769669;16,8966276234903;1;1
11;133,751743112842;26,2877135511885;1;1
12;137,811570135615;123,542456566261;1;1
13;135,886753387332;72,5534005727988;1;1
14;133,650218490825;5,87739064345575;1;1
15;138,354490023934;48,2425284081738;1;1
16;138,393216645397;56,3480239969023;1;1
17;131,966149163323;10,5899407503231;1;1
18;133,699445970167;27,7997570115057;1;1
19;136,212434313563;35,8255347462614;1;1
20;134,978071426891;55,1088986689887;1;1
21;135,336529221097;14,1617998902032;1;1
22;138,363754468239;39,5412476731481;1;1
23;136,264789522117;19,4372157477575;1;1
24;136,894792752949;50,4450643453355;1;1
25;138,060885424482;36,9409138672091;1;1
26;136,586910433039;21,7309219486723;1;1
27;137,549234462087;65,2100426290635;1;1
28;135,369928007207;23,1041517108925;1;1
29;143,779496437809;187,060730303964;1;1
30;137,59666704546;31,2471827823878;1;1
31;134,435953875311;53,3999661448166;1;1
32;133,553646127085;72,2193071778758;1;1
33;138,657744218432;85,9064657357127;1;1
34;139,399398033161;97,8436887162017;1;1
35;138,437147699678;39,7310655674485;1;1
36;134,543584492317;5,64412932175523;1;1
37;137,752281912838;40,1704937178215;1;1
38;133,62030098242;41,6494747320268;1;1
39;134,079701241635;21,4604440587729;1;1
40;137,017323200947;58,4809089325407;1;1
41;133,266085189577;26,6641160974207;1;1
42;134,454748950179;14,4216153076991;1;1
43;136,266121411863;72,0064395897278;1;1
44;136,237570656814;58,3691707770307;1;1
45;139,136509220646;68,7131494231649;1;1
46;134,472446788636;19,8278899406068;1;1
47;135,153852572518;37,8259602481216;1;1
48;132,276960503263;14,6755050415559;1;1
49;137,867794860999;109,766250274079;1;1
50;133,179115145085;19,7886025337753;1;1
51;135,985463360903;38,2619099707477;1;1
52;134,542394428964;25,1837995654905;1;1
53;133,146971173337;19,0267010717813;1;1
54;135,343147885083;9,25096827499417;1;1
55;140,539789651459;90,9164697101312;1;1
56;133,383804216795;11,7570894197248;1;1
57;135,221622313138;25,3513863640395;1;1
58;135,18272198918;11,4174146348366;1;1
59;135,823239489382;15,5326453512322;1;1
60;136,850770813255;77,352080422683;1;1
61;133,981141391334;55,2496785618104;1;1
62;136,778310004333;59,9324068771808;1;1
63;140,42335219362;58,3676342296996;1;1
64;133,146428755891;32,2482472121201;1;1
65;135,336740854065;17,3989283645408;1;1
66;134,946009976114;20,5617634798278;1;1
67;137,255504001575;30,0176052712721;1;1
68;137,815337328983;81,572387810976;1;1
69;135,43518480719;22,5988897483092;1;1
70;138,88127281777;31,1205432309622;1;1
71;133,060612154218;12,330732908407;1;1
72;137,842356144812;60,5743777103189;1;1
73;135,370940310628;40,9441559036559;1;1
74;141,281246716473;134,367810008395;1;1
75;130,849835824729;30,069560396244;1;1
76;133,767204995652;12,5932945052195;1;1
77;132,910962101157;22,7019369124986;1;1
78;135,994424403345;85,5984297172911;1;1
79;134,610142257602;9,6587153930741;1;1
80;134,327074319949;26,7352055218364;1;1
81;137,047830747465;57,0772787203554;1;1
82;133,55731483145;15,4484446243416;1;1
83;134,808233207928;13,4377847108701;1;1
84;133,731181211124;10,93923639647;1;1
85;132,165524020572;8,62020556483374;1;1
86;135,854612665684;13,433411492165;1;1
87;133,356981588174;16,5683394184016;1;1
88;133,888995680935;25,5254605228989;1;1
89;138,119512348463;56,5812265991131;1;1
90;134,157159331351;15,1637015840779;1;1
91;135,917963350127;65,1037398664007;1;1
92;133,279780263958;14,7537716287799;1;1
93;132,054566924193;4,22457389714955;1;1
94;132,974180429239;10,5005694309766;1;1
95;134,119118926656;35,3038865144692;1;1
96;134,754473522745;18,2743558634286;1;1
97;135,170981970271;39,7029104247933;1;1
98;133,4725545757;6,33502386336603;1;1
99;136,007750138774;26,3837494887281;1;1
100;136,840831274792;49,980367118254;1;1
101;130,157768782424;31,7269862234981;1;1
102;136,539239514939;46,359961089712;1;1
103;139,313860087584;94,4392024669445;1;1
104;140,327395956285;114,563114939944;1;1
105;137,097370988943;80,5164051567837;1;1
106;135,590204081995;37,3807325618609;1;1
107;135,387692209577;9,22092343189275;1;1
108;138,808547815196;77,0821366750835;1;1
109;134,833751792835;51,7389305878981;1;1
110;133,644069515753;21,4604995429065;1;1
111;140,865563214651;75,5177356055282;1;1
112;135,125039426422;24,6867202081892;1;1
113;136,650225697604;90,1368124387096;1;1
114;137,813270871535;88,6633398470929;1;1
115;134,531839260662;75,5260566796147;1;1
116;140,853577982486;107,884329840884;1;1
117;135,832223014916;57,4015303188307;1;1
118;136,065416398035;50,5858997150137;1;1
119;137,26782926488;33,3593978256054;1;1
120;136,204898153874;22,3969263431212;1;1
121;134,046728094624;26,4683341654405;1;1
122;133,798725698295;7,55850751147431;1;1
123;136,468370524893;37,0164303103035;1;1
124;138,239911946243;107,369675431901;1;1
125;131,787191376517;36,6143714949751;1;1
126;136,175309104621;14,5534408013138;1;1
127;137,40399791041;80,5529893203117;1;1
128;135,105271074399;21,1171469646926;1;1
129;132,350739606399;15,5516819425647;1;1
130;135,295863014376;20,1785902228852;1;1
131;134,710681041592;17,1314110287253;1;1
132;133,55426250512;23,9915227356949;1;1
133;134,406001656391;23,0441754469064;1;1
134;136,412541144637;28,6195151267128;1;1
135;136,972053078472;36,0155083541808;1;1
136;135,380278788917;51,0538606931085;1;1
137;133,727154507634;46,7219954299442;1;1
138;139,517641339381;31,8794476746397;1;1
139;136,403666630614;16,5309764988387;1;1
140;138,954194612981;99,9854453422578;1;1
141;131,479418216658;13,1336930587678;1;1
142;136,268914745855;45,9657570324746;1;1
143;133,013197327745;17,4640990700487;1;1
144;135,997588865304;20,4880515677902;1;1
145;137,232398443878;89,4915448061968;1;1
146;135,593950816023;27,7554445486435;1;1
147;135,438277232351;19,198737691958;1;1
148;137,131850577785;72,262427795897;1;1
149;133,188766995656;30,1184122072018;1;1
150;132,687569823355;18,2277417887858;1;1
151;136,432777124035;31,5348461125344;1;1
152;130,920609113267;16,9305881769426;1;1
153;137,856661517843;82,3570191604845;1;1
154;134,059104683484;25,2378539488558;1;1
155;134,754106913874;25,2664195629023;1;1
156;139,03870149961;64,5239684865662;1;1
157;134,151063523964;14,6710410566192;1;1
158;132,680936500883;17,8215911874226;1;1
159;133,146955372101;6,700234132387;1;1
160;137,476555727367;52,9064700380453;1;1
161;134,650544701889;22,4077468519013;1;1
162;136,200768698145;44,9379166476553;1;1
163;136,41368243005;45,2363217864875;1;1
164;137,586321642607;58,8868029997493;1;1
165;133,595395915963;21,0640883075766;1;1
166;133,881969470834;4,11166243114281;1;1
167;135,326706145385;15,2059745377368;1;1
168;132,59950835255;3,79653547949402;1;1
169;136,189533631202;31,4976199517076;1;1
170;133,648131563375;34,2196825969378;1;1
171;133,540991715246;6,40895693869715;1;1
172;136,136604334594;12,4429573234152;1;1
173;134,514701582214;25,9298974197513;1;1
174;136,126612320243;62,3926314843239;1;1
175;132,051961267908;23,8450650412265;1;1
176;135,630976046097;21,2711974164644;1;1
177;135,546564019412;30,3755455385501;1;1
178;133,632144895348;17,5209880681983;1;1
179;134,993338525057;42,9927346481555;1;1
180;133,737817958018;13,8370569333261;1;1
181;132,186749277468;16,3383432128933;1;1
182;135,151905775698;31,084507516929;1;1
183;135,946632324496;40,8695038027771;1;1
184;131,760090521109;11,8975542022359;1;1
185;133,601465653679;15,7717239990816;1;1
186;133,628366046764;57,1649346808238;1;1
187;134,371139952529;29,7893238415247;1;1
188;134,379930585558;26,1455791100632;1;1
189;136,508686171331;53,3281299491349;1;1
190;133,766515811634;12,5765245174606;1;1
191;137,832551063558;96,6549710893967;1;1
192;133,887685495441;20,0450727776346;1;1
193;134,981985768705;10,954044796574;1;1
194;134,407425546197;58,2000898617949;1;1
195;134,482402434494;13,9672655913823;1;1
196;135,086439894609;27,647279144313;1;1
197;134,924025401624;66,8585890448581;1;1
198;135,222001619736;18,0298232471551;1;1
199;136,99361558291;20,3744113587381;1;1
200;135,175582102912;15,6674042194613;1;1
201;137,008793209795;52,8305540107345;1;1
202;143,191966114064;117,897592379774;1;1
203;135,720831400903;42,0898053424248;1;1
204;132,5987308341;9,4200130445049;1;1
205;130,663127655385;14,0513865404068;1;1
206;138,606141648286;43,4159518565166;1;1
207;135,808623057852;51,8334999938311;1;1
208;139,086214186453;98,7385305098335;1;1
209;136,682082684784;27,4361399777539;1;1
210;132,672572083549;9,33766496294536;1;1
211;134,053093762962;13,0500666477832;1;1
212;134,473592773348;26,0651192365811;1;1
213;134,095808369099;43,5650875955418;1;1
214;138,606345835024;73,3549136556753;1;1
215;136,88782881938;34,568913904386;1;1
216;136,270118255872;13,717556056696;1;1
217;132,106674678397;10,9661635627682;1;1
218;134,576229560268;13,4321934282447;1;1
219;135,143228855228;22,2958173658009;1;1
220;136,683609053687;38,1387303673836;1;1
221;130,89114599468;9,26160597525739;1;1
222;134,951721001636;25,1968222798962;1;1
223;132,840207848618;35,7428343537198;1;1
224;136,077789819135;30,0146140676851;1;1
225;135,426218127197;33,262124766813;1;1
226;135,054144095492;51,3175229391418;1;1
227;135,703259206578;29,9486474143478;1;1
228;134,49545906887;27,0046751706981;1;1
229;134,626864038791;32,221145167985;1;1
230;140,29376724497;112,965403312408;1;1
231;135,325330795963;36,9462269545354;1;1
232;133,204320798292;38,9079582911252;1;1
233;140,29328695854;123,559297730865;1;1
234;139,819725779752;53,2360101821787;1;1
235;139,217833207082;55,880045313372;1;1
236;133,159210622303;8,31361805265908;1;1
237;134,841407961002;10,8399632894323;1;1
238;133,474314873814;17,8721626202972;1;1
239;134,642110747396;7,89496174445811;1;1
240;133,14822538091;7,50262620772304;1;1
241;138,321001890617;36,8283518644489;1;1
242;135,924888449574;13,5054120499521;1;1
243;134,731369945812;32,899218608089;1;1
244;132,777107385672;31,9264739013818;1;1
245;135,319582454463;29,9513729674848;1;1
246;134,79366780929;20,1901742018571;1;1
247;135,372745430883;36,0063311638486;1;1
248;135,969073496341;21,052605051477;1;1
249;132,38256198672;29,5753683224139;1;1
250;134,305868627822;8,5352415933821;1;1
251;135,726222401057;71,2868788845099;1;1
252;134,320102900614;10,9816393396108;1;1
253;138,738445185606;64,6457766020777;1;1
254;137,873776906278;36,3881680696905;1;1
255;134,00391165582;24,5619710888073;1;1
256;135,503975151779;18,4615732766236;1;1
257;140,950489492735;95,483061792278;1;1
258;135,407230332701;14,583499331177;1;1
259;137,555337601892;19,2371683267818;1;1
260;134,883274315058;47,2969608672535;1;1
261;135,319204003304;86,697292026242;1;1
262;133,969252983965;52,0904646286263;1;1
263;138,551556316223;50,3467318650193;1;1
264;135,126203267643;13,025392413823;1;1
265;139,866871171819;92,2278221144724;1;1
266;139,069226640403;97,607417697045;1;1
267;137,483394158178;64,3612795325292;1;1
268;134,809153776871;48,2236570738285;1;1
269;135,869147219532;26,1167769950832;1;1
270;137,964592422297;63,0150600024563;1;1
271;137,570105648786;25,5359584031886;1;1
272;135,544203449194;22,3827840808403;1;1
273;136,850844319514;42,2670138605303;1;1
274;142,19795994794;87,0013344033231;1;1
275;131,905115072445;21,4886636062155;1;1
276;135,001296108421;19,1996671730072;1;1
277;135,746251728545;24,368066383333;1;1
278;135,924038337417;11,1880053907622;1;1
279;136,10109897353;12,3420726258932;1;1
280;131,615060147859;13,8050299676172;1;1
281;139,292285208834;123,641090692481;1;1
282;135,469760476647;19,70453170243;1;1
283;138,70989075876;45,3767274543972;1;1
284;134,017681049288;6,75271971601926;1;1
285;135,870569349074;68,0620108870421;1;1
286;133,902661562476;22,7911754114594;1;1
287;134,554454325276;38,512059891175;1;1
288;132,153505347454;33,3505724799145;1;1
289;133,188803781035;20,9699325884844;1;1
290;133,860830641775;21,1115913730298;1;1
291;134,280898222656;15,746511972342;1;1
292;136,786300413107;77,0003348932261;1;1
293;135,65330539573;16,116753416577;1;1
294;132,810876133193;13,8021496060224;1;1
295;134,843482940569;26,1378722830684;1;1
296;136,408637245016;55,4949321131696;1;1
297;138,801955338932;63,3040059044689;1;1
298;133,537800844359;45,0997126046147;1;1
299;134,457360539501;5,91975471093121;1;1
300;134,231481107665;36,4960577236887;1;1
301;136,372978347572;19,0680827591859;1;1
302;138,346626465978;32,0483442698963;1;1
303;132,796615164014;20,995421820477;1;1
304;134,657078083245;6,50040278170598;1;1
305;134,932302768164;18,7174536363608;1;1
306;132,366106616575;21,9986710051237;1;1
307;133,136128585997;36,1577326844389;1;1
308;133,634613158181;36,1628745580741;1;1
309;136,159438881892;48,6553098763376;1;1
310;136,676544335238;101,945944836576;1;1
311;136,241165062478;33,6589272349621;1;1
312;138,635097135577;95,4151684914363;1;1
313;135,824325218596;25,934296072616;1;1
314;140,959740496319;131,571061875111;1;1
315;138,332270300082;31,9231993454023;1;1
316;138,053636364995;102,211987150767;1;1
317;133,775268071127;29,0873188645657;1;1
318;138,381970829431;62,5398588142976;1;1
319;137,463110550999;73,7947035922578;1;1
320;135,20516223583;51,2915510430563;1;1
321;135,07228433095;42,9298952065812;1;1
322;144,906133899551;167,935224416972;1;1
323;134,389804223137;23,957094367661;1;1
324;139,402900876643;58,0642016924349;1;1
325;136,92928616549;40,8579745763472;1;1
326;131,52071827439;17,8201683510549;1;1
327;136,368179193354;20,7439142455951;1;1
328;137,637236290896;20,2435256809865;1;1
329;135,927271315615;67,0747016504104;1;1
330;137,579624649789;43,1860418649845;1;1
331;136,957912732526;54,8249289931186;1;1
332;134,82745562228;17,7236722890039;1;1
333;137,430557926923;80,5901862804639;1;1
334;138,401624648849;88,5546031560479;1;1
335;135,758895811039;43,300472654087;1;1
336;136,083142930091;53,9299273707306;1;1
337;132,873584391711;7,1252926406569;1;1
338;134,691086859918;14,1380235010307;1;1
339;133,950686373715;17,4898721137453;1;1
340;134,269459960342;1,33984358840851;1;1
341;132,804247216985;15,8225956023999;1;1
342;134,759055656503;63,7689737271149;1;1
343;138,908252595682;78,532649753978;1;1
344;143,554168869377;136,138065046649;1;1
345;137,615940370582;58,6501247349214;1;1
346;137,690796450599;42,8807740351679;1;1
347;135,88107032256;33,8385838094597;1;1
348;135,841145570962;19,7062061638628;1;1
349;138,754515980402;43,8134332959061;1;1
350;134,595502967197;18,2190423754446;1;1
351;134,981181215756;30,2265858401535;1;1
352;137,664078553181;43,0283059644316;1;1
353;133,980237026639;18,3362974307762;1;1
354;133,147852064765;16,8339815625139;1;1
355;135,886742905687;51,5034539588284;1;1
356;139,476283963129;59,4713418174939;1;1
357;133,686279844094;17,9233294383698;1;1
358;132,942848726862;11,772344418026;1;1
359;139,484648853853;108,727966867845;1;1
360;135,180575363485;33,1147029648744;1;1
361;136,023061996992;24,6800501129113;1;1
362;137,6085614581;57,1133835687399;1;1
363;138,737496675036;62,4159486944851;1;1
364;135,934421272427;37,0650710344255;1;1
365;132,583162376021;20,9656708636395;1;1
366;143,176464257969;176,762886441496;1;1
367;133,452668625753;3,33994494733784;1;1
368;137,964446098252;31,8681082888613;1;1
369;137,308224732393;83,914702366093;1;1
370;138,225139335962;91,9288778000946;1;1
371;138,908506921009;31,2251401477642;1;1
372;132,207744650204;44,2253581824989;1;1
373;134,099708351676;40,5589813011261;1;1
374;134,202015208562;9,80242318116834;1;1
375;134,546639554144;49,2280324343693;1;1
376;135,813809042777;13,1144915854478;1;1
377;134,736962608441;19,3649716764565;1;1
378;133,094078572665;24,1783359182089;1;1
379;134,263087443331;20,2131911557476;1;1
380;137,789560127595;25,8289293859595;1;1
381;135,943339758256;62,7415309042215;1;1
382;135,683821692704;23,4105708609725;1;1
383;132,913044529993;4,64636588727502;1;1
384;136,385836720637;23,9846253746671;1;1
385;138,374602632327;36,6370779838414;1;1
386;136,406395788018;19,9596230460049;1;1
387;134,022956786608;32,5810683416986;1;1
388;133,687603168781;29,7178939883874;1;1
389;132,825639356737;8,09120621779279;1;1
390;135,13539771877;9,55846493697569;1;1
391;138,505942180341;62,5781541134993;1;1
392;135,305186709444;29,5695842998066;1;1
393;134,076597850558;58,4474599400467;1;1
394;135,99198201191;29,807191912884;1;1
395;132,611006163889;33,7177970883881;1;1
396;134,806118537798;40,6298059712534;1;1
397;135,567017183131;46,7481102529221;1;1
398;134,899289069808;18,1831480758543;1;1
399;135,340088109142;28,4476955983739;1;1
400;141,036427496279;120,016999987353;1;1
401;137,689039192139;67,932552671463;1;1
402;136,253621287676;51,0247922802583;1;1
403;134,977705764658;42,1914474321632;1;1
404;134,278050710599;25,1808751458545;1;1
405;134,983728072103;12,8643001333216;1;1
406;135,056925825471;7,80422781272151;1;1
407;134,828028680542;33,7492753285719;1;1
408;134,504675867666;11,7428682182621;1;1
409;133,161065096317;25,3927260150134;1;1
410;137,485288361388;89,8558748812109;1;1
411;133,574566580487;14,1530235845794;1;1
412;130,837843846993;9,17070160084061;1;1
413;133,181458629496;21,6192785432432;1;1
414;134,866910799421;23,1748752947558;1;1
415;139,780096136868;73,8570160822758;1;1
416;140,630566551758;46,3242553993797;1;1
417;136,041699754903;67,5743127640513;1;1
418;138,758886005737;58,8783605985158;1;1
419;136,694115997456;48,6438759051902;1;1
420;137,070980481699;22,6931070441849;1;1
421;133,865590284345;18,6887290985676;1;1
422;138,017827023629;62,7516359815174;1;1
423;137,891141014853;54,4543123540347;1;1
424;138,403730668503;59,2854738198132;1;1
425;135,509634971428;56,7633071789108;1;1
426;132,693092118882;10,4943943362145;1;1
427;134,772853759283;24,8072774750951;1;1
428;136,530288981879;21,729568307718;1;1
429;133,770447136877;14,7938638338778;1;1
430;137,810279870923;59,8008798483324;1;1
431;134,934735770734;62,8763557848696;1;1
432;141,438133850535;83,5084795476633;1;1
433;134,229130853108;14,6750769239122;1;1
434;136,36439846686;43,4484257473181;1;1
435;134,082480072593;21,728251671191;1;1
436;131,881507358122;13,369846859839;1;1
437;134,657807286925;24,13481063935;1;1
438;135,652879825407;29,3386360942861;1;1
439;132,967254103271;30,6567606598759;1;1
440;133,555938793902;29,0139399658966;1;1
441;135,9627148619;16,9566652548227;1;1
442;134,547959832033;28,9268891565588;1;1
443;134,208039372815;22,4027158517877;1;1
444;138,827510462382;65,0831656815181;1;1
445;136,531392677437;14,9526855305897;1;1
446;134,652409003564;23,9468564995437;1;1
447;134,371285993564;6,76281028310584;1;1
448;133,614743071293;15,257188934754;1;1
449;137,067717621033;67,6475015156413;1;1
450;139,197551120618;44,3369576139693;1;1
451;135,255785637762;73,050616745681;1;1
452;133,630417236041;33,3626388203287;1;1
453;132,426410213932;20,0768915265621;1;1
454;132,655765550495;12,1686401337788;1;1
455;135,767542933134;45,9455538257025;1;1
456;133,438963490747;18,1280510354892;1;1
457;140,268229079704;67,6291701572544;1;1
458;132,494096005742;21,9491196071424;1;1
459;133,512998146919;33,2182123325849;1;1
460;134,208972325438;7,92749325581023;1;1
461;132,045188138445;20,2727055423944;1;1
462;135,26214366945;66,1079543186843;1;1
463;135,79408889817;33,685993863345;1;1
464;137,802194774117;45,7250125798671;1;1
465;136,812450470751;105,021695478549;1;1
466;132,978239323228;20,5471836490723;1;1
467;134,530085673673;34,1156995446534;1;1
468;134,472904409156;31,5091046101522;1;1
469;137,05258457066;39,8934322409729;1;1
470;131,920230211381;22,696727235803;1;1
471;133,764901069417;12,2688889493163;1;1
472;141,418900529363;107,481508903861;1;1
473;138,509736091638;84,4437380388281;1;1
474;133,865158907332;16,5147723049995;1;1
475;134,177849182307;9,56811664495279;1;1
476;133,432367406602;35,4114545193208;1;1
477;135,523799554843;59,6186016702693;1;1
478;136,234352674913;50,4074593831351;1;1
479;134,904593440738;19,7209447928421;1;1
480;137,447295201197;39,5791671622067;1;1
481;132,849907850247;20,0421996364504;1;1
482;133,474637349567;6,98120109456107;1;1
483;134,247592393427;23,6405487547672;1;1
484;137,479898959655;43,2229078354539;1;1
485;135,468075048318;32,2336319911506;1;1
486;136,223685292257;28,6817201091295;1;1
487;131,883475390628;33,3044257375712;1;1
488;140,935260280916;107,403521987284;1;1
489;136,035401341072;11,5005056554381;1;1
490;134,600444753769;35,2673488371715;1;1
491;136,433841591999;29,5101002033382;1;1
492;135,698033487563;27,2299044271073;1;1
493;137,730539010602;47,1291755641699;1;1
494;134,096355745871;28,5924881062901;1;1
495;133,792427535196;21,8675936564928;1;1
496;138,156340315437;92,6630307386465;1;1
497;133,105441520106;5,0637591180478;1;1
498;138,002180657445;17,6785069540927;1;1
499;133,74805742616;14,2873594951363;1;1
500;137,34031998858;57,3773771415799;1;1
501;132,537071563124;5,07531849154733;1;1
502;135,384819748319;20,5843906597632;1;1
503;132,478827860169;6,60200242822131;1;1
504;135,757468095951;33,85371314963;1;1
505;141,47195418504;158,628417216991;1;1
506;137,360326638466;40,6128181495252;1;1
507;136,156777293698;93,7419071875057;1;1
508;136,43180416627;32,1157133914826;1;1
509;133,643935536759;10,581036634171;1;1
510;132,797942351047;17,4863756838564;1;1
511;137,083096108847;57,3385167133257;1;1
512;139,494681093569;79,1017058683169;1;1
513;137,459822962887;69,8960274136717;1;1
514;133,289925571899;13,7208788916563;1;1
515;135,049896687508;16,0316778273645;1;1
516;132,147718053597;10,9359246481213;1;1
517;135,989757637616;55,7887128096834;1;1
518;132,50972406419;29,4121928339921;1;1
519;136,519330799308;48,8187720505215;1;1
520;135,053314038707;69,9682265781729;1;1
521;135,551145829471;52,1631951927212;1;1
522;132,184533823251;8,41218397718709;1;1
523;134,051218235219;75,1817715935806;1;1
524;136,892475127924;23,3348843085527;1;1
525;134,857803620577;18,5354276466757;1;1
526;134,585901091162;32,6176014990779;1;1
527;135,334058879697;9,85918321411953;1;1
528;135,741247511995;31,5535942240854;1;1
529;133,594087264037;15,9063348557793;1;1
530;136,463220359007;41,1965966508918;1;1
531;135,229381474276;28,5400014299329;1;1
532;134,551072231008;17,3597999846014;1;1
533;140,53099577817;127,499570050688;1;1
534;136,992640671834;47,9273152990484;1;1
535;133,88836571099;32,5812902385616;1;1
536;136,430323343482;43,1590499937764;1;1
537;134,868577859188;77,6004356291686;1;1
538;132,102738159081;24,7861995243829;1;1
539;134,61593409311;27,7966905099422;1;1
540;135,478782932922;39,0928522658308;1;1
541;135,687290237365;39,6250310583137;1;1
542;132,594984473334;24,2325919064;1;1
543;134,65227515513;13,6378009861116;1;1
544;134,883864103333;37,7953995751465;1;1
545;135,192809305348;18,8314628171437;1;1
546;135,160592519694;13,2601799105378;1;1
547;139,931969364682;51,7207904774647;1;1
548;135,556796993344;42,3490726880733;1;1
549;140,1467599682;53,6837467935532;1;1
550;138,694792381237;72,4363427511482;1;1
551;135,344707042236;51,7867706423288;1;1
552;136,06205440419;13,5457743422553;1;1
553;134,297102738155;30,0414670598753;1;1
554;135,534054361101;29,4015041602353;1;1
555;137,971108075224;66,5300966443802;1;1
556;140,589458825959;110,011086118775;1;1
557;131,930844122237;24,7497114247992;1;1
558;130,853245622104;15,3413936937448;1;1
559;136,480181194673;22,8353948000773;1;1
560;138,352573335248;58,1661452089166;1;1
561;133,969193395591;25,5602792077338;1;1
562;133,781002578978;38,0897858604799;1;1
563;134,111884280064;38,3251555263033;1;1
564;135,919742238415;45,9984588106179;1;1
565;136,492624508866;60,0293320549791;1;1
566;141,467691432755;98,6155640859785;1;1
567;135,433660284696;23,6221159833757;1;1
568;135,212534588537;53,8570801110027;1;1
569;137,953829218361;42,0796457808665;1;1
570;136,184891851425;42,4508718922564;1;1
571;134,916588418315;72,4344625851458;1;1
572;138,50614764399;30,966782191963;1;1
573;136,616515240755;67,8748856214253;1;1
574;136,749315427433;22,11021942265;1;1
575;134,526100956263;41,2290819629451;1;1
576;134,40318565092;25,0299304316762;1;1
577;134,641947546308;39,782816544093;1;1
578;136,825680315856;30,3663083376652;1;1
579;136,562930217973;36,726350189711;1;1
580;136,450563856662;50,2301423233332;1;1
581;134,215763902918;20,6153378416555;1;1
582;134,456324258832;13,2009163376041;1;1
583;133,537752633685;16,0571320108779;1;1
584;135,905953037828;61,8688874987152;1;1
585;136,795509380892;47,2286545144748;1;1
586;134,648469974163;13,1428407414262;1;1
587;136,850509077183;50,0835383868302;1;1
588;137,669904662575;74,8966315264688;1;1
589;134,488370504995;32,3459796901668;1;1
590;137,632886845623;41,3688190580729;1;1
591;139,898636890715;88,0514214249865;1;1
592;134,376197877846;20,6946830478632;1;1
593;133,823089194025;16,8077321845804;1;1
594;135,343057140236;41,9482229598637;1;1
595;139,718855704888;86,8781649544905;1;1
596;134,159591453008;21,0639471843943;1;1
597;135,474460726086;56,6545860666299;1;1
598;136,343445533955;48,4927024368901;1;1
599;136,826679006778;54,6288456005925;1;1
600;138,361480129388;41,0919383330204;1;1
601;133,253060820016;20,967610165919;1;1
602;134,430097188436;36,5166358756171;1;1
603;136,356430529658;31,9488204990679;1;1
604;135,78131505893;45,4329466006333;1;1
605;133,834763780858;57,318600799789;1;1
606;136,751929052022;60,7605885803141;1;1
607;132,423419492121;5,33324468700042;1;1
608;134,80727134403;10,4577193495067;1;1
609;135,502730221675;12,8553961020862;1;1
610;132,863626690714;13,5874822038028;1;1
611;138,570410277981;47,7377394672151;1;1
612;139,062785543629;108,92075246213;1;1
613;135,19160611693;47,7553040302713;1;1
614;132,635131214836;6,13167385288813;1;1
615;137,611511334504;49,3892915169229;1;1
616;137,751836875193;20,0607441520017;1;1
617;134,914841311032;28,5389418086409;1;1
618;133,756386689684;17,6401484104014;1;1
619;134,856610252061;10,1203118939629;1;1
620;137,795465225566;41,218343777554;1;1
621;134,874507229838;15,6654870442962;1;1
622;135,392983148149;38,6922718639254;1;1
623;135,204609905859;29,9079059625179;1;1
624;134,135260223576;29,8747418858168;1;1
625;132,972828855535;6,15992658400787;1;1
626;134,191968720443;15,1425556621379;1;1
627;134,241764080308;46,6521656972689;1;1
628;134,049391752573;7,14236797144026;1;1
629;132,660906353952;7,01997263795252;1;1
630;133,213859265282;14,9412184820931;1;1
631;135,634335886494;66,2887055631056;1;1
632;133,191607302215;15,0096837940283;1;1
633;134,538001148574;11,141274026085;1;1
634;135,348133638194;31,1506420994064;1;1
635;141,789372049932;109,524480493337;1;1
636;136,401931299712;40,0081260426696;1;1
637;134,131258535386;44,5948322271702;1;1
638;135,127691408741;51,7428214519914;1;1
639;133,641019086176;9,12169511668695;1;1
640;133,671092183226;14,2349560962591;1;1
641;133,872882364781;8,53438705318732;1;1
642;141,742394254966;102,912846961751;1;1
643;136,643440056141;49,7165077270097;1;1
644;133,290701310823;29,2035282530656;1;1
645;136,720317825197;18,026175138619;1;1
646;136,046850470915;47,9534311984854;1;1
647;134,585481252352;21,5596827437937;1;1
648;138,171569994361;70,796239736084;1;1
649;132,969410190829;11,6549543095332;1;1
650;138,557584378913;82,1898960447027;1;1
651;133,878198647148;27,0342057924658;1;1
652;138,398755837691;60,6254388456936;1;1
653;136,035932012834;22,6671577225891;1;1
654;133,177828852673;18,9407186195022;1;1
655;136,054611847542;48,0739864619406;1;1
656;140,351212635228;63,9987579790427;1;1
657;134,099091936312;22,5579193326194;1;1
658;138,251273195739;112,57688290547;1;1
659;135,077365682154;14,2731730376397;1;1
660;139,100182203382;68,8704043875977;1;1
661;134,056802977826;22,5898423837989;1;1
662;138,419252412454;37,8370538688934;1;1
663;135,782580672011;40,1087395370752;1;1
664;137,605766447841;97,5658673746285;1;1
665;135,16510737095;41,2275120131965;1;1
666;134,337007949039;25,9801429553435;1;1
667;132,926968651737;12,1255530777138;1;1
668;140,158772079133;109,617099406198;1;1
669;135,802738012263;35,4646127388317;1;1
670;135,171709589825;12,1760499315336;1;1
671;132,546263931153;11,739157402415;1;1
672;135,10370319665;41,2661197868145;1;1
673;132,145477030317;22,9527471735921;1;1
674;133,772716373189;60,217740977227;1;1
675;135,377280120282;17,3319092769651;1;1
676;137,474517478826;80,8668627627995;1;1
677;136,518927711197;21,6796231573788;1;1
678;134,859008459905;19,2534942892975;1;1
679;137,814553158775;27,4418688416061;1;1
680;135,498866082307;6,83039108443344;1;1
681;136,251554690832;33,7078067669537;1;1
682;136,122080586434;18,8026916151335;1;1
683;134,523910822088;33,7826126708601;1;1
684;131,915678072535;7,81810759988345;1;1
685;137,339479460285;62,9921260166289;1;1
686;133,700319366986;36,5147248626474;1;1
687;134,770955944543;20,0343123244871;1;1
688;135,013418593384;60,3819179588169;1;1
689;137,112767295606;58,1001008899264;1;1
690;134,60184927707;35,6215381609247;1;1
691;136,228951064974;35,4475026031125;1;1
692;135,209793039528;14,2567043384305;1;1
693;134,855510813967;8,95996369934615;1;1
694;135,381630815705;34,1378965865341;1;1
695;133,311626142792;20,2391374466358;1;1
696;134,00268182361;10,9339180634951;1;1
697;135,748992016113;17,0581089736087;1;1
698;137,926385779361;72,6061412044472;1;1
699;136,975355068181;66,2604679136685;1;1
700;133,459141616149;65,3901017571887;1;1
701;135,017173390424;37,9662108460134;1;1
702;135,023898930698;34,5641454509022;1;1
703;136,649221452301;37,8546795328868;1;1
704;134,934577697965;7,06534802715543;1;1
705;136,744180130566;60,5707815008261;1;1
706;133,962738805273;3,01908852387214;1;1
707;135,53951987475;22,7317164002923;1;1
708;138,509265117328;38,4333583445461;1;1
709;138,69299748554;90,776665669656;1;1
710;135,072422760442;10,2510377437558;1;1
711;131,976048461097;6,2695236551231;1;1
712;135,319446267169;41,886686790022;1;1
713;133,725087457048;18,0954161855417;1;1
714;136,034315939023;24,0623454815327;1;1
715;138,581700314875;67,5385395745533;1;1
716;135,151449469047;29,0770202135481;1;1
717;135,478789711469;29,1833350024131;1;1
718;138,628148725096;86,8628144290118;1;1
719;134,805261427612;41,8165923153121;1;1
720;133,732460592715;3,81851088090991;1;1
721;138,060528639941;92,0113368373892;1;1
722;134,22333556461;17,6947042785669;1;1
723;136,828225103724;23,6027043392952;1;1
724;137,409296738114;75,5793448672221;1;1
725;135,871328191997;30,4546986486066;1;1
726;133,204447936051;7,84694634049398;1;1
727;135,033798287531;55,5213502536179;1;1
728;140,109704232587;116,470258964079;1;1
729;132,963023843832;14,6826243505794;1;1
730;133,514324995591;7,82359802878213;1;1
731;137,217326231322;51,8858476226813;1;1
732;140,100660586696;55,6107697191523;1;1
733;134,635040353261;37,7797423334712;1;1
734;136,392032016855;28,6524166693024;1;1
735;132,639853484516;5,24263033764877;1;1
736;141,017223459564;132,544672992205;1;1
737;131,407391181422;12,2215190746023;1;1
738;132,773817081705;19,8754763632951;1;1
739;135,101362021558;95,9754637355103;1;1
740;134,468761598749;19,5592295149775;1;1
741;131,98001030556;16,906438523219;1;1
742;136,433781763718;42,3154085415923;1;1
743;136,911544400278;57,0321268385737;1;1
744;139,068274332024;115,392796867633;1;1
745;134,132736096029;34,7464512923293;1;1
746;132,033692683197;17,596896843525;1;1
747;134,966721875855;42,4505280040752;1;1
748;136,919802984377;39,1989260818408;1;1
749;134,924013447236;59,9656827753041;1;1
750;135,625456916558;33,8917551909443;1;1
751;136,464512429128;72,5011816356049;1;1
752;138,4962147053;57,5769518317053;1;1
753;138,970507372791;79,6361956445305;1;1
754;134,627547537237;28,7135318251865;1;1
755;133,641815031408;17,5141993668254;1;1
756;132,704971699926;7,74869016189324;1;1
757;137,101550599574;63,8948010896439;1;1
758;132,743801186129;14,2195210533037;1;1
759;136,934604375064;26,4215937655669;1;1
760;137,164213799283;71,7592277706153;1;1
761;134,941101327657;70,7566868193402;1;1
762;135,211845775919;33,7323999353121;1;1
763;138,133150982321;35,7062366446484;1;1
764;136,836987672662;29,6874939277701;1;1
765;139,47525427964;50,2501089615705;1;1
766;132,967756763731;24,8759552883801;1;1
767;135,730266295406;36,7013872916762;1;1
768;141,052790404613;87,9218096415223;1;1
769;136,092462262694;48,3461309558381;1;1
770;133,830892210616;7,30770329525177;1;1
771;133,254655142563;7,45690013423226;1;1
772;132,676218610238;12,7479321145551;1;1
773;136,459856983787;53,8813145325412;1;1
774;138,450178298619;23,1612396686804;1;1
775;134,970971239161;37,8083755049855;1;1
776;138,328631916878;27,6419482898352;1;1
777;135,50349652649;18,8711801974514;1;1
778;139,103628177163;42,0780956294874;1;1
779;135,203423294289;32,1757902920786;1;1
780;134,878578261433;35,5154008941539;1;1
781;132,318271738895;7,13220541229966;1;1
782;136,577256697839;13,2504613943057;1;1
783;136,559987195582;31,8678720604795;1;1
784;143,821296325198;119,141952404957;1;1
785;139,982551740087;71,5782352863061;1;1
786;134,113570592269;14,3396408394091;1;1
787;132,134342729311;30,1431276870187;1;1
788;132,31190448686;5,61129581942414;1;1
789;135,171640803183;47,8761506454484;1;1
790;135,431313260369;9,99051282670049;1;1
791;135,19372114806;19,1168414007671;1;1
792;137,391998927786;13,0481998395142;1;1
793;134,922046611298;14,8587654691096;1;1
794;134,008741954556;21,6037050156872;1;1
795;133,324010948391;20,6064089048964;1;1
796;133,927258264808;24,9991363967276;1;1
797;137,091958772805;26,8791541175568;1;1
798;130,630551334786;30,9002193457308;1;1
799;135,143739569856;19,4857673187117;1;1
800;133,513546692586;26,6041526739771;1;1
801;132,514777689327;3,14036364332845;1;1
802;132,892927232915;29,4521561711445;1;1
803;137,242230015139;131,942559354134;1;1
804;134,603615148791;27,2548810117858;1;1
805;138,732819032144;69,9611948700844;1;1
806;137,864618569875;36,5837512861326;1;1
807;135,822941031289;35,2988028794109;1;1
808;138,095291880657;46,5140522842268;1;1
809;143,915094487883;126,216690740366;1;1
810;133,623618407956;11,0385015801461;1;1
811;135,149355438911;15,7319630273468;1;1
812;135,213251443022;32,4192696280726;1;1
813;138,898393583048;25,9665172266868;1;1
814;136,553090823996;45,644582683575;1;1
815;132,040043876875;13,2903295396008;1;1
816;139,014577339464;56,0833041046417;1;1
817;136,780089152019;85,4350516077853;1;1
818;132,609163644859;10,5055712500753;1;1
819;139,395947899316;59,3964195104351;1;1
820;132,180663093256;13,4404632527285;1;1
821;134,81935526704;8,26628648175788;1;1
822;138,881320100793;42,4663086733235;1;1
823;135,402505717734;48,6265016357792;1;1
824;135,00824489218;19,3532730349936;1;1
825;135,308703348832;38,9741310311073;1;1
826;133,673244858167;14,5305303819714;1;1
827;133,802279471782;11,4033349777614;1;1
828;132,96997775801;19,3744941709883;1;1
829;136,177919415559;22,547649274963;1;1
830;137,411236469311;48,8292498183433;1;1
831;132,889612091013;31,3409101916538;1;1
832;135,775834661204;54,2128703792129;1;1
833;133,260967941775;13,7976630922688;1;1
834;132,814497767152;11,9073272571425;1;1
835;132,45420296661;16,479313149027;1;1
836;134,571155984989;6,3768902662954;1;1
837;137,979881835798;96,0045648523896;1;1
838;135,777243002388;20,5891312468373;1;1
839;134,301936650721;16,8427731134266;1;1
840;138,183104590733;59,1138285483718;1;1
841;133,63964050278;13,4081161899896;1;1
842;132,426228451598;18,075057071538;1;1
843;138,646529611256;29,1511547315197;1;1
844;134,029308048401;26,5530162859617;1;1
845;136,888856946805;50,382147776377;1;1
846;136,329436769942;41,1391192560234;1;1
847;139,938096670089;104,36767071506;1;1
848;136,025246931777;37,5038833279711;1;1
849;133,482295097562;21,4740727932998;1;1
850;132,829881221336;32,3320973940745;1;1
851;135,674862205687;30,2560800766875;1;1
852;138,201451753754;79,5574233449713;1;1
853;133,901597413017;16,6731583083007;1;1
854;136,663903981887;41,4362262062298;1;1
855;140,275465882612;103,577022480709;1;1
856;136,456702545796;61,3109626774293;1;1
857;139,065510182908;53,2354285371204;1;1
858;140,218748226558;77,3358332400759;1;1
859;135,345856327057;71,5319146830131;1;1
860;134,850644318492;9,24720089909947;1;1
861;137,033363318855;40,3743448070634;1;1
862;134,720699262167;9,72213392481743;1;1
863;139,489165742186;86,0579156031568;1;1
864;132,501876249213;18,2303890047233;1;1
865;136,531158640761;37,9210833402864;1;1
866;133,929747543402;4,8802334875636;1;1
867;135,404715310411;15,3960129692963;1;1
868;134,000660328483;33,3571570955971;1;1
869;136,805031391887;39,752161126594;1;1
870;134,607634230696;24,9243390385749;1;1
871;136,729849477937;34,3536850291771;1;1
872;135,352290801555;24,2227656245239;1;1
873;134,771171961699;54,7995470304349;1;1
874;135,028698956623;13,9665809793005;1;1
875;133,941471911226;12,8696968734713;1;1
876;136,316476254098;46,192743869558;1;1
877;138,691380841748;46,9515456433133;1;1
878;138,370995841183;84,9372069832402;1;1
879;133,803206011399;15,5668203647131;1;1
880;137,949320691063;45,3468889395592;1;1
881;132,90265423332;16,9777784476297;1;1
882;134,190925509615;27,2564371887471;1;1
883;135,132594683657;22,7463239025124;1;1
884;133,561737532221;38,4097664219933;1;1
885;136,653196272136;21,8827325844167;1;1
886;134,271282658142;10,6946323018376;1;1
887;138,653734579087;94,4342665308929;1;1
888;133,892905041741;15,8449251611716;1;1
889;135,282164813927;18,9173064970814;1;1
890;133,17997411233;20,1199375690319;1;1
891;137,180590642294;39,5029137237753;1;1
892;135,32883736506;32,816132698997;1;1
893;136,09785822646;41,3029427111267;1;1
894;140,010237468157;67,7084992487253;1;1
895;135,747514348295;86,4187674688202;1;1
896;135,750494104905;32,2097986744205;1;1
897;135,570064634356;15,9335974591896;1;1
898;134,638596179571;8,88775149239849;1;1
899;133,168327170828;15,1500088982529;1;1
900;136,646931797477;53,0524111359852;1;1
901;135,169086367762;16,185545492283;1;1
902;135,362857577433;22,5106824516535;1;1
903;131,440176700926;2,72886339004064;1;1
904;136,02492031548;31,0475894435169;1;1
905;136,423506715739;15,8323113093254;1;1
906;134,70129221901;29,6935728639761;1;1
907;137,015508384532;55,4721232663616;1;1
908;134,575315119848;12,1210244532366;1;1
909;135,322253985245;34,5149536915384;1;1
910;132,338051596303;8,46532387504748;1;1
911;139,061475268744;55,9424467508181;1;1
912;136,349142474173;29,4758944363712;1;1
913;135,499294881107;11,3597858735407;1;1
914;138,935248531167;45,422651506547;1;1
915;136,297665218374;45,0637008312374;1;1
916;134,295496633405;3,17012014105978;1;1
917;137,218835826385;22,5328909347058;1;1
918;134,365932349338;28,9898124309317;1;1
919;133,602068274514;13,4944254907456;1;1
920;134,168678530799;10,2364646156228;1;1
921;135,989642232495;52,1852211440527;1;1
922;134,968127327605;12,1037221411776;1;1
923;135,250739518014;3,28323562577698;1;1
924;136,746783543254;33,7366827377093;1;1
925;134,020121018345;26,2948882648222;1;1
926;134,770581615646;27,9813876202873;1;1
927;137,314781650823;40,9784215659087;1;1
928;133,415385469928;12,5344198100196;1;1
929;133,437297878618;19,2736827088791;1;1
930;136,475754833171;66,3798177492265;1;1
931;138,380765688321;47,3564072128637;1;1
932;133,139678991218;12,2043216343038;1;1
933;135,594518358525;32,2132711144408;1;1
934;134,566604431851;6,33689228686403;1;1
935;136,689289073609;55,7796793606804;1;1
936;134,364604340004;7,98776795861922;1;1
937;134,171504396484;15,5437599855409;1;1
938;131,746752766538;7,19360323479528;1;1
939;138,944737566629;69,0936667264244;1;1
940;135,845455336875;59,7453951456123;1;1
941;132,997878982349;9,72650332149651;1;1
942;136,922265837749;11,5160977919216;1;1
943;135,247594443733;36,9111821230405;1;1
944;134,214688245669;30,542162561064;1;1
945;137,128634008538;31,2783943646709;1;1
946;132,87242559871;14,8408396154059;1;1
947;134,124296388616;21,6587131616972;1;1
948;134,396097237888;18,0700484687386;1;1
949;134,26741398886;17,3052223059091;1;1
950;134,673578986656;16,605192626314;1;1
951;132,987652129138;12,3980531901289;1;1
952;137,701103894685;58,5832187732683;1;1
953;133,134920034063;19,3885466863767;1;1
954;137,816777926198;24,800622518513;1;1
955;132,825052466288;9,92349616107812;1;1
956;137,253636862677;29,1468543498885;1;1
957;132,038451401358;46,8897751898753;1;1
958;137,559992993003;82,6232187489268;1;1
959;134,128074906599;19,4751754170867;1;1
960;133,248657236303;7,70375806742202;1;1
961;134,752845327168;17,1543478863245;1;1
962;135,53107034763;46,1237492783639;1;1
963;136,079114328358;16,7745922454587;1;1
964;132,762385868805;23,5502510156374;1;1
965;135,136771478775;16,4072180827899;1;1
966;137,79315196449;49,9210937146251;1;1
967;132,172305099809;30,8439062163777;1;1
968;133,78095399539;2,76599819163202;1;1
969;133,398992908197;4,59386771061392;1;1
970;137,330603015883;66,0446349092228;1;1
971;135,611601501392;13,2546936724235;1;1
972;133,831642162466;31,2027758306243;1;1
973;138,763710596157;84,0323305133324;1;1
974;134,395485563855;36,625968768206;1;1
975;134,491707773;18,3995049477493;1;1
976;135,222633683465;19,4999421623243;1;1
977;137,937514136773;51,449257806645;1;1
978;138,109755516158;105,510788697764;1;1
979;134,396569874421;27,3409662320107;1;1
980;133,138857891517;23,3047238768326;1;1
981;135,670279475244;69,1616061825446;1;1
982;142,533618574982;185,999144696465;1;1
983;134,449411709123;21,9460005898748;1;1
984;132,986771095487;3,12288397136442;1;1
985;138,14968577021;118,974352463112;1;1
986;133,0104621565;15,6150236116428;1;1
987;135,055896331015;32,9696219629399;1;1
988;138,892480286209;45,3497163350209;1;1
989;137,137172957401;59,5849760819635;1;1
990;135,599923889581;32,0667220442474;1;1
991;135,036047059714;8,88950858530873;1;1
992;135,530498622718;75,9002018251721;1;1
993;139,410146562944;120,251296415079;1;1
994;135,001858800261;27,9856097881027;1;1
995;132,522591702152;38,5136243634646;1;1
996;133,629444653142;32,1850230993818;1;1
997;138,803640082037;64,6877713360879;1;1
998;135,662280229006;15,4052983285615;1;1
999;135,502742116849;40,7495830722002;1;1
