0;61,8935983395597;13,7155419441517;1;1
1;60,2337841304682;23,8402701027792;1;1
2;58,3385942933837;21,6870541037884;0,9;0,9
3;56,9284022124594;4,63696382022497;1;1
4;56,0485022238723;5,78877619438288;1;1
5;58,3220918074436;17,1114556245554;0,9;0,9
6;60,6252829289246;7,04172180842588;0,9;0,9
7;57,6789222684732;2,46601574140379;1;1
8;56,4140538888639;1,95890735841803;1;1
9;55,904919637391;1,10059800790707;0,9;0,9
10;55,9225548853695;2,90845296455207;1;1
11;57,2819138939345;6,82186353269115;1;1
12;57,6396231392433;12,1999072913273;0,9;0,9
13;56,2464370222402;3,30964676659786;1;1
14;60,2115705938104;10,5836946364474;1;1
15;59,6598414842338;6,80384034512736;1;1
16;57,1147719792983;7,18623987236156;1;1
17;56,6055064915055;7,7249010632272;1;1
18;59,7015912592218;16,6451964570284;0,9;0,9
19;58,2572780596272;4,22953844257608;0,9;0,9
20;56,8108050416949;2,13706398375123;0,9;0,9
21;56,1549457592469;5,72512826035917;0,9;0,9
22;55,5005858002582;3,31813186240604;1;1
23;56,5858628280884;5,70243940860873;1;1
24;56,3406474963098;4,75089214963949;1;1
25;57,3581937840149;10,4549831194196;0,9;0,9
26;55,8831883693993;3,87855645659695;1;1
27;58,2792236401123;14,9546921495265;0,9;0,9
28;59,8252540011151;34,9803295140424;0,9;0,9
29;57,2716418875472;7,9706696565682;0,9;0,9
30;57,049512041941;2,2169395085066;1;1
31;61,6523478846754;23,4417196399054;1;1
32;59,8651239208644;28,4023248380834;0,9;0,9
33;58,3749994154277;2,07855602525249;1;1
34;60,9752716831564;9,56072824104558;1;1
35;60,0912242469219;11,9807388571864;0,9;0,9
36;58,5096800425519;14,5224818625423;0,9;0,9
37;57,3583729254823;13,9166005179525;0,9;0,9
38;57,8765910192273;7,39341094895805;1;1
39;60,2850856671552;8,78096891515892;1;1
40;56,6761947125371;15,5264995582145;1;1
41;57,9835260063656;6,99433702020894;0,9;0,9
42;58,7531168723149;8,39634231960439;1;1
43;56,5862107832283;0,852563268419825;1;1
44;55,6917527961444;1,09899557139211;1;1
45;57,016548758282;15,4571410522722;0,9;0,9
46;57,2170246444435;7,66552316130259;1;1
47;60,4217975675187;13,7970821357607;1;1
48;59,2401583020055;16,9159252292219;0,9;0,9
49;59,02843202534;9,86540165617198;0,9;0,9
50;60,1921737605302;24,3203488750479;0,9;0,9
51;59,5352508042001;13,2220366167647;1;1
52;61,5527035827646;6,37583039658137;1;1
53;55,2038026056599;12,3738601656843;1;1
54;59,395435096687;18,5308644101193;0,9;0,9
55;56,6317120229881;5,76079853047123;0,9;0,9
56;56,331760816848;12,2724524267854;0,9;0,9
57;57,1665320203975;17,4538494830092;0,9;0,9
58;59,2914752538867;10,4512515841638;1;1
59;55,8417141941568;4,72632840349569;1;1
60;57,2289923764168;5,62128455875082;0,9;0,9
61;55,3715105129228;3,42055231108915;0,9;0,9
62;56,6544350206054;3,36943784097427;0,9;0,9
63;54,5424417063407;2,95232389276972;0,9;0,9
64;59,4969573088955;19,4284317692407;0,9;0,9
65;59,7767037886311;13,2140408903056;1;1
66;61,0882402644762;24,1284065991972;0,9;0,9
67;58,006746377831;3,62451877983433;0,9;0,9
68;58,2479550969098;3,09371213505357;1;1
69;56,6227155018601;6,92173620127178;0,9;0,9
70;54,8151359743703;11,2290323177569;1;1
71;55,5223608511049;3,01258561611312;1;1
72;56,9926884223976;0,783060162382803;1;1
73;55,3639107154418;2,37831452366646;1;1
74;55,8153246207294;2,35262628055986;1;1
75;59,5920967058468;10,0362421457365;0,9;0,9
76;56,1891351645543;12,3179524332229;1;1
77;57,2536930385958;36,7142272903666;0,9;0,9
78;54,6444947042015;0,763463507898777;1;1
79;56,2372058464116;4,08337908066524;0,9;0,9
80;55,5998312356476;3,69343571277532;1;1
81;60,5481122256269;25,7143319370293;1;1
82;55,3080371008319;1,98102173712755;0,9;0,9
83;56,5748476033974;0;1;1
84;58,213381410539;15,1044746264799;1;1
85;60,2352724063973;24,2894232205094;0,9;0,9
86;55,5248723035734;0,671622413539547;1;1
87;56,7767574228195;0,954925784341834;1;1
88;57,2056312187129;0,751934202995429;1;1
89;56,3997013020598;6,28699479111688;1;1
90;56,3694237351169;5,81167181439503;0,9;0,9
91;58,7172557876099;14,8369680086534;1;1
92;55,0094256512812;4,21174098847971;1;1
93;56,7749942730228;2,9882015997871;0,9;0,9
94;60,1333449862133;15,9452239929865;1;1
95;56,3302279189707;3,66078009067821;1;1
96;55,0883956687529;3,42891877217567;0,9;0,9
97;56,6900255004149;7,63984820897291;1;1
98;55,2574768667022;2,60513409572893;0,9;0,9
99;57,5407489249585;14,6769569631837;1;1
100;58,155149505449;10,2842097149591;0,9;0,9
101;57,1159992793629;5,60786284132792;1;1
102;56,9703852713147;7,83912275725533;0,9;0,9
103;56,4746434800279;2,83757005627472;0,9;0,9
104;60,2244778741324;2,83178258234363;0,9;0,9
105;57,6960892622899;9,11426773941935;0,9;0,9
106;57,301842810664;13,304171756396;0,9;0,9
107;58,0005187761244;4,54593630627023;1;1
108;57,6835705522635;1,57745985275179;1;1
109;54,5467053626304;3,07422532046776;1;1
110;57,1306696487398;4,53640774729303;1;1
111;58,5077371266974;9,73697106570285;0,9;0,9
112;57,4840183063763;13,9608159571454;1;1
113;59,1227214910291;7,470039676866;0,9;0,9
114;57,1789422287974;5,68014107066659;1;1
115;57,7748907255403;8,17216156847312;1;1
116;59,5003644617655;23,2213069014388;0,9;0,9
117;58,3378498417044;10,7127086926127;1;1
118;60,4695145115499;20,2317793167986;0,9;0,9
119;58,8644636183442;13,9658827910639;1;1
120;57,3471025462117;10,0337696323944;0,9;0,9
121;58,7411222774511;17,7491627656383;1;1
122;54,0657907033351;10,4871494889401;0,9;0,9
123;62,0203352172857;29,2039656221502;0,9;0,9
124;55,7782053042047;13,9513040118664;0,9;0,9
125;57,7598983690121;16,1374621993288;1;1
126;60,8364909108498;23,464582642099;0,9;0,9
127;58,293208733669;4,94228262388252;0,9;0,9
128;56,0118438788796;8,81193178584355;0,9;0,9
129;56,6782933760152;2,0824329162787;0,9;0,9
130;57,7310907741537;8,5662317547022;0,9;0,9
131;56,8756925450832;13,6920081096045;0,9;0,9
132;59,6047578811418;9,51568288001101;1;1
133;55,7273573142232;0;1;1
134;61,0659662390751;31,9789341066493;0,9;0,9
135;59,7425759961313;28,8760147620597;1;1
136;55,7653486645108;3,59901303764519;0,9;0,9
137;57,3995170685748;9,39871666568489;1;1
138;54,9703729545142;2,97894516928082;1;1
139;59,1498803339422;7,8933689821485;1;1
140;57,2016100287182;3,62006909163316;1;1
141;57,6436294888469;11,5596522225606;1;1
142;59,2212034405293;8,70058294341762;0,9;0,9
143;56,0399294400549;5,42034402472654;1;1
144;56,6366275876174;11,2314471903885;1;1
145;53,8355698661062;1,11823089104321;0,9;0,9
146;59,3825696802918;15,0194149868548;1;1
147;58,4637040504259;2,81439187831181;1;1
148;57,8078155142582;5,43678147881806;0,9;0,9
149;54,7451724139939;10,0482613335079;1;1
150;56,3041412489781;3,71810417972809;1;1
151;57,8627607273537;5,32239144930416;0,9;0,9
152;59,320578129962;15,7070000084423;0,9;0,9
153;59,0956293974424;24,2009743800798;0,9;0,9
154;61,4371157223607;25,1461479077679;0,9;0,9
155;57,0268046197169;3,93293194821155;1;1
156;55,4384190911578;0,969270508296152;1;1
157;57,4810624097675;4,69858923255948;0,9;0,9
158;60,5894813125564;9,70152766645811;1;1
159;59,1000652573845;16,1255414437955;0,9;0,9
160;58,488014468793;17,7385152463259;0,9;0,9
161;57,6505392286838;13,9580234881707;1;1
162;55,8937661562452;5,2912392352264;1;1
163;60,4364630522833;16,659352814954;0,9;0,9
164;57,5310843296481;15,9352755256689;0,9;0,9
165;59,3131550076805;16,6032748813893;1;1
166;57,1581249686056;4,77079144422732;1;1
167;56,0591511993633;1,7252357624279;1;1
168;56,1207170110683;3,26529225123098;0,9;0,9
169;55,2456040542801;1,51820524004402;0,9;0,9
170;56,6080832422894;5,84464878868102;1;1
171;57,2913832135998;5,90196933438874;0,9;0,9
172;60,1383929357318;15,8059012668287;0,9;0,9
173;56,5819434596574;11,4392855309547;0,9;0,9
174;61,5157232370976;24,3074632219951;1;1
175;58,998697330126;22,9434566637054;0,9;0,9
176;61,5125007279971;25,1033671598568;0,9;0,9
177;60,6704884956715;21,2567374232609;0,9;0,9
178;56,135670747311;14,0593638490393;0,9;0,9
179;55,9055641382362;1,9704212331883;0,9;0,9
180;58,6754504098248;11,6836928532126;1;1
181;57,4193104899723;15,882535652469;0,9;0,9
182;58,8182945985351;12,2469494959145;0,9;0,9
183;58,6439439331205;3,43168467679249;1;1
184;56,8119111524051;9,01380604823751;1;1
185;54,9408907360595;0,472910199081089;0,9;0,9
186;59,9673310837834;20,378200210243;0,9;0,9
187;60,920382322018;29,1486555723785;0,9;0,9
188;56,6447313765105;3,77926789715711;1;1
189;56,2010496066501;7,714479556938;0,9;0,9
190;55,775702967545;6,71189531639563;0,9;0,9
191;59,6343042392189;21,6969577023084;0,9;0,9
192;57,8388795537928;6,6338127668632;1;1
193;57,1458693802357;18,9691251038213;0,9;0,9
194;57,7055673160421;6,92776839564161;0,9;0,9
195;57,8090996231033;10,2115281530496;1;1
196;57,772002144874;16,1083710385969;1;1
197;59,0897071400337;25,0115552091518;0,9;0,9
198;58,0905952549909;20,8840261555449;1;1
199;60,7974039040653;11,9968654193563;0,9;0,9
200;56,6166648648884;9,49295793234765;0,9;0,9
201;54,2016744599117;0,990616269518706;0,9;0,9
202;62,8863394913121;24,1201699014098;0,9;0,9
203;63,7626327748032;24,2455501817607;1;1
204;58,3426179314776;4,94952825213949;1;1
205;56,0547351617382;0,858480391512796;1;1
206;57,0510010497063;4,79151302964429;0,9;0,9
207;60,9163864542503;17,0034610916328;0,9;0,9
208;55,6568127942108;3,17194933897248;0,9;0,9
209;55,9075290884413;8,28659829156474;1;1
210;59,9165082518929;15,531915011025;0,9;0,9
211;59,941735025614;34,3480271723771;1;1
212;55,4032213367785;2,09676906850209;1;1
213;57,9940028881578;5,03978754830657;1;1
214;58,4429849128422;8,48592802797742;0,9;0,9
215;55,1664769617677;0,667773212368865;0,9;0,9
216;60,3966141260243;31,9116229616029;0,9;0,9
217;56,256083300683;3,85672516151817;1;1
218;56,6218138810636;8,18243262742632;0,9;0,9
219;56,6267564854586;3,93950022912957;1;1
220;57,9057615588075;8,72704750178468;1;1
221;57,3496341314476;8,98023632560314;0,9;0,9
222;55,9944817836664;0,526966047282777;1;1
223;61,2464353893872;25,7173881693107;0,9;0,9
224;57,9108264457285;9,03323849901957;0,9;0,9
225;56,3404740234363;1,84980636141119;1;1
226;58,2767140655748;5,83030426116484;1;1
227;61,1339302855432;30,4033612628061;0,9;0,9
228;57,7024950395733;8,16553110092964;1;1
229;60,9073191343135;12,8756998544146;1;1
230;57,6847646200752;8,74266664327214;0,9;0,9
231;59,2844889917915;5,95811985233334;1;1
232;56,8029794429234;12,5841924226069;0,9;0,9
233;57,6985267836394;10,184153018551;1;1
234;60,4544195927266;21,1877642493138;1;1
235;56,7306944809434;1,14273091735857;1;1
236;56,6991464253554;3,8682854371209;1;1
237;58,7290979376301;14,5603838396124;0,9;0,9
238;57,3226770400643;4,6418740205674;1;1
239;56,9561695921882;12,266041252375;1;1
240;56,1008986685097;0,986830362195338;1;1
241;60,5600720847637;16,5977758977433;1;1
242;60,3278503493765;10,9106605909624;1;1
243;57,3835614814701;7,30066224700827;0,9;0,9
244;59,0550861693808;17,2193922233406;0,9;0,9
245;56,6063946148188;2,04253091061691;0,9;0,9
246;59,0722645116218;12,0710334911212;1;1
247;55,9687125049167;10,8247459457411;0,9;0,9
248;56,7594156145597;3,32299609717195;0,9;0,9
249;57,1727600585642;9,46255909422648;0,9;0,9
250;57,8344339457368;5,16821856735717;1;1
251;62,939773600763;41,3123393137058;0,9;0,9
252;57,0036280069545;1,17929767418428;1;1
253;57,8920258912268;6,34637322009966;1;1
254;56,5372326482377;5,66958614684251;0,9;0,9
255;57,0381384349212;3,48254998590735;0,9;0,9
256;64,3380386361342;34,5384654337237;1;1
257;55,8103404599726;16,0669646571142;0,9;0,9
258;56,9303939525871;3,66456659372515;1;1
259;56,5847161125754;2,40874171838563;1;1
260;55,7982292075904;1,76101888472901;0,9;0,9
261;58,0515962075422;13,2323920691087;0,9;0,9
262;56,9422609303623;7,89357766194091;0,9;0,9
263;57,4685615001278;3,16806325843221;1;1
264;55,5477719120855;1,4958537590665;1;1
265;56,6426277812705;9,05773700758246;1;1
266;55,2931894286669;2,04492090501022;1;1
267;57,8874613963611;3,98765139509142;0,9;0,9
268;56,9661869199577;12,612274640477;0,9;0,9
269;57,9280030897386;2,97966305190633;1;1
270;57,3082325662164;3,58770635909129;0,9;0,9
271;57,1911740195227;10,2508808734398;1;1
272;55,4580916558805;6,35957098679929;0,9;0,9
273;57,0058617692838;1,03635594242332;1;1
274;59,7146805161322;8,67743648318404;1;1
275;56,4220230882189;14,8680201182425;0,9;0,9
276;57,2649968954865;4,24665621355831;1;1
277;54,2104761773532;11,5029297792952;0,9;0,9
278;57,0018554918213;9,77795117852023;0,9;0,9
279;57,0016130645772;1,23368885149865;0,9;0,9
280;57,8625900765165;14,9577358087915;0,9;0,9
281;56,2750466757153;8,33934260328243;0,9;0,9
282;60,4890622357437;11,0865028478811;0,9;0,9
283;59,4537844933363;10,9826713677656;1;1
284;58,185728745914;15,2664159347909;1;1
285;56,1835789493228;1,69029058220931;1;1
286;60,7352538738922;22,3066843282461;0,9;0,9
287;58,9699270254924;13,2270778078087;0,9;0,9
288;56,6836565164418;7,46356457857611;1;1
289;60,0833025391311;6,08330252254861;0,9;0,9
290;56,731306587908;6,03948050563928;0,9;0,9
291;55,9703211753869;0,893750984705724;0,9;0,9
292;56,021102699934;2,27801902366993;1;1
293;55,1279541251167;14,2920054663545;1;1
294;60,807711445491;21,2346153656042;0,9;0,9
295;55,7770848390289;10,4962780682596;0,9;0,9
296;57,192478746903;10,8271460730736;1;1
297;64,3813564581123;38,9511218961422;0,9;0,9
298;55,855239046125;5,8168642702208;0,9;0,9
299;55,1294248903449;4,59255309460774;0,9;0,9
300;54,6808760897739;16,229455848628;0,9;0,9
301;56,7173177383032;12,1977473020288;0,9;0,9
302;59,7506357943041;9,32638179430448;0,9;0,9
303;55,907172037409;0,852745491032259;1;1
304;58,8773396988491;15,676852953621;1;1
305;54,7975876642247;1,23791890444183;1;1
306;56,6044570619685;6,20300995831494;0,9;0,9
307;62,4546119508154;41,9928228845182;0,9;0,9
308;60,5298934707155;8,25297031513654;1;1
309;55,2319285928073;9,32805503757776;0,9;0,9
310;61,2343220680845;32,9889943278176;0,9;0,9
311;58,8312389901948;5,30805992414806;1;1
312;60,4619967800962;4,71257910893046;1;1
313;58,9313116307069;8,91256767972631;1;1
314;58,5299377036521;20,5973799001107;0,9;0,9
315;58,3012781581643;4,9690427542341;0,9;0,9
316;57,0419522654254;7,13580600074205;0,9;0,9
317;55,760453167409;0,503042310184129;1;1
318;59,3881237359631;12,3414709935044;0,9;0,9
319;55,5058539629953;10,2398467072608;1;1
320;58,7945415504618;6,39361768248621;1;1
321;59,8294632792773;14,0213540709962;0,9;0,9
322;57,8700838220952;2,10829514892141;0,9;0,9
323;56,6941864848363;8,90340136278478;0,9;0,9
324;55,2305401609948;10,0771669430261;0,9;0,9
325;56,8728380433382;9,44265257774984;1;1
326;59,2676607537599;6,4904735768691;1;1
327;58,3580654770927;22,5482813641668;1;1
328;57,2915164822255;10,1202250999873;0,9;0,9
329;57,4504911241584;11,8103164434686;0,9;0,9
330;57,6213995768796;11,1798428684965;1;1
331;55,7353461946504;3,02457509255347;0,9;0,9
332;58,0492684273149;8,98764319098037;1;1
333;56,9989390672384;11,6199858347469;0,9;0,9
334;59,6880877614378;22,8853610498304;0,9;0,9
335;57,7179399102825;1,38093467939465;0,9;0,9
336;57,9553853387787;6,69476805893602;0,9;0,9
337;57,4822750795553;15,9461404440215;1;1
338;56,4898434944498;18,3241831668865;0,9;0,9
339;59,3388588851638;16,8270791938836;1;1
340;55,9056698920315;0,357989100583438;1;1
341;57,7324225155618;1,74337624406233;1;1
342;57,7430680657558;15,7624205872931;0,9;0,9
343;58,5580676741969;10,4812185228107;1;1
344;56,9701123912571;0,853048309694858;0,9;0,9
345;59,3348268538745;9,34889423524699;1;1
346;59,5765677385706;6,70525418830404;1;1
347;56,9331083590693;4,82218298552474;0,9;0,9
348;55,697036542152;7,1290125395213;1;1
349;57,392523107996;17,4144856392903;1;1
350;59,9192883638242;23,9013893306067;0,9;0,9
351;59,2364786364763;9,26418923221157;0,9;0,9
352;55,820764857226;0,937890057888927;0,9;0,9
353;56,6959414151347;2,66277114977862;1;1
354;56,870188150275;3,4894750570819;0,9;0,9
355;54,8882043356804;1,13920725792489;1;1
356;56,9518596946829;2,55406766373598;0,9;0,9
357;55,7887346281439;6,55235937054607;1;1
358;57,675254666814;9,23154665503735;0,9;0,9
359;54,7751956111114;1,96525736439883;1;1
360;57,4399069688808;13,0291721769675;1;1
361;65,7390927612623;34,6094764677696;0,9;0,9
362;58,3884893740248;9,35820770300374;0,9;0,9
363;59,8060283562919;13,6431895495728;0,9;0,9
364;62,4695986204351;23,0497625677978;0,9;0,9
365;57,8330145300842;7,28762590948503;1;1
366;54,244645632259;1,24684866359128;0,9;0,9
367;58,0193042211569;16,8748142415442;0,9;0,9
368;56,6075327217656;12,953605383386;1;1
369;57,5481410379358;7,29318448889306;0,9;0,9
370;56,2372015848268;11,2302591091475;0,9;0,9
371;57,3150813104163;17,9934603052104;1;1
372;58,290698666047;16,0069888558563;0,9;0,9
373;58,902655731092;9,38620664716785;0,9;0,9
374;57,6043862044723;13,0260472799466;0,9;0,9
375;57,4146086600047;2,29497581248583;0,9;0,9
376;57,291816868877;5,13059863462732;0,9;0,9
377;58,7381348023488;18,9758724016118;0,9;0,9
378;56,236701633329;3,57658030642041;0,9;0,9
379;55,9092676537081;4,78562887847462;1;1
380;57,0049618317464;4,16871531901769;0,9;0,9
381;57,3730418567076;0,601008301389555;1;1
382;60,2874628467418;8,93813366819685;1;1
383;56,0618851516859;18,8699991142607;0,9;0,9
384;55,1717888718069;9,68787034312839;1;1
385;57,9899615687833;2,83403942787997;1;1
386;56,6235341878653;0,842339732392473;1;1
387;57,8226185879196;30,5596694205906;0,9;0,9
388;57,8280601428479;2,26293026031812;0,9;0,9
389;57,2874784401897;28,1010521879548;0,9;0,9
390;58,1245858384995;15,9705961902289;1;1
391;56,5614510294497;5,767445580305;1;1
392;58,0235521847687;18,437747446273;1;1
393;56,5389501963825;17,25288991737;0,9;0,9
394;57,8408542297246;13,3918491276898;1;1
395;58,1578178764932;6,35287633183919;0,9;0,9
396;57,5372647109969;4,742265358039;0,9;0,9
397;59,9160477557072;21,4159355225477;1;1
398;59,2980234799789;26,1521260976751;1;1
399;58,2257168554432;6,43429707500405;1;1
400;61,4526024933717;31,4776922147082;0,9;0,9
401;55,952838987552;27,4691268565959;0,9;0,9
402;59,7666302261388;24,7588658380248;1;1
403;59,1700006096648;24,6821606173075;0,9;0,9
404;57,6991911233793;7,60183988605414;1;1
405;57,198785853002;6,76896958302272;0,9;0,9
406;59,0959611644887;12,4978097009243;1;1
407;58,0769218574608;2,53449119723215;1;1
408;54,983102754466;8,40994360512478;0,9;0,9
409;57,320046623975;8,34148798175644;1;1
410;56,2932353111564;2,01984309987028;1;1
411;57,1741408651303;1,46028102776377;1;1
412;60,0124718397893;30,6656208075445;0,9;0,9
413;57,4127891616295;8,88065299698664;1;1
414;62,911252513612;19,6559790981082;1;1
415;57,0561741456385;10,152794614389;0,9;0,9
416;58,1238673730603;5,66621704351522;1;1
417;59,1830387879919;13,6422389316195;1;1
418;56,5662048556812;4,59230303707754;0,9;0,9
419;55,3033056032614;3,32537794975921;0,9;0,9
420;56,9357159103132;4,6771606504758;1;1
421;57,0129711295207;11,9620561500328;0,9;0,9
422;59,3882309869759;23,7691520334569;0,9;0,9
423;57,0133091868014;6,11140969554708;0,9;0,9
424;56,7101906089066;2,74000479847212;1;1
425;56,6656397039356;4,23171912010033;0,9;0,9
426;59,4364496123279;14,8090064350744;0,9;0,9
427;55,4279773899358;6,11867348019007;0,9;0,9
428;62,5007704347045;23,0285363629005;0,9;0,9
429;57,77830815951;16,0999671614941;1;1
430;58,280165666015;9,64648818989266;0,9;0,9
431;56,6284321971446;1,58877821630863;1;1
432;57,8169547196461;2,06780738795156;1;1
433;59,4326280428792;6,80834355747755;1;1
434;60,1295078217225;9,78008667670291;0,9;0,9
435;57,6153401380133;6,16639149124825;0,9;0,9
436;56,5040855285592;16,5635197283467;0,9;0,9
437;56,8037611666468;7,27546574766418;1;1
438;55,6951653367599;17,0865229751979;0,9;0,9
439;54,5353657577743;5,85854000696386;1;1
440;58,6964496263178;7,65457455017015;1;1
441;58,2226801445659;10,0909121280593;0,9;0,9
442;57,0024604528824;10,1116512412274;0,9;0,9
443;58,4057354794229;8,18737566128357;1;1
444;56,9396673055448;6,28831620916313;0,9;0,9
445;55,7010198679057;3,85437520511867;1;1
446;60,7109910841949;31,4588915682323;0,9;0,9
447;54,1859717913447;13,8489647879012;0,9;0,9
448;58,5645370167208;5,74366374504314;0,9;0,9
449;56,7035477585003;25,023577831445;0,9;0,9
450;63,4727383954135;20,2284217188719;0,9;0,9
451;56,1731459248909;8,09845053303578;0,9;0,9
452;57,759847814501;13,7546872892264;1;1
453;57,3346992147023;9,35559833842767;1;1
454;57,5774956682652;18,9876174564402;0,9;0,9
455;60,2896934583326;29,0742785033901;1;1
456;58,8001033865314;4,67409133353382;1;1
457;57,2395668109899;13,934110819421;1;1
458;58,7475914414085;14,8148085885414;0,9;0,9
459;57,9661825418513;0,370990804008429;1;1
460;55,6421868612756;2,5760811501221;1;1
461;58,5556059449979;12,3521017999871;1;1
462;56,0061385498546;0,886950212916741;0,9;0,9
463;57,3171568013113;3,39396698338183;1;1
464;56,7696957722605;4,22352853049837;1;1
465;55,9402996626296;1,12081797612875;1;1
466;59,1585694244222;9,61962716364749;1;1
467;61,1917905905192;14,1116365868993;1;1
468;60,3399713781279;29,945587753695;1;1
469;58,1900109477736;14,5555613333114;0,9;0,9
470;57,1227601589287;29,6658436976561;0,9;0,9
471;58,8762316174796;16,350394055658;0,9;0,9
472;56,4555419696724;5,52401225338236;0,9;0,9
473;56,6860799664613;6,82957301686729;0,9;0,9
474;60,9535528522673;14,475699890792;1;1
475;56,9366639790775;15,1989625858187;1;1
476;58,9367025563521;21,4971874523287;0,9;0,9
477;55,7292251465804;9,00084673995093;0,9;0,9
478;63,2571306078651;39,3559165421785;0,9;0,9
479;62,9316292209623;37,6969123809912;0,9;0,9
480;56,5255616617847;2,76368178204191;0,9;0,9
481;61,4139514554914;28,5401370500957;0,9;0,9
482;57,2207074020444;6,1697809113533;1;1
483;55,6170742083923;0,968981566945459;1;1
484;56,3940368415973;2,26652188310087;1;1
485;58,7610951728615;10,3096863168187;1;1
486;56,4855807976921;3,53899845431027;0,9;0,9
487;58,2872408033756;14,3589599678348;0,9;0,9
488;56,9192281817389;15,6952868895494;0,9;0,9
489;56,5257467987164;4,11644140660711;0,9;0,9
490;59,3828506160816;10,8702235425102;1;1
491;56,2246748562277;1,20278032952847;1;1
492;55,6401290712173;4,59816582703677;0,9;0,9
493;59,7018476258788;14,8151198043541;1;1
494;55,4777962563378;0,686753779735355;1;1
495;58,1555188278857;19,3987966997049;0,9;0,9
496;58,6231425744243;5,27946373758018;0,9;0,9
497;63,6939851354463;39,698452880338;0,9;0,9
498;54,8944417325485;2,11629613828173;1;1
499;58,0810607401667;4,05063090539562;0,9;0,9
500;56,7028302464865;1,81206227191117;0,9;0,9
501;59,1340148116574;16,2629299602786;0,9;0,9
502;54,8126161058981;6,38530509199977;1;1
503;59,944664238506;17,9585842293627;1;1
504;56,7597434879239;2,34216948856202;1;1
505;56,9990942985388;5,03324900076025;0,9;0,9
506;57,7675622782508;4,11692023575394;1;1
507;56,7867656807521;10,5738873224744;1;1
508;55,2612613311761;2,33704946174323;1;1
509;56,8327839215;8,07429689496849;1;1
510;55,440396328316;6,71584730588901;1;1
511;57,2306958834338;0,646459883098263;0,9;0,9
512;60,1595165797281;20,2999858259212;1;1
513;59,7590352490696;5,91406183659909;0,9;0,9
514;59,8426714703287;22,8084146444299;1;1
515;57,3852013541712;6,19910102081535;0,9;0,9
516;54,7813889306381;8,94403085548453;0,9;0,9
517;56,9417711189992;19,8079248182399;0,9;0,9
518;57,4813548065356;8,70330739234627;1;1
519;54,6341560417408;18,6776535454977;0,9;0,9
520;56,1650076498687;10,7156871972302;0,9;0,9
521;55,5347831775379;9,76549658385493;0,9;0,9
522;59,3450181168563;9,6069052259462;0,9;0,9
523;57,6277646365903;5,71188524983148;1;1
524;57,488692864714;3,76983645371358;1;1
525;60,0354212827745;11,8402087902713;1;1
526;57,8768510813937;24,2492512643394;0,9;0,9
527;63,9705895979367;34,9314097315907;1;1
528;55,8119735130601;9,38889614901647;0,9;0,9
529;57,9481264157057;10,8171841619418;0,9;0,9
530;57,2269402236322;13,0620159488891;1;1
531;57,0369734109887;15,5182603789161;1;1
532;55,5061766662669;2,02125106732672;1;1
533;59,25404243074;9,83221896143762;1;1
534;56,591158855906;4,13126481968174;0,9;0,9
535;57,2021381237549;14,0031800958714;1;1
536;57,0194838868598;6,14859272695203;1;1
537;55,0905657619646;0,85141527066224;1;1
538;56,2467728696716;5,49648559442649;1;1
539;57,2702534319842;10,7024316102333;0,9;0,9
540;56,3966148494369;5,3645725616527;1;1
541;56,550228002362;1,88041759688574;1;1
542;54,8436785678287;0,992654081554367;0,9;0,9
543;55,7138992320191;3,49113195758192;0,9;0,9
544;55,7806062825673;0,495843109005431;1;1
545;55,9169507764834;5,78177476907097;0,9;0,9
546;55,8212607640113;9,99334466329792;0,9;0,9
547;60,8199260954557;19,6361373102522;1;1
548;55,4094742101689;2,76944336539867;0,9;0,9
549;60,281512797648;14,8506438703578;0,9;0,9
550;59,7841858972019;8,56515025772379;0,9;0,9
551;58,7978107711291;7,04274138417287;0,9;0,9
552;57,5288111488412;9,34591461850273;0,9;0,9
553;54,4666726720336;7,13385709621026;0,9;0,9
554;57,9374351159362;2,42102294178077;1;1
555;57,5539965057644;13,2900437314485;0,9;0,9
556;55,0951727452298;3,76273316945111;0,9;0,9
557;55,7446945431238;1,4590271453322;0,9;0,9
558;57,2307067624665;4,18106792408397;1;1
559;57,4193625881672;11,3838059135204;0,9;0,9
560;56,7663473244741;7,2030593387469;0,9;0,9
561;55,7502726555644;3,86526610514813;1;1
562;57,3416905219395;14,1230943114906;0,9;0,9
563;56,5169299336337;3,70836450004406;1;1
564;58,0318410259057;31,6499610008402;0,9;0,9
565;60,076646304012;11,9872210928439;1;1
566;60,1562808383334;17,4164731366691;1;1
567;60,6499631237295;5,51337688242292;1;1
568;56,8309206231844;1,1331015268191;1;1
569;54,3713689513634;15,1729636862022;0,9;0,9
570;61,8265076193615;13,3092388812154;1;1
571;57,172447463496;10,5920202820461;1;1
572;58,888909120364;19,641031027764;0,9;0,9
573;57,2693013061078;7,06419189496311;0,9;0,9
574;61,527131962142;28,62187428317;1;1
575;57,546111777302;3,71971987562353;0,9;0,9
576;55,8452062482872;6,44616504682013;0,9;0,9
577;60,2132332274593;27,7145236637161;1;1
578;56,1745725358549;10,3066325997578;0,9;0,9
579;59,4148627887732;4,47195833289636;0,9;0,9
580;61,2470755465081;12,0834776160935;1;1
581;57,5403089309671;0,919195795339725;1;1
582;57,5803585481323;4,39742339713631;1;1
583;55,3882557448367;10,7603862825458;1;1
584;57,4171479305962;9,70736535441293;1;1
585;59,6206306791599;19,243464962101;0,9;0,9
586;59,3105124437672;8,26807426434507;0,9;0,9
587;56,4537349779811;1,94183095596202;1;1
588;56,9152346862877;3,92781977359248;1;1
589;55,7742553570618;5,80952836849484;0,9;0,9
590;56,5312711989825;5,67330582435926;0,9;0,9
591;58,2042107439141;2,99920311624077;1;1
592;56,148300769719;5,57291772404585;0,9;0,9
593;59,0181577303799;15,9080260575815;1;1
594;60,9599084801562;16,3560126534489;1;1
595;57,4057337625589;2,57970724396707;0,9;0,9
596;55,1761225700276;3,83793315519907;0,9;0,9
597;56,9837947564597;3,6378407402599;0,9;0,9
598;59,5572657859936;6,59841666812042;1;1
599;56,9050585049063;3,76602386472438;0,9;0,9
600;57,3126127485066;13,4748635023705;0,9;0,9
601;56,9783664579297;1,58658811872321;0,9;0,9
602;58,0353315999697;5,73434788658691;1;1
603;63,4324585708158;25,4533312052093;0,9;0,9
604;57,9574396269164;11,2048988740525;1;1
605;62,7978053877537;39,5113396385346;0,9;0,9
606;55,5926369458273;5,29834564284465;0,9;0,9
607;58,8106424531242;9,43910826918932;0,9;0,9
608;57,8224436597687;5,82856217145057;0,9;0,9
609;57,5371955191283;12,9770578626201;0,9;0,9
610;59,2444480861595;9,09146114713269;1;1
611;55,7420608989509;4,94417612975826;0,9;0,9
612;56,3148488763886;5,82283905193324;1;1
613;56,213936400295;8,52031182389729;1;1
614;57,8280048877738;15,9869692806662;0,9;0,9
615;55,4547885097728;3,09927400076533;0,9;0,9
616;58,2312459073634;11,4289491950087;0,9;0,9
617;56,3966666799525;6,43942402472136;0,9;0,9
618;60,6453835025841;18,9442550607613;0,9;0,9
619;58,0929334883429;12,0681444423166;0,9;0,9
620;55,3360649738142;2,31505061416542;0,9;0,9
621;62,14844565794;24,5680292301565;0,9;0,9
622;59,4163031660165;22,9545515440678;0,9;0,9
623;59,9683820185044;6,63707200106223;0,9;0,9
624;56,6850198532338;1,24006020287336;1;1
625;57,8634442681696;4,00342630629086;0,9;0,9
626;55,4842117075146;6,77830485089316;0,9;0,9
627;56,700306807698;10,3090274989126;0,9;0,9
628;56,5119895390879;3,66898110083326;1;1
629;59,6018349837239;25,4521555622251;0,9;0,9
630;59,2533189099208;7,59085541605062;1;1
631;58,1000701138246;23,3444972690427;0,9;0,9
632;58,1249800391769;6,67789674826161;1;1
633;57,0648919903557;3,69442029836761;1;1
634;57,1572906425007;5,67715475040186;1;1
635;59,4327610125743;13,7669674171093;0,9;0,9
636;58,880689270626;6,81216215260439;0,9;0,9
637;57,6912560913763;2,82840639097298;1;1
638;57,0750452676864;2,88757417682046;1;1
639;58,4486614480871;9,29669771479754;0,9;0,9
640;58,4632009628817;18,1871908612377;0,9;0,9
641;58,421730365488;8,71417081056956;1;1
642;56,6214594461058;6,25322376814197;1;1
643;57,0619657114457;6,18226388199234;1;1
644;57,6366177343253;11,3772957885677;0,9;0,9
645;57,5117272746;6,11088054424044;1;1
646;55,7728616812755;0,84485052773136;1;1
647;56,9031266616643;10,3796830601548;0,9;0,9
648;56,0721583954865;2,92977797790225;1;1
649;58,0097940991835;5,51412273784924;0,9;0,9
650;59,7826919756628;30,4251470329683;1;1
651;55,8795815243787;1,00343462916539;1;1
652;54,8032901648855;0,81138961664133;0,9;0,9
653;58,1984258009584;6,16495534435821;0,9;0,9
654;56,7008889584013;14,2610652853509;1;1
655;61,0422290757664;30,4230811717136;0,9;0,9
656;58,3805083745696;7,28122440418388;1;1
657;58,5614917638041;5,90017911929663;1;1
658;56,7844698564476;7,44021048511198;0,9;0,9
659;59,6332901480902;14,7978571074315;0,9;0,9
660;56,5903248015185;5,68515938156838;0,9;0,9
661;57,5635867121943;2,81066002063477;0,9;0,9
662;54,3022431582641;3,99676106923904;1;1
663;55,7325862606594;1,4807840291107;0,9;0,9
664;60,57939024523;26,7211763667272;1;1
665;55,7858691047643;1,41446215240478;1;1
666;55,4791257801894;1,78002049386253;1;1
667;62,1997358155088;28,6970565609762;1;1
668;57,2977828164708;10,5852990839842;1;1
669;58,3970570409727;13,3730456694324;1;1
670;60,6801037177282;14,7470035729252;0,9;0,9
671;57,8762502343554;0,914773322715188;1;1
672;58,4426447159412;12,4672061047568;0,9;0,9
673;54,9859383187758;0,0208827671897858;1;1
674;58,465822732014;12,0660152171175;0,9;0,9
675;58,231146698945;12,7564665499084;0,9;0,9
676;57,2202753540064;8,50386040935427;0,9;0,9
677;56,9679017644052;0,125860715717783;0,9;0,9
678;56,5262952071216;10,0614819527792;1;1
679;58,8415947258489;7,99946945991319;1;1
680;56,5366905300155;14,9128273657399;0,9;0,9
681;58,2970918742539;19,1688178689813;1;1
682;54,2797872925382;5,56776524394291;0,9;0,9
683;55,3781500812826;2,77142784211869;1;1
684;55,3791388613347;4,14651811502329;0,9;0,9
685;58,9019899076779;6,28541534724856;1;1
686;57,19373051663;11,1132650347853;0,9;0,9
687;57,4252475118584;0;1;1
688;60,9409646381415;25,9814035378494;0,9;0,9
689;56,391647410379;4,46566914516596;1;1
690;57,1034686647885;11,2655232539543;0,9;0,9
691;56,5524155953204;9,56984550852317;0,9;0,9
692;57,3550708513642;18,8909661298331;0,9;0,9
693;56,450059506298;8,45008718221787;0,9;0,9
694;58,8481389704176;15,5781224289955;0,9;0,9
695;62,6127752521182;20,4309158669023;0,9;0,9
696;60,9997219790587;16,1778216924812;1;1
697;56,4795052405868;8,7625662123151;0,9;0,9
698;57,8407119485387;9,57116891788555;0,9;0,9
699;58,9499411320535;2,66564564397475;0,9;0,9
700;61,3458045487882;10,5241902090372;0,9;0,9
701;57,3549145007492;1,81501581868998;1;1
702;55,9980534202032;4,15566730864618;1;1
703;54,8655711769145;1,66137618073821;0,9;0,9
704;57,5108592102863;7,68509926466941;1;1
705;56,9000640534742;4,80635779568604;1;1
706;54,9747874609989;7,71944841769793;1;1
707;56,2454939318392;5,72817000463366;0,9;0,9
708;56,7489883689492;1,54781807201606;0,9;0,9
709;57,8021215156047;0,980681691158775;0,9;0,9
710;60,8007879967989;16,5026924675883;1;1
711;60,5035431209077;8,3151533923564;1;1
712;57,4965246344252;13,6439934550428;1;1
713;60,867375068634;14,2196598520206;1;1
714;56,631564043996;3,44777724533519;1;1
715;56,567233325011;0,65643937790431;0,9;0,9
716;56,7660208705677;3,52372286335343;1;1
717;57,77810052307;8,39339221825833;1;1
718;58,1085437348793;8,94529648316042;0,9;0,9
719;57,3742642532854;3,65578079246613;0,9;0,9
720;55,6751539718858;1,46287952579835;1;1
721;55,0655800994441;0,393839146445817;1;1
722;56,9461626115837;1,66959324553972;1;1
723;56,3006830885325;1,35591191980076;0,9;0,9
724;57,8713093419786;1,73229637923317;0,9;0,9
725;61,6213735471701;36,5556773837181;0,9;0,9
726;58,6285195232483;11,8870340776832;0,9;0,9
727;60,0400437700162;16,8023198527961;0,9;0,9
728;56,5478856834949;3,82118872944506;0,9;0,9
729;63,7489999102022;41,3548702405809;0,9;0,9
730;56,3039836757641;14,6576087779767;0,9;0,9
731;59,4716965404305;30,2950895969793;0,9;0,9
732;57,2693972287105;2,87131262073021;1;1
733;59,4200311663585;19,2165177485662;0,9;0,9
734;58,1454667559586;9,1664158791216;0,9;0,9
735;56,0145038141772;9,32246577727792;1;1
736;58,4261217154916;13,747936400651;1;1
737;57,4968269741824;1,55756291280727;0,9;0,9
738;56,0466589622383;1,27569200516032;0,9;0,9
739;58,1528098735625;2,69520353192531;0,9;0,9
740;57,6381040379952;4,46670503949228;0,9;0,9
741;54,9407041922635;4,50784673466758;1;1
742;56,0411100229489;4,419892174988;1;1
743;59,7019124628654;6,63834214323725;1;1
744;57,8937196914848;16,0029535868517;1;1
745;58,0736039763505;10,3116989113574;1;1
746;57,4716488466467;12,8380265814537;1;1
747;58,6626248361469;8,39787038914294;1;1
748;57,4351877355807;8,39806808405764;1;1
749;55,1901227903372;1,20592543324693;1;1
750;57,1265339880427;6,62629255582657;1;1
751;56,9829839321202;5,27373670790019;1;1
752;55,0402469326986;4,03370821084807;1;1
753;59,3331675303082;13,1083708757828;0,9;0,9
754;58,0283820174603;11,7430941082537;1;1
755;57,1506410769796;4,31529996918799;1;1
756;65,104504998469;47,7133709772654;0,9;0,9
757;59,1308935541519;20,5829104576661;0,9;0,9
758;56,448609098106;7,18314699959359;1;1
759;56,2602858907193;7,62662931449329;1;1
760;54,6449575224336;5,86970016915667;0,9;0,9
761;54,4726360983404;2,58349950070467;1;1
762;55,5708293339899;2,53431152356487;1;1
763;56,4457284070026;3,78827595734728;1;1
764;58,6347549657309;15,7718557520553;1;1
765;60,0481443765742;20,1416324653864;0,9;0,9
766;54,4894465860202;5,82553505114107;1;1
767;63,8340087346688;32,456769764431;0,9;0,9
768;56,32786277175;2,32796755442528;1;1
769;58,3447437524863;2,1883238788621;0,9;0,9
770;60,6418088658464;20,0070518750588;1;1
771;56,4122946561035;12,3117283178572;0,9;0,9
772;56,4235973926057;8,72172543202258;1;1
773;56,6573218190216;0,167698563415989;1;1
774;57,1557647137548;0,968079145243607;1;1
775;57,3892436403404;5,41772186337049;1;1
776;56,0749958359857;14,3255979008964;0,9;0,9
777;56,1976168291623;18,0374982773869;1;1
778;55,1849187000448;2,33817429994951;1;1
779;57,3235172262324;8,55062630873943;1;1
780;62,2733166021574;14,0704369027246;1;1
781;57,9619095020659;14,2960917721452;1;1
782;56,1069434462143;0,0667351901234383;1;1
783;54,6090511784181;3,81138631371993;1;1
784;55,8360442492377;17,5198848347662;0,9;0,9
785;65,3510539398505;40,4997401410129;0,9;0,9
786;59,9721464798956;15,5503002856628;0,9;0,9
787;55,3410097596757;18,2237643871704;0,9;0,9
788;58,0015171294072;10,1093194423843;1;1
789;54,7389766296176;8,17085581588237;0,9;0,9
790;59,0583441889308;18,8661403779667;0,9;0,9
791;55,7016502396264;17,9921013689465;0,9;0,9
792;55,2531179993886;3,29576304504846;0,9;0,9
793;57,3391900028076;8,91369409794438;0,9;0,9
794;56,7733637627198;1,2110016344442;1;1
795;58,5719437416528;22,2547216697349;0,9;0,9
796;61,5007423198398;12,1055996167073;1;1
797;57,0480939225896;6,81574128062231;0,9;0,9
798;60,2333669135521;27,9671331089078;0,9;0,9
799;55,6678467741029;7,29783114962376;1;1
800;57,7482400095936;11,8168729432811;0,9;0,9
801;55,4207776754647;6,495247195019;0,9;0,9
802;57,4898351478107;3,20065510478219;0,9;0,9
803;56,6063769662868;9,80127645314163;1;1
804;55,7497299943732;7,16980567545644;1;1
805;56,1042722661862;0,924928807750615;1;1
806;54,7920229877858;0,170709306975098;1;1
807;57,8828480426263;5,39777616480234;0,9;0,9
808;57,0962559207332;11,9234259749656;0,9;0,9
809;57,9774823343032;14,6318846043766;1;1
810;58,6208690045739;18,3433893051541;1;1
811;57,0547589108562;20,6670401279967;1;1
812;55,4190916465522;7,72958547207242;0,9;0,9
813;55,4988049994829;10,841870068825;0,9;0,9
814;56,4640442818372;1,51032081293749;1;1
815;55,6193229369013;5,76232617697053;1;1
816;57,1511766357635;5,68166762052959;1;1
817;55,6134716993642;3,57626944590154;1;1
818;55,9291284241887;13,0391525898742;0,9;0,9
819;54,2311541848153;3,40551520491868;0,9;0,9
820;54,7607716506392;2,34761259066499;1;1
821;56,7435853571543;4,4645201291576;0,9;0,9
822;57,5116072579772;3,21586356599785;0,9;0,9
823;64,6371386930806;39,8905605693723;0,9;0,9
824;56,1328550967197;2,45759144188617;1;1
825;55,6387374046972;10,9069113855691;0,9;0,9
826;57,5144976925106;2,7509974986373;1;1
827;55,2692906232965;9,36798222036246;0,9;0,9
828;57,4844886395231;6,40450112090575;1;1
829;54,8072399703091;4,73470145090687;1;1
830;56,7521113926328;16,1751947187566;1;1
831;58,129441526599;17,199797800541;0,9;0,9
832;56,1519328858487;18,0709419152038;0,9;0,9
833;60,8771829761511;18,3038019381472;0,9;0,9
834;54,8875972135609;3,29947379763381;1;1
835;60,0236594558914;7,81947439386585;1;1
836;54,0824831613975;9,70257104897898;1;1
837;58,5213099734117;2,20391397730764;1;1
838;57,5833518708188;15,4102667622484;1;1
839;55,9231264481903;2,56116115150572;0,9;0,9
840;56,1524110190708;27,4629079207688;0,9;0,9
841;59,40076331159;3,81967407330954;0,9;0,9
842;58,3019999101655;9,52544529556588;0,9;0,9
843;58,4873309679144;2,68829522530138;0,9;0,9
844;56,7981466789508;10,2347308375735;0,9;0,9
845;56,7462519725619;5,9504867050224;1;1
846;54,5201332545378;0,644725758793278;1;1
847;59,3661081553002;13,0099135889659;1;1
848;57,9339834120846;19,8325339051672;1;1
849;62,1627128630128;21,2322310037369;0,9;0,9
850;57,5493859596823;16,278620091584;0,9;0,9
851;58,0528578387908;9,34325147997086;1;1
852;57,2443923426414;5,40788702303267;1;1
853;56,903111206911;9,62326850101677;1;1
854;57,7722524756729;5,68209626681801;0,9;0,9
855;57,913632516606;2,68045339220954;1;1
856;56,2557268155191;0,180722332446742;1;1
857;57,4642892029227;16,1405340545195;0,9;0,9
858;56,5157726681673;3,47352055645251;0,9;0,9
859;55,7173267351902;1,65040426294748;1;1
860;55,2225709796836;7,87310092529345;0,9;0,9
861;60,7790716861434;19,6805158561949;1;1
862;60,2868114277064;5,43407624894789;1;1
863;66,3227593528865;31,2113023791837;1;1
864;56,1373674253373;10,311705090603;1;1
865;60,3589855697784;17,3785639262141;0,9;0,9
866;58,1175019331665;14,1980250760008;0,9;0,9
867;60,2043748253006;9,71740648246837;0,9;0,9
868;59,7636460483102;16,5145689825932;1;1
869;56,9818429568897;0,50087916498822;1;1
870;57,8334376183942;10,892764737537;0,9;0,9
871;58,4431716455973;10,4903169409788;0,9;0,9
872;59,6556807508781;9,38134497633912;1;1
873;55,9056922565484;5,91614614239221;0,9;0,9
874;56,0885017850155;0,454259010853576;1;1
875;59,5076348063925;13,1095882300716;1;1
876;56,8072212897534;5,20121501455936;1;1
877;57,1034374412529;6,21891885236434;1;1
878;58,5710680263035;7,79280660501542;1;1
879;62,0065626718078;41,5579612230693;0,9;0,9
880;56,5619112744406;17,6238755718236;0,9;0,9
881;58,9574601574198;24,176352965846;0,9;0,9
882;61,3971958090655;21,5361147791248;0,9;0,9
883;56,6908846275005;11,5683546544478;0,9;0,9
884;61,0909352750106;18,9233052393661;1;1
885;58,1553827532019;10,8395241647154;1;1
886;53,8626009564519;3,55265374569282;1;1
887;59,343986746538;30,1924684753538;0,9;0,9
888;58,8101710653508;13,8897975563746;0,9;0,9
889;56,9984070132849;6,15495411008677;0,9;0,9
890;55,5464425405408;1,86438068392512;1;1
891;63,7611011546948;19,7825303363645;1;1
892;56,2245453117939;15,4590678698266;0,9;0,9
893;57,2560230208603;6,48999952840812;0,9;0,9
894;55,6634680474072;9,40395425511545;0,9;0,9
895;61,1153634165312;21,1213747509952;0,9;0,9
896;57,6396953783636;8,95203696878987;0,9;0,9
897;58,644673599889;12,2349905851731;0,9;0,9
898;55,8126322866155;3,74776447739468;0,9;0,9
899;58,8532624463748;4,75348178333906;1;1
900;57,9169179516753;19,6440838933533;0,9;0,9
901;55,9571727850161;13,290531353901;1;1
902;57,9915221796337;8,25214114158084;0,9;0,9
903;57,3729471519072;4,82530826203539;0,9;0,9
904;58,2297493089596;16,1857573991819;1;1
905;59,7903731522194;14,1391825085722;1;1
906;56,6341855492724;2,67468765374896;1;1
907;56,3207308162224;2,91188417671627;1;1
908;54,711835794911;4,96508587628341;1;1
909;54,0126907964976;0,114320516106057;0,9;0,9
910;57,7537022043213;4,73527921385357;0,9;0,9
911;56,9416113010042;6,63279205607977;1;1
912;64,7358684104038;31,7732269900383;0,9;0,9
913;58,7342758435248;17,7071772773922;0,9;0,9
914;55,6362406055234;1,34696375355459;0,9;0,9
915;58,1250594396275;4,51448688645057;1;1
916;58,6742997101009;4,44439575968676;1;1
917;58,1422129741105;9,01984799941429;0,9;0,9
918;55,2055871322828;8,14958592915275;1;1
919;56,1732195163563;15,2922553190298;0,9;0,9
920;61,0796295696277;26,2229675699342;0,9;0,9
921;59,2361523733981;3,02312499090668;1;1
922;58,4835818584659;12,2129353430609;1;1
923;57,6078561539234;7,0970665612511;1;1
924;56,159555257159;1,45119165614329;0,9;0,9
925;56,1277994266982;8,28787544498778;0,9;0,9
926;54,5144772202663;1,38879385195003;1;1
927;57,3873653294726;4,25339767325963;0,9;0,9
928;57,5175359172567;15,8515557558977;1;1
929;59,7856005933965;8,8942988099558;1;1
930;55,7657243175961;16,6510732139512;1;1
931;57,252858483131;14,7692129491233;0,9;0,9
932;55,3865432493882;8,87300172604149;0,9;0,9
933;57,5048489292615;4,63962389081446;1;1
934;56,4452815357147;4,72779931618342;1;1
935;54,7655135916978;0,472297906018881;1;1
936;56,4737143911595;3,17334145977685;1;1
937;57,8730954382366;8,17943852241767;1;1
938;55,5177851925004;12,7975113999514;0,9;0,9
939;57,4401999621945;9,81847680007496;0,9;0,9
940;58,2412396932446;24,147023899252;0,9;0,9
941;57,1354583534553;4,8618887890357;0,9;0,9
942;54,5414038396767;6,59115868192115;1;1
943;55,9815954243288;2,36573290458022;0,9;0,9
944;60,1192706505638;17,5352830910467;0,9;0,9
945;57,5927210748228;2,995544298212;1;1
946;60,091056340503;10,3535463191806;0,9;0,9
947;54,6173008015028;0,922332409051277;0,9;0,9
948;56,1005231493718;2,65354674095829;0,9;0,9
949;57,287209154762;6,84000537579297;0,9;0,9
950;56,4922279173306;3,79553590500165;0,9;0,9
951;57,8275698312791;2,16725470086222;1;1
952;61,1500345088877;30,1077051012748;1;1
953;55,7326899818521;0,320210378239047;1;1
954;59,3631325593166;17,5127780767028;0,9;0,9
955;58,3194989742482;8,85589027966853;1;1
956;63,6767174636729;21,7917624722906;0,9;0,9
957;58,2810884271208;4,31197854378369;0,9;0,9
958;56,3960934659531;5,77283006377534;0,9;0,9
959;57,8104782218803;5,00293634033959;1;1
960;58,2234051222813;2,95600455302264;1;1
961;56,8832774121617;3,17580156618651;1;1
962;58,8206603889661;4,68137381506933;0,9;0,9
963;57,1093998964513;6,558217041116;1;1
964;61,6307688189243;15,5056029636894;0,9;0,9
965;56,5082078392652;9,10988771945727;1;1
966;58,2422638757518;2,02792133977421;1;1
967;60,9000382105891;36,4281089644642;0,9;0,9
968;56,5045339455918;15,7337943204326;0,9;0,9
969;60,8509423397592;22,0226955140351;0,9;0,9
970;58,8003287433907;10,2457980265023;0,9;0,9
971;59,8400961853892;11,8702151021779;0,9;0,9
972;56,2821776797829;6,1449441439245;1;1
973;58,6681064182352;2,10090911680609;0,9;0,9
974;58,2626617489276;19,2887964375574;0,9;0,9
975;59,7533977364313;24,7678042321144;0,9;0,9
976;57,700374064205;7,97108222775502;0,9;0,9
977;55,6665105881314;6,8754370074277;0,9;0,9
978;56,8759996575808;8,38161410448108;0,9;0,9
979;57,3466573027502;16,9142566797972;0,9;0,9
980;57,7570531005608;7,31431107560035;0,9;0,9
981;56,7198917592907;6,49857454700889;0,9;0,9
982;55,1875342325765;5,25015938082564;0,9;0,9
983;58,0095136753802;5,23967728171512;0,9;0,9
984;59,8499096541705;14,9251001026792;1;1
985;56,1039851351908;5,32770414880658;1;1
986;59,0073516087106;22,3607252224686;0,9;0,9
987;55,19243084907;16,6034326974009;0,9;0,9
988;55,8221642082919;9,00578027758672;0,9;0,9
989;55,3213976008651;0;1;1
990;56,8826426386385;8,89134310069437;1;1
991;55,4603960151696;5,51771912443627;0,9;0,9
992;56,8435045926463;0,944263599025586;1;1
993;56,751080040268;5,34296814010036;0,9;0,9
994;59,209759867748;14,6508916210158;1;1
995;58,3025491048821;2,55378144307628;1;1
996;58,8506435064195;20,1508243051907;0,9;0,9
997;57,1801635323978;14,7132906750843;1;1
998;55,6958454613535;1,3468243848565;1;1
999;56,310804010786;11,0786070835777;0,9;0,9
