0;369,921791387328;271,896637902657;0,98019801980198;1
1;372,548494175624;480,410681259331;0,98019801980198;1
2;368,935528047507;260,901606798429;0,98019801980198;0,99009900990099
3;369,93824582059;618,23415405817;0,98019801980198;1
4;368,269266978481;404,309122317668;0,98019801980198;0,99009900990099
5;367,497204162748;259,571040639568;0,98019801980198;1
6;367,482290296281;259,93756536465;0,98019801980198;0,99009900990099
7;369,967739428479;342,619418210983;0,98019801980198;1
8;370,737237517511;308,181311303554;0,98019801980198;1
9;367,642548408549;271,240526366048;0,98019801980198;1
10;372,082797228956;331,000153123321;0,98019801980198;0,99009900990099
11;366,876652191376;260,824146482898;0,98019801980198;0,99009900990099
12;366,880225170109;309,663904615696;0,98019801980198;1
13;369,574602716223;339,187621312889;0,98019801980198;1
14;371,48165053731;481,202747951625;0,98019801980198;1
15;369,403789915343;299,435904021137;0,98019801980198;0,99009900990099
16;372,308475786346;362,72570552554;0,98019801980198;0,99009900990099
17;373,808367282901;470,129700769885;0,98019801980198;0,99009900990099
18;368,712008318751;248,272044100527;0,98019801980198;0,99009900990099
19;367,938668455211;295,04855851112;0,98019801980198;1
20;367,899511982801;378,572383719752;0,98019801980198;1
21;367,007079228638;243,630609257154;0,98019801980198;1
22;371,636519949561;407,373647263995;0,98019801980198;0,99009900990099
23;372,495344814766;364,438295959538;0,98019801980198;0,99009900990099
24;367,53492233944;415,581183124592;0,98019801980198;1
25;366,655963472751;287,953850559601;0,98019801980198;1
26;369,06204722756;294,033415506708;0,98019801980198;0,99009900990099
27;365,985126986471;250,617758450798;0,98019801980198;1
28;367,277877154201;293,054287809154;0,98019801980198;0,99009900990099
29;370,904105352021;529,552131840474;0,98019801980198;1
30;368,606251575278;294,712330631678;0,98019801980198;1
31;367,058568583383;259,819136762047;0,98019801980198;0,99009900990099
32;372,401898013584;388,177260961622;0,98019801980198;0,99009900990099
33;366,880234381155;270,992874714377;0,98019801980198;0,99009900990099
34;369,883654682033;284,887242821354;0,98019801980198;1
35;370,943709779591;411,50021966094;0,98019801980198;1
36;374,729044057728;472,583733553209;0,98019801980198;0,99009900990099
37;369,714381516509;397,625989494043;0,98019801980198;0,99009900990099
38;376,492205886804;471,136811736003;0,98019801980198;0,99009900990099
39;366,337830586;386,516596920229;0,98019801980198;1
40;376,021675285217;556,900348484489;0,98019801980198;0,99009900990099
41;369,230659062755;291,170308385056;0,98019801980198;1
42;369,253908063943;246,604820810764;0,98019801980198;1
43;367,276620653077;410,400716952955;0,98019801980198;0,99009900990099
44;366,681572300575;297,948165329447;0,98019801980198;0,99009900990099
45;366,815296275832;453,317229063021;0,98019801980198;0,99009900990099
46;373,255033810479;241,34836257491;0,98019801980198;1
47;371,640823005184;335,895738968256;0,98019801980198;1
48;370,293018490534;302,526954641872;0,98019801980198;0,99009900990099
49;369,704256915553;387,98511752844;0,98019801980198;0,99009900990099
50;368,797479603888;392,937059196139;0,98019801980198;1
51;373,101356877292;382,3674880885;0,98019801980198;0,99009900990099
52;374,372232729527;374,955841702395;0,98019801980198;1
53;371,122530881657;394,487564059374;0,98019801980198;1
54;369,333309408524;254,954069525161;0,98019801980198;0,99009900990099
55;366,61677821808;434,980885231507;0,98019801980198;0,99009900990099
56;370,792712946079;504,581203133059;0,98019801980198;0,99009900990099
57;375,657720336599;540,768055850782;0,98019801980198;1
58;370,241993097685;283,32190619983;0,98019801980198;0,99009900990099
59;369,434833400262;372,080940448635;0,98019801980198;1
60;367,856120478908;321,099301805095;0,98019801980198;1
61;369,504570041411;285,996647329857;0,98019801980198;1
62;373,370511227961;329,779865942739;0,98019801980198;0,99009900990099
63;371,070409528493;314,79456965381;0,98019801980198;1
64;371,728538118814;467,83723829687;0,98019801980198;0,99009900990099
65;367,222895217276;289,690981795417;0,98019801980198;0,99009900990099
66;373,760975323395;476,57975046815;0,98019801980198;1
67;373,410989449573;524,445260083282;0,98019801980198;1
68;370,495044949389;449,507669514722;0,98019801980198;0,99009900990099
69;368,986962960409;292,26344430215;0,98019801980198;0,99009900990099
70;374,651791391107;571,268717739445;0,98019801980198;0,99009900990099
71;374,547131257419;579,509933410911;0,98019801980198;0,99009900990099
72;372,525927403237;675,744791903395;0,98019801980198;0,99009900990099
73;369,642525828163;329,104831144968;0,98019801980198;1
74;372,293117452046;370,059736713481;0,98019801980198;0,99009900990099
75;374,023104916948;353,971748124493;0,98019801980198;1
76;372,688150550921;290,568729797338;0,98019801980198;1
77;368,022473306662;496,642183786291;0,98019801980198;0,99009900990099
78;376,720888467921;426,038586372795;0,98019801980198;0,99009900990099
79;372,585043570942;457,817300076242;0,98019801980198;0,99009900990099
80;369,525425873001;339,989042260764;0,98019801980198;0,99009900990099
81;373,089621158736;598,826013045899;0,98019801980198;1
82;374,141396591624;753,273664929002;0,98019801980198;0,99009900990099
83;368,725136764868;360,106571824589;0,98019801980198;0,99009900990099
84;370,216531948702;437,993332517448;0,98019801980198;0,99009900990099
85;367,16961468849;301,576842784533;0,98019801980198;1
86;370,992994944266;556,517995806628;0,98019801980198;0,99009900990099
87;374,946971923801;862,113608004378;0,98019801980198;1
88;376,221078737102;534,962473197427;0,98019801980198;1
89;367,841513918212;268,593003567195;0,98019801980198;0,99009900990099
90;370,365177421001;351,439630806759;0,98019801980198;0,99009900990099
91;370,966047417853;409,160485803587;0,98019801980198;0,99009900990099
92;368,028088354782;218,7812857603;0,98019801980198;1
93;370,749541061891;373,635923805532;0,98019801980198;1
94;368,347926833162;273,408756285955;0,98019801980198;1
95;367,986292131227;325,498592561197;0,98019801980198;0,99009900990099
96;369,845519183209;442,074717904985;0,98019801980198;0,99009900990099
97;372,644190208089;499,598316792412;0,98019801980198;0,99009900990099
98;371,662182108255;378,773401208492;0,98019801980198;0,99009900990099
99;379,287064884207;507,533460160358;0,98019801980198;1
100;370,115106440482;235,829095305194;0,98019801980198;1
101;371,332485906365;421,672204469202;0,98019801980198;1
102;377,385198810499;648,729187056984;0,98019801980198;1
103;366,671946444909;229,506215066681;0,98019801980198;1
104;371,199308284893;367,264048379286;0,98019801980198;0,99009900990099
105;376,110282692886;834,103147629607;0,98019801980198;0,99009900990099
106;370,620698846821;439,741192364648;0,98019801980198;1
107;367,231884282365;306,170698042384;0,98019801980198;1
108;367,348503291452;426,607619251892;0,98019801980198;0,99009900990099
109;370,894850375081;344,667513674094;0,98019801980198;0,99009900990099
110;365,817106365466;233,560916725641;0,98019801980198;1
111;369,463349785959;304,328791484074;0,98019801980198;1
112;372,877541600867;386,596377905244;0,98019801980198;1
113;368,356275062071;369,980150136394;0,98019801980198;1
114;366,946210241234;258,478279861441;0,98019801980198;0,99009900990099
115;374,06268549702;610,09823286548;0,98019801980198;1
116;374,246883747283;369,565262495514;0,98019801980198;1
117;371,336777162016;497,53442024008;0,98019801980198;0,99009900990099
118;368,420591736008;261,362382980973;0,98019801980198;0,99009900990099
119;371,289585196573;314,362503901354;0,98019801980198;0,99009900990099
120;368,972056060033;233,981067791456;0,98019801980198;0,99009900990099
121;366,672649686971;360,528878197614;0,98019801980198;1
122;374,940326347486;713,205747946503;0,98019801980198;0,99009900990099
123;370,215464214747;352,532651028352;0,98019801980198;0,99009900990099
124;367,646139144031;278,437245821369;0,98019801980198;1
125;372,142218699392;403,169782531684;0,98019801980198;1
126;371,625203217045;542,295866519688;0,98019801980198;0,99009900990099
127;366,309377641176;218,282122650994;0,98019801980198;0,99009900990099
128;367,204414079197;290,083851887733;0,98019801980198;0,99009900990099
129;375,136771648303;549,565430137804;0,98019801980198;0,99009900990099
130;371,211233989013;448,025829451468;0,98019801980198;0,99009900990099
131;367,419181276736;481,51481258806;0,98019801980198;1
132;370,314937138062;359,002089307962;0,98019801980198;1
133;369,382837946627;470,344441628289;0,98019801980198;1
134;366,521366004029;310,200710421867;0,98019801980198;0,99009900990099
135;369,935297683866;411,31592740715;0,98019801980198;1
136;371,699603552282;471,725224901826;0,98019801980198;0,99009900990099
137;376,341825571817;540,157910395959;0,98019801980198;1
138;366,559521648622;272,575024483939;0,98019801980198;0,99009900990099
139;367,255757253996;310,807678179251;0,98019801980198;1
140;371,712382209016;264,411577604963;0,98019801980198;1
141;368,804900970722;277,80761691677;0,98019801980198;0,99009900990099
142;369,513070414116;331,244738833179;0,98019801980198;0,99009900990099
143;368,786765933782;259,168566755647;0,98019801980198;1
144;369,628794399859;505,186808609021;0,98019801980198;0,99009900990099
145;370,282715213477;311,184686140477;0,98019801980198;1
146;365,417067665164;222,622265404125;0,98019801980198;0,99009900990099
147;377,625463419884;629,52997161556;0,98019801980198;0,99009900990099
148;371,097321878507;284,422914791212;0,98019801980198;1
149;374,157497554068;458,860839314327;0,98019801980198;1
150;366,835692464355;345,30349548551;0,98019801980198;0,99009900990099
151;369,156970364217;275,085310224595;0,98019801980198;1
152;369,926112914482;294,863458092035;0,98019801980198;1
153;366,740020820463;354,586839477675;0,98019801980198;1
154;367,278309452861;249,129446026623;0,98019801980198;0,99009900990099
155;370,415904318331;404,012214109807;0,98019801980198;1
156;367,967052894645;288,752904605479;0,98019801980198;0,99009900990099
157;369,98444646262;328,348696048691;0,98019801980198;1
158;370,889211581471;537,366361321138;0,98019801980198;1
159;371,706118118954;517,483627565128;0,98019801980198;0,99009900990099
160;370,31165473385;323,401120347465;0,98019801980198;0,99009900990099
161;373,810160652746;405,149522275305;0,98019801980198;1
162;368,358745847954;267,547809654488;0,98019801980198;1
163;372,001217290383;396,010348838029;0,98019801980198;1
164;368,302207278569;326,663269990999;0,98019801980198;0,99009900990099
165;373,346845648337;430,579318680877;0,98019801980198;1
166;372,025139154053;372,422327649337;0,98019801980198;1
167;369,618847893527;382,298830136696;0,98019801980198;1
168;367,030873036549;336,728080864274;0,98019801980198;1
169;367,782516987779;272,60949293145;0,98019801980198;0,99009900990099
170;369,472618167795;398,83914933846;0,98019801980198;0,99009900990099
171;369,472333363518;284,591976522013;0,98019801980198;0,99009900990099
172;368,442338436696;463,575280583149;0,98019801980198;1
173;371,28065594119;476,018850037537;0,98019801980198;0,99009900990099
174;370,087935346097;269,477765762384;0,98019801980198;0,99009900990099
175;370,635877109394;301,581379419518;0,98019801980198;0,99009900990099
176;373,300325609408;494,740045651227;0,98019801980198;0,99009900990099
177;374,010394794247;317,781130167241;0,98019801980198;0,99009900990099
178;372,462518339309;389,610843405238;0,98019801980198;1
179;371,293397562983;644,076296075412;0,98019801980198;0,99009900990099
180;371,272785645572;280,722910672575;0,98019801980198;1
181;370,5177825862;329,993602581796;0,98019801980198;1
182;370,980670061185;334,062802001168;0,98019801980198;1
183;372,923540968823;520,05539684569;0,98019801980198;1
184;374,507405536401;300,38536764671;0,98019801980198;1
185;377,637910520116;554,698295180545;0,98019801980198;0,99009900990099
186;372,051412469099;244,920171940995;0,98019801980198;1
187;365,257794009047;349,61063559959;0,98019801980198;1
188;372,473188304277;518,188026985804;0,98019801980198;1
189;382,376337234486;877,95065119776;0,98019801980198;1
190;371,465366652519;270,885093647634;0,98019801980198;1
191;371,744912074031;389,360328205537;0,98019801980198;0,99009900990099
192;368,295560037347;263,718642737315;0,98019801980198;1
193;366,441085035471;295,282098034405;0,98019801980198;1
194;368,606132949598;299,554490840662;0,98019801980198;1
195;378,169095301971;619,833731721485;0,98019801980198;1
196;374,523887817185;468,126179857021;0,98019801980198;0,99009900990099
197;369,05760136345;314,940976856369;0,98019801980198;0,99009900990099
198;373,086070733607;349,175328881241;0,98019801980198;0,99009900990099
199;371,592957640676;377,923503891103;0,98019801980198;1
200;366,581560470184;232,024955934647;0,98019801980198;0,99009900990099
201;368,646513534387;348,87941464004;0,98019801980198;1
202;370,408579422203;317,039279374711;0,98019801980198;0,99009900990099
203;368,309333582367;248,403781559512;0,98019801980198;1
204;368,744179756746;297,097896278036;0,98019801980198;0,99009900990099
205;368,902206140615;309,208886675103;0,98019801980198;1
206;369,793838565905;348,940476700344;0,98019801980198;0,99009900990099
207;374,102463189998;404,623189789758;0,98019801980198;1
208;368,252260964049;292,185587658612;0,98019801980198;1
209;370,339329980421;368,150327719677;0,98019801980198;1
210;370,846704072244;332,162381975954;0,98019801980198;1
211;369,860376378774;344,064322815301;0,98019801980198;0,99009900990099
212;368,546617343993;311,894820036549;0,98019801980198;1
213;375,945250247736;376,042275694173;0,98019801980198;0,99009900990099
214;367,959161160394;371,730194624783;0,98019801980198;0,99009900990099
215;370,728574765555;453,873916592698;0,98019801980198;0,99009900990099
216;370,758353103496;455,999174797872;0,98019801980198;1
217;367,86706507667;354,680780873135;0,98019801980198;1
218;371,679737824422;314,485267526423;0,98019801980198;0,99009900990099
219;381,680362112716;732,008773267375;0,98019801980198;0,99009900990099
220;366,596393632098;233,265863082541;0,98019801980198;0,99009900990099
221;368,333590429716;272,577852856528;0,98019801980198;1
222;374,196300881382;692,329974227075;0,98019801980198;0,99009900990099
223;372,232342446547;428,711159248418;0,98019801980198;1
224;372,066876836876;450,631555125574;0,98019801980198;0,99009900990099
225;367,910101223877;378,06365919204;0,98019801980198;1
226;367,216883384427;292,030014458633;0,98019801980198;1
227;375,834667973852;326,556698229382;0,98019801980198;1
228;372,773500960259;327,557303741636;0,98019801980198;0,99009900990099
229;370,858090422659;294,842971154827;0,98019801980198;1
230;371,911661952829;560,075028238565;0,98019801980198;1
231;369,637380495118;443,966049705186;0,98019801980198;1
232;371,15704602444;382,959584348152;0,98019801980198;0,99009900990099
233;371,843225300102;399,429580309981;0,98019801980198;0,99009900990099
234;367,381410531347;334,296844876579;0,98019801980198;1
235;369,203789766283;290,872408019088;0,98019801980198;0,99009900990099
236;369,217334338246;263,395347569711;0,98019801980198;0,99009900990099
237;367,246338622664;336,264498321156;0,98019801980198;0,99009900990099
238;366,661222286629;247,914202557515;0,98019801980198;0,99009900990099
239;374,920790876873;589,870774731991;0,98019801980198;0,99009900990099
240;368,8769373946;298,102121570008;0,98019801980198;0,99009900990099
241;368,304611055991;278,65399118624;0,98019801980198;1
242;367,555753243048;305,572945055336;0,98019801980198;0,99009900990099
243;370,38401499256;344,95692909844;0,98019801980198;0,99009900990099
244;374,082976928753;481,296003106115;0,98019801980198;0,99009900990099
245;368,82535966189;304,773562360899;0,98019801980198;1
246;370,253576240151;322,793330994848;0,98019801980198;0,99009900990099
247;371,157519031979;477,251761024054;0,98019801980198;1
248;373,685972044481;367,455686518715;0,98019801980198;1
249;377,066544019036;515,952287509891;0,98019801980198;0,99009900990099
250;369,025114505694;264,99871304081;0,98019801980198;0,99009900990099
251;368,018767749785;297,241141066071;0,98019801980198;1
252;366,986334491926;310,162512647987;0,98019801980198;0,99009900990099
253;373,699555978558;586,035191786151;0,98019801980198;1
254;366,709066685829;282,857137142039;0,98019801980198;0,99009900990099
255;368,917264507145;365,791290288929;0,98019801980198;0,99009900990099
256;372,795114100105;461,444690861773;0,98019801980198;1
257;370,548795782312;380,790237773851;0,98019801980198;1
258;371,225683168522;304,729760469029;0,98019801980198;1
259;369,191595267233;270,934982962689;0,98019801980198;1
260;373,882810848788;445,959814641577;0,98019801980198;1
261;370,056764859904;555,179758023656;0,98019801980198;0,99009900990099
262;372,919838615258;379,585817964186;0,98019801980198;0,99009900990099
263;368,656967753793;459,261867829385;0,98019801980198;0,99009900990099
264;371,404752404427;234,160000769043;0,98019801980198;1
265;371,053373659222;307,300975883908;0,98019801980198;0,99009900990099
266;375,907240654818;602,366414284245;0,98019801980198;1
267;367,646591836745;332,95785776894;0,98019801980198;0,99009900990099
268;370,675053791251;405,757641658919;0,98019801980198;0,99009900990099
269;368,189720693267;409,283515572652;0,98019801980198;1
270;380,985978042416;844,888644534725;0,98019801980198;0,99009900990099
271;370,949054922237;303,570069797306;0,98019801980198;1
272;374,840123601861;733,87035897806;0,98019801980198;1
273;372,818430208061;396,331177698538;0,98019801980198;1
274;371,878892763642;338,541284974992;0,98019801980198;0,99009900990099
275;376,569132788075;564,895538920079;0,98019801980198;1
276;367,70435428779;297,173125486485;0,98019801980198;1
277;374,104948432765;709,897197915954;0,98019801980198;1
278;365,566972913321;302,39219860416;0,98019801980198;0,99009900990099
279;369,112349602306;340,680859989114;0,98019801980198;0,99009900990099
280;374,326097946518;494,597483960952;0,98019801980198;0,99009900990099
281;369,786677615389;303,85266338836;0,98019801980198;1
282;371,987057716666;499,922609919904;0,98019801980198;0,99009900990099
283;367,235193133876;296,729566187785;0,98019801980198;1
284;373,797873748085;429,654881732946;0,98019801980198;0,99009900990099
285;365,492791105834;275,258874385634;0,98019801980198;1
286;374,431410272077;464,680228147669;0,98019801980198;0,99009900990099
287;369,287978297595;472,893287166622;0,98019801980198;0,99009900990099
288;376,12623914886;574,424430060848;0,98019801980198;0,99009900990099
289;371,57216829322;245,867282075973;0,98019801980198;0,99009900990099
290;369,076457504928;320,334785628906;0,98019801980198;1
291;370,166078350066;336,061811850709;0,98019801980198;1
292;368,706387578565;433,350154754369;0,98019801980198;0,99009900990099
293;375,297552643231;616,338498015711;0,98019801980198;1
294;369,644732883566;348,283444702254;0,98019801980198;0,99009900990099
295;370,18849981297;337,808193919625;0,98019801980198;0,99009900990099
296;376,782768516843;629,240622902555;0,98019801980198;1
297;375,811061952567;423,233047593966;0,98019801980198;1
298;367,233920589139;242,768743663401;0,98019801980198;0,99009900990099
299;367,622467646825;347,652024232791;0,98019801980198;0,99009900990099
300;368,233627451514;308,737369306266;0,98019801980198;1
301;369,649977500137;315,246419371476;0,98019801980198;1
302;370,519246162734;367,204486265949;0,98019801980198;0,99009900990099
303;372,458762186249;471,282063050027;0,98019801980198;1
304;370,756201538627;356,415116408971;0,98019801980198;1
305;369,875945388843;247,021772383244;0,98019801980198;1
306;369,415425864464;436,747634655879;0,98019801980198;1
307;371,607900963488;369,893954566767;0,98019801980198;0,99009900990099
308;374,397223495849;464,80040523854;0,98019801980198;1
309;368,451735980315;462,065028975451;0,98019801980198;0,99009900990099
310;369,33792236967;298,259855718571;0,98019801980198;1
311;369,342339827109;381,883317386354;0,98019801980198;0,99009900990099
312;373,273939355759;470,38725204294;0,98019801980198;0,99009900990099
313;369,203203267968;247,238593776529;0,98019801980198;1
314;374,419942843117;456,003796618649;0,98019801980198;0,99009900990099
315;367,030368036809;424,437056285584;0,98019801980198;0,99009900990099
316;370,768555064942;395,583750341182;0,98019801980198;1
317;376,172891541472;645,113635502827;0,98019801980198;1
318;367,987919866418;291,431590575703;0,98019801980198;1
319;373,791478110695;378,420606750402;0,98019801980198;0,99009900990099
320;366,194775395006;258,642345506818;0,98019801980198;1
321;369,5499633994;292,467563052905;0,98019801980198;0,99009900990099
322;367,380335495665;266,274064354525;0,98019801980198;1
323;366,489593270483;289,771158368604;0,98019801980198;0,99009900990099
324;368,899488167825;239,985353659594;0,98019801980198;1
325;368,712904867849;279,929010769651;0,98019801980198;1
326;372,153212727856;329,541894281554;0,98019801980198;0,99009900990099
327;369,40706858524;267,625761855514;0,98019801980198;1
328;368,914076963234;259,174868744744;0,98019801980198;0,99009900990099
329;370,47865009515;583,903970650348;0,98019801980198;1
330;371,913620963885;307,946878328043;0,98019801980198;0,99009900990099
331;367,016914790842;285,970969161907;0,98019801980198;0,99009900990099
332;369,613069372306;290,444566677433;0,98019801980198;1
333;366,795726436721;261,204285234081;0,98019801980198;0,99009900990099
334;374,010890392909;546,216553228042;0,98019801980198;1
335;369,160197544958;242,055483688788;0,98019801980198;0,99009900990099
336;379,604125432642;755,301511831655;0,98019801980198;0,99009900990099
337;374,385004753154;513,433190690606;0,98019801980198;1
338;372,858709323897;326,017961465603;0,98019801980198;0,99009900990099
339;365,627816963358;244,881936069795;0,98019801980198;0,99009900990099
340;373,030490650133;288,88112064729;0,98019801980198;1
341;367,227046572101;418,280410037846;0,98019801980198;0,99009900990099
342;373,277058286612;320,922568825495;0,98019801980198;0,99009900990099
343;371,982363697249;568,168380836012;0,98019801980198;0,99009900990099
344;370,415282378843;304,473718470024;0,98019801980198;1
345;380,513122928802;782,706125149299;0,98019801980198;0,99009900990099
346;370,07409454038;313,910982146267;0,98019801980198;1
347;369,539094309379;268,63733436838;0,98019801980198;1
348;371,330521727489;270,362951497884;0,98019801980198;1
349;366,265140852629;287,784806379169;0,98019801980198;0,99009900990099
350;370,009338747126;344,207540894547;0,98019801980198;1
351;369,466227213489;270,331676326315;0,98019801980198;1
352;375,058419222463;522,957618405033;0,98019801980198;0,99009900990099
353;368,614400539293;234,804910140022;0,98019801980198;1
354;368,113379959546;314,301623808217;0,98019801980198;0,99009900990099
355;372,770605176414;689,327536970682;0,98019801980198;1
356;374,629740848668;587,411516924407;0,98019801980198;0,99009900990099
357;374,952150305339;661,841057282825;0,98019801980198;1
358;377,107250740589;706,116732475833;0,98019801980198;1
359;372,80258315619;360,07223729659;0,98019801980198;0,99009900990099
360;369,136871738246;299,682124548847;0,98019801980198;0,99009900990099
361;368,246238126857;375,768598554529;0,98019801980198;0,99009900990099
362;371,591535345754;265,564013913599;0,98019801980198;1
363;368,737907344145;402,254277415115;0,98019801980198;0,99009900990099
364;368,446525875626;429,653554887715;0,98019801980198;1
365;366,914292148387;231,426047481954;0,98019801980198;0,99009900990099
366;380,058357325091;940,430239540459;0,98019801980198;1
367;370,74504101641;323,578692947886;0,98019801980198;0,99009900990099
368;369,950803001282;254,691832054437;0,98019801980198;0,99009900990099
369;366,933432245115;252,801797815727;0,98019801980198;0,99009900990099
370;370,853110451695;326,030162988565;0,98019801980198;1
371;372,458349867156;425,453777251327;0,98019801980198;0,99009900990099
372;373,477154405265;525,501452771033;0,98019801980198;0,99009900990099
373;370,077300775781;350,750790154011;0,98019801980198;1
374;371,118150889563;262,440323021099;0,98019801980198;0,99009900990099
375;369,015824029092;219,765102849808;0,98019801980198;0,99009900990099
376;368,169392006645;275,536337942;0,98019801980198;1
377;367,513336825356;308,74953865455;0,98019801980198;0,99009900990099
378;368,439514970128;247,447894007849;0,98019801980198;0,99009900990099
379;375,731396200113;538,376300025152;0,98019801980198;0,99009900990099
380;371,840936177727;257,966307657312;0,98019801980198;1
381;374,516702679657;571,141291482512;0,98019801980198;0,99009900990099
382;373,441730276338;320,99280921772;0,98019801980198;0,99009900990099
383;368,614939226257;299,440772580654;0,98019801980198;1
384;367,021464735185;286,498892404124;0,98019801980198;0,99009900990099
385;366,484741241467;356,10324757724;0,98019801980198;1
386;376,117225811178;461,696978467172;0,98019801980198;1
387;367,848137741364;303,423753673982;0,98019801980198;0,99009900990099
388;370,663924493195;292,75039521525;0,98019801980198;1
389;367,829904513214;243,086332896831;0,98019801980198;0,99009900990099
390;370,171604154556;308,636566770071;0,98019801980198;1
391;375,876796703288;529,285048032058;0,98019801980198;0,99009900990099
392;372,329488020763;324,557010073496;0,98019801980198;1
393;371,447040717245;259,161199499316;0,98019801980198;1
394;374,734669903956;505,538648259722;0,98019801980198;0,99009900990099
395;368,965617875724;274,185769006804;0,98019801980198;0,99009900990099
396;369,779947839585;241,271835877531;0,98019801980198;0,99009900990099
397;369,726487106545;255,299545306862;0,98019801980198;1
398;370,102315594979;295,022421978269;0,98019801980198;1
399;370,534559027385;386,436380047473;0,98019801980198;1
400;369,264377021462;285,542613899924;0,98019801980198;0,99009900990099
401;369,645191724068;368,611213727538;0,98019801980198;1
402;366,679246447514;328,245655325823;0,98019801980198;0,99009900990099
403;367,350852248246;284,011257716308;0,98019801980198;0,99009900990099
404;371,280162466251;289,824672383625;0,98019801980198;1
405;370,57890883278;284,857976977301;0,98019801980198;1
406;369,3219444813;325,638221786836;0,98019801980198;0,99009900990099
407;369,307711725091;347,435851287674;0,98019801980198;1
408;365,383260970584;266,102609050262;0,98019801980198;0,99009900990099
409;370,011586573303;394,221586193814;0,98019801980198;1
410;369,879220010531;352,064439968733;0,98019801980198;1
411;372,011441456983;366,282949438715;0,98019801980198;1
412;369,749022561682;334,113241802533;0,98019801980198;1
413;366,841285096181;244,723817841453;0,98019801980198;1
414;367,675925322119;223,504094407052;0,98019801980198;1
415;374,450864448589;573,192053247508;0,98019801980198;1
416;366,339549440223;246,443838839028;0,98019801980198;0,99009900990099
417;372,411211271239;293,75974178132;0,98019801980198;0,99009900990099
418;369,787263445267;392,7949242365;0,98019801980198;0,99009900990099
419;373,937906212338;461,130802262051;0,98019801980198;0,99009900990099
420;377,935890384763;740,606248433654;0,98019801980198;0,99009900990099
421;366,784361941879;236,406447026056;0,98019801980198;1
422;368,270813237073;377,66258957094;0,98019801980198;0,99009900990099
423;368,857009935634;286,304607478082;0,98019801980198;0,99009900990099
424;369,34098767767;223,007756330587;0,98019801980198;1
425;368,874664406449;271,258352322324;0,98019801980198;0,99009900990099
426;370,225684165737;246,209930377049;0,98019801980198;0,99009900990099
427;371,89360449437;399,722427062479;0,98019801980198;1
428;369,476663741193;264,033091482767;0,98019801980198;1
429;367,294147485085;349,062235363351;0,98019801980198;0,99009900990099
430;371,115048210733;261,29802012863;0,98019801980198;1
431;369,378296087896;247,957343215761;0,98019801980198;0,99009900990099
432;368,535486228318;275,004192552288;0,98019801980198;0,99009900990099
433;371,912816299108;367,639821134603;0,98019801980198;1
434;373,978663342065;472,080815294026;0,98019801980198;0,99009900990099
435;372,807361388621;452,876913808009;0,98019801980198;1
436;374,567070517197;414,324650268913;0,98019801980198;1
437;371,771875913358;566,579525935916;0,98019801980198;1
438;375,435225932094;701,398505230708;0,98019801980198;1
439;368,290541106598;292,821855708387;0,98019801980198;1
440;367,288618468702;279,288060187913;0,98019801980198;1
441;371,996617364261;308,281276610376;0,98019801980198;1
442;366,765923051066;285,140928075188;0,98019801980198;0,99009900990099
443;368,130395305594;364,109696237941;0,98019801980198;0,99009900990099
444;370,743195545667;303,304158346712;0,98019801980198;0,99009900990099
445;368,885962428721;354,986411218294;0,98019801980198;1
446;374,332709263312;827,682256547279;0,98019801980198;1
447;374,537968521739;445,971448083414;0,98019801980198;0,99009900990099
448;372,380898452398;538,4793727451;0,98019801980198;1
449;379,69347316056;724,532872453898;0,98019801980198;0,99009900990099
450;367,13009707245;267,430791909613;0,98019801980198;1
451;366,805185344801;334,058807189525;0,98019801980198;0,99009900990099
452;372,13914574197;369,670508679761;0,98019801980198;1
453;372,113618126109;470,052972837748;0,98019801980198;1
454;370,562592192118;466,57813232989;0,98019801980198;0,99009900990099
455;366,388962310289;224,9275822304;0,98019801980198;0,99009900990099
456;368,302985333194;309,987456265354;0,98019801980198;0,99009900990099
457;377,000994259777;841,938776897525;0,98019801980198;0,99009900990099
458;368,99781952608;302,623853161062;0,98019801980198;1
459;372,332992116616;390,653642516372;0,98019801980198;1
460;366,87231727369;319,438960851655;0,98019801980198;1
461;373,052391436287;568,234765959109;0,98019801980198;1
462;370,595635836589;358,278565393314;0,98019801980198;0,99009900990099
463;370,531932691101;402,63457111414;0,98019801980198;0,99009900990099
464;369,556499764639;225,505876274474;0,98019801980198;0,99009900990099
465;373,662440005793;318,145275072126;0,98019801980198;1
466;372,416279171554;444,066461217136;0,98019801980198;1
467;367,781972927342;371,609219412505;0,98019801980198;0,99009900990099
468;366,915572740394;293,520200979477;0,98019801980198;1
469;369,773073860601;254,573407613802;0,98019801980198;1
470;373,171120255216;468,449288985722;0,98019801980198;1
471;367,812853262503;265,598541601075;0,98019801980198;0,99009900990099
472;372,420265343706;419,319037052455;0,98019801980198;0,99009900990099
473;367,663662918731;305,846950026567;0,98019801980198;0,99009900990099
474;370,966724427687;361,180179125086;0,98019801980198;0,99009900990099
475;371,235434141699;359,416531409638;0,98019801980198;1
476;368,648836487201;339,331380764496;0,98019801980198;0,99009900990099
477;367,900870486049;253,340649077562;0,98019801980198;0,99009900990099
478;373,477426107201;491,324603874351;0,98019801980198;1
479;373,501246834811;741,490877314349;0,98019801980198;0,99009900990099
480;367,363313533955;255,505275863616;0,98019801980198;1
481;369,462476233914;347,796649068546;0,98019801980198;0,99009900990099
482;367,566218319423;295,49631772828;0,98019801980198;0,99009900990099
483;368,998702328734;345,743392368974;0,98019801980198;1
484;365,92144681081;310,4305427472;0,98019801980198;0,99009900990099
485;373,342463156283;436,4834100033;0,98019801980198;1
486;370,444784760683;282,151943772887;0,98019801980198;0,99009900990099
487;372,820597556498;509,093149573704;0,98019801980198;0,99009900990099
488;367,033163028371;249,315509420804;0,98019801980198;0,99009900990099
489;368,809512664355;312,271863964915;0,98019801980198;0,99009900990099
490;372,547181818035;454,49462764631;0,98019801980198;0,99009900990099
491;367,0914484189;246,005408236012;0,98019801980198;0,99009900990099
492;366,382682954396;288,609595299624;0,98019801980198;1
493;370,425261904691;285,121299465442;0,98019801980198;1
494;373,699880238239;672,652973936712;0,98019801980198;1
495;368,021442402189;283,754086881502;0,98019801980198;1
496;372,654219876714;739,546941296976;0,98019801980198;0,99009900990099
497;370,596985402468;482,644459988828;0,98019801980198;0,99009900990099
498;371,130125365631;489,419701832804;0,98019801980198;1
499;369,744716823512;378,926788454822;0,98019801980198;0,99009900990099
500;371,419074414445;493,20946432248;0,98019801980198;0,99009900990099
501;371,793165637321;307,18415290683;0,98019801980198;0,99009900990099
502;370,57811587967;298,074569280683;0,98019801980198;0,99009900990099
503;367,332826759758;207,604101534339;0,98019801980198;0,99009900990099
504;369,82695460739;440,037739431478;0,98019801980198;1
505;366,549599163798;273,372420268687;0,98019801980198;0,99009900990099
506;370,649108718558;447,121572252481;0,98019801980198;0,99009900990099
507;368,720961353646;313,212370221357;0,98019801980198;0,99009900990099
508;366,149271988713;246,690203009242;0,98019801980198;1
509;366,50192537015;327,244365729964;0,98019801980198;0,99009900990099
510;370,931670234265;403,369241765462;0,98019801980198;0,99009900990099
511;378,319649192187;647,803181277541;0,98019801980198;0,99009900990099
512;373,209529591964;417,440641866165;0,98019801980198;1
513;373,508895829753;517,57227634034;0,98019801980198;1
514;370,507582518225;351,710039299903;0,98019801980198;0,99009900990099
515;372,352015407991;381,897962758225;0,98019801980198;1
516;367,424055137763;350,800199933271;0,98019801980198;1
517;366,932129474493;254,953883729179;0,98019801980198;1
518;370,071764464872;574,375485777854;0,98019801980198;1
519;375,360796782215;463,32341379449;0,98019801980198;1
520;368,174651594906;297,956853899156;0,98019801980198;0,99009900990099
521;370,412805017555;363,366473577994;0,98019801980198;0,99009900990099
522;367,187584528178;258,707313550161;0,98019801980198;1
523;369,515068929737;350,747148017254;0,98019801980198;1
524;371,456612466508;430,535343849209;0,98019801980198;0,99009900990099
525;373,157400160449;314,580339594212;0,98019801980198;1
526;370,166131527264;324,832482897236;0,98019801980198;1
527;373,532906792118;456,920305262895;0,98019801980198;0,99009900990099
528;371,092913308287;354,306572190052;0,98019801980198;0,99009900990099
529;373,633624363968;394,776512190394;0,98019801980198;0,99009900990099
530;365,489225852544;508,571219727526;0,98019801980198;0,99009900990099
531;366,872261361522;296,552602213033;0,98019801980198;0,99009900990099
532;369,883483046595;395,727157453088;0,98019801980198;1
533;368,419606252688;255,16415920194;0,98019801980198;0,99009900990099
534;375,037316773177;513,046320024325;0,98019801980198;0,99009900990099
535;369,704197861395;307,291758819928;0,98019801980198;0,99009900990099
536;367,333069476884;268,789748589184;0,98019801980198;0,99009900990099
537;367,399886270862;291,984443794235;0,98019801980198;0,99009900990099
538;366,078678950146;288,207232531815;0,98019801980198;1
539;378,866757412698;554,904872269088;0,98019801980198;0,99009900990099
540;369,52594320837;348,789938754697;0,98019801980198;1
541;367,778680983369;293,972894327337;0,98019801980198;0,99009900990099
542;371,711882364221;515,232235499039;0,98019801980198;1
543;370,663474411229;274,986424704543;0,98019801980198;0,99009900990099
544;370,298462978211;393,094238016034;0,98019801980198;0,99009900990099
545;367,148487847415;315,660387895793;0,98019801980198;1
546;366,81741411936;267,970101984101;0,98019801980198;1
547;371,798743120833;299,702686497408;0,98019801980198;0,99009900990099
548;370,122023762265;317,996104059145;0,98019801980198;1
549;369,188388238484;249,136852843175;0,98019801980198;1
550;370,629522231748;272,095062951671;0,98019801980198;1
551;374,875304943714;538,079898535705;0,98019801980198;0,99009900990099
552;374,473564787127;426,709915320526;0,98019801980198;1
553;367,849055532124;243,103566056226;0,98019801980198;1
554;372,722721352184;397,515164617452;0,98019801980198;1
555;369,998130665325;311,671748870748;0,98019801980198;0,99009900990099
556;367,111815299687;441,036028478294;0,98019801980198;0,99009900990099
557;368,950455136199;282,705603870923;0,98019801980198;1
558;369,263743038998;309,86775613184;0,98019801980198;1
559;370,161195805111;501,864707007919;0,98019801980198;0,99009900990099
560;368,104594630978;426,653095974968;0,98019801980198;1
561;368,625897382071;339,516726646747;0,98019801980198;0,99009900990099
562;369,823258873579;450,825041661536;0,98019801980198;1
563;374,591320371705;631,30163660646;0,98019801980198;0,99009900990099
564;370,373658179764;303,574913110534;0,98019801980198;0,99009900990099
565;368,623333211829;233,321893943942;0,98019801980198;1
566;370,418515936422;296,129837539572;0,98019801980198;0,99009900990099
567;369,237396588496;341,800302795526;0,98019801980198;0,99009900990099
568;355;281,363481307883;0,623762376237624;0,633663366336634
569;375,392297572586;399,22454551165;0,98019801980198;1
570;365,996474247185;277,343411652312;0,98019801980198;1
571;368,160301096158;280,446478419905;0,98019801980198;0,99009900990099
572;375,753001377316;687,596083726233;0,98019801980198;0,99009900990099
573;368,453605119077;265,10905901218;0,98019801980198;0,99009900990099
574;371,240138521039;600,412866544464;0,98019801980198;0,99009900990099
575;368,382630117532;340,548266684655;0,98019801980198;1
576;367,242160343255;306,140296466688;0,98019801980198;0,99009900990099
577;372,748480511822;576,522815014643;0,98019801980198;0,99009900990099
578;368,868167388716;253,155392875907;0,98019801980198;1
579;371,936163652345;392,394360165073;0,98019801980198;0,99009900990099
580;370,293460073536;285,445599240627;0,98019801980198;1
581;369,6679759123;300,869259836945;0,98019801980198;0,99009900990099
582;373,403186422354;483,554705791916;0,98019801980198;0,99009900990099
583;366,069331436363;227,568465810343;0,98019801980198;0,99009900990099
584;372,880374071477;408,132462209761;0,98019801980198;1
585;370,345072501112;317,0639424495;0,98019801980198;0,99009900990099
586;368,924657628986;317,864860174403;0,98019801980198;1
587;370,86498144524;383,100617039582;0,98019801980198;0,99009900990099
588;374,390021665563;697,578852716484;0,98019801980198;1
589;370,9569738123;412,547039209546;0,98019801980198;0,99009900990099
590;370,229189087898;481,914683534572;0,98019801980198;1
591;367,514391921706;334,972879692993;0,98019801980198;0,99009900990099
592;368,210097521457;272,488123305366;0,98019801980198;1
593;374,532931992876;334,936011153154;0,98019801980198;0,99009900990099
594;369,795062747947;397,271126446494;0,98019801980198;1
595;366,783543508811;230,558460263408;0,98019801980198;1
596;375,894064160773;466,487610341271;0,98019801980198;1
597;377,633158067689;889,987241859141;0,98019801980198;1
598;368,468438437704;291,313669836005;0,98019801980198;1
599;366,197081349123;258,181364197238;0,98019801980198;1
600;368,568254079574;292,282967460679;0,98019801980198;0,99009900990099
601;365,039301521042;399,406887161455;0,98019801980198;1
602;368,266622127896;221,088789597469;0,98019801980198;0,99009900990099
603;373,231776621117;449,101594670513;0,98019801980198;1
604;369,897583851729;317,028400501741;0,98019801980198;1
605;366,366705975857;344,756262118772;0,98019801980198;1
606;368,085094255207;278,348031798328;0,98019801980198;1
607;365,110462616636;238,443100630809;0,98019801980198;0,99009900990099
608;371,402553242216;298,793007629475;0,98019801980198;1
609;369,436617846775;318,553457468222;0,98019801980198;1
610;366,604465024825;478,454603078683;0,98019801980198;0,99009900990099
611;370,822422998983;306,481093468824;0,98019801980198;0,99009900990099
612;369,548025872549;281,496810298588;0,98019801980198;0,99009900990099
613;367,994055686518;262,358155885107;0,98019801980198;1
614;370,145533826055;377,634708763354;0,98019801980198;0,99009900990099
615;368,964037947942;352,163708911553;0,98019801980198;1
616;376,117249882835;397,012738594781;0,98019801980198;1
617;374,017085165117;578,01854618813;0,98019801980198;1
618;370,336964023053;350,342476474636;0,98019801980198;1
619;368,103738389807;273,229022621836;0,98019801980198;1
620;370,792048521525;512,576141471811;0,98019801980198;0,99009900990099
621;365,786385747506;326,48391480003;0,98019801980198;0,99009900990099
622;368,721616265424;267,31591793065;0,98019801980198;0,99009900990099
623;369,729028413151;225,181760528929;0,98019801980198;0,99009900990099
624;367,534728891208;252,097259241518;0,98019801980198;0,99009900990099
625;372,382905191239;342,551667987711;0,98019801980198;1
626;367,748392652249;266,426523322513;0,98019801980198;0,99009900990099
627;372,607305435845;461,800061169294;0,98019801980198;0,99009900990099
628;371,78306087177;300,452472068382;0,98019801980198;1
629;375,127810248755;488,572986810303;0,98019801980198;1
630;368,895049626892;396,700487177986;0,98019801980198;1
631;367,884742129367;241,081725311426;0,98019801980198;0,99009900990099
632;367,665767407005;279,833445152144;0,98019801980198;1
633;370,499824639947;499,324897663286;0,98019801980198;0,99009900990099
634;370,022363464269;458,837012281283;0,98019801980198;1
635;370,721392304165;498,180320175348;0,98019801980198;1
636;368,387070875291;307,773008436754;0,98019801980198;0,99009900990099
637;368,290099883042;529,237457568853;0,98019801980198;1
638;369,172274219465;349,642991623985;0,98019801980198;0,99009900990099
639;370,270911195314;362,163947538728;0,98019801980198;0,99009900990099
640;376,995046828946;475,19660137858;0,98019801980198;0,99009900990099
641;367,231038598627;277,679026440018;0,98019801980198;0,99009900990099
642;369,133952834249;486,321417876756;0,98019801980198;0,99009900990099
643;366,650563409468;286,600423039903;0,98019801980198;0,99009900990099
644;370,280989582375;243,827507528428;0,98019801980198;0,99009900990099
645;371,965258993811;301,549050036213;0,98019801980198;0,99009900990099
646;369,983996945183;309,155195120327;0,98019801980198;0,99009900990099
647;372,51468608543;356,244950433943;0,98019801980198;0,99009900990099
648;376,539193402782;577,318364702033;0,98019801980198;0,99009900990099
649;375,233413093435;716,044435793682;0,98019801980198;1
650;370,181869368148;235,704503088353;0,98019801980198;0,99009900990099
651;370,312047465854;436,285925914581;0,98019801980198;1
652;378,174732970042;603,021647410814;0,98019801980198;0,99009900990099
653;368,436004613818;268,722800260345;0,98019801980198;0,99009900990099
654;375,756155378262;467,886007254302;0,98019801980198;1
655;367,906748844684;306,639155718103;0,98019801980198;0,99009900990099
656;369,952632945158;397,69064500336;0,98019801980198;1
657;366,947299249509;261,552599221841;0,98019801980198;1
658;373,420466227038;429,767996495913;0,98019801980198;1
659;370,12206066515;333,882144660007;0,98019801980198;1
660;368,380686952564;259,308612032173;0,98019801980198;1
661;366,805835315354;207,382597753952;0,98019801980198;1
662;370,891461806393;390,717106253416;0,98019801980198;0,99009900990099
663;376,90695523856;361,748075847407;0,98019801980198;1
664;369,381945338248;291,347710710573;0,98019801980198;0,99009900990099
665;373,83313860658;508,557536517881;0,98019801980198;0,99009900990099
666;371,19455430648;585,188328472535;0,98019801980198;0,99009900990099
667;366,24829104931;233,208072612981;0,98019801980198;1
668;366,7733752838;229,402906013345;0,98019801980198;0,99009900990099
669;369,466932137553;358,59179229988;0,98019801980198;0,99009900990099
670;369,42545181745;296,458850413348;0,98019801980198;0,99009900990099
671;368,517238317217;346,719100855117;0,98019801980198;1
672;368,77314167417;276,178562377738;0,98019801980198;0,99009900990099
673;367,929280884895;338,957848324886;0,98019801980198;1
674;377,953101389592;795,93576804826;0,98019801980198;0,99009900990099
675;371,662903581065;317,85603680854;0,98019801980198;1
676;368,914654217547;529,489335886437;0,98019801980198;1
677;377,638402432318;826,029967649043;0,98019801980198;1
678;369,104225748264;348,17643512793;0,98019801980198;1
679;366,693627204617;271,719358540605;0,98019801980198;1
680;370,002449093317;433,191163825604;0,98019801980198;1
681;371,614239012809;651,717997773514;0,98019801980198;1
682;369,166578662521;234,153927620086;0,98019801980198;1
683;370,341955562359;391,693153845733;0,98019801980198;0,99009900990099
684;366,694005302592;257,630194506605;0,98019801980198;1
685;371,427456126867;378,311069239798;0,98019801980198;0,99009900990099
686;371,548825076734;646,681129820173;0,98019801980198;0,99009900990099
687;374,350967277435;459,127238361681;0,98019801980198;1
688;365,222224550272;319,682754134503;0,98019801980198;1
689;368,287346713586;353,77249276755;0,98019801980198;0,99009900990099
690;375,446323219255;578,857173709792;0,98019801980198;1
691;377,404414602819;988,387157110386;0,98019801980198;0,99009900990099
692;377,150578650188;632,771941123085;0,98019801980198;1
693;368,097361561637;335,411170571173;0,98019801980198;1
694;371,958404727926;570,913422349069;0,98019801980198;0,99009900990099
695;378,90628426039;687,996079960212;0,98019801980198;1
696;374,845446731429;348,588913587815;0,98019801980198;0,99009900990099
697;369,131085616093;243,739353780511;0,98019801980198;0,99009900990099
698;378,954104279794;449,655579626177;0,98019801980198;0,99009900990099
699;367,02444739145;390,663646214383;0,98019801980198;1
700;370,00304374282;370,812577535943;0,98019801980198;0,99009900990099
701;372,697519062939;407,305270018877;0,98019801980198;1
702;377,563263331486;614,913507077817;0,98019801980198;1
703;377,001301959275;443,550614190059;0,98019801980198;0,99009900990099
704;369,278948312665;272,712781515993;0,98019801980198;1
705;372,276553380144;414,649262946841;0,98019801980198;1
706;367,520478077589;410,352074856341;0,98019801980198;1
707;371,162267872731;289,221899125405;0,98019801980198;1
708;370,796792313675;360,222145446017;0,98019801980198;1
709;373,15405752839;588,678827769346;0,98019801980198;1
710;370,39732701474;244,944121810366;0,98019801980198;1
711;366,453012197351;272,361607498706;0,98019801980198;1
712;372,106525426746;349,873328893255;0,98019801980198;1
713;374,822633015496;419,566564953711;0,98019801980198;1
714;367,690739568349;313,251052385908;0,98019801980198;1
715;372,124586020983;346,276788015825;0,98019801980198;0,99009900990099
716;371,670799190072;441,136218304298;0,98019801980198;1
717;375,954600038456;589,764958067078;0,98019801980198;0,99009900990099
718;371,480127174585;330,354322866173;0,98019801980198;0,99009900990099
719;368,762239762354;413,555086341853;0,98019801980198;1
720;373,451383551477;637,089321359927;0,98019801980198;0,99009900990099
721;367,917534497376;316,936828411688;0,98019801980198;0,99009900990099
722;369,368881343562;411,87711141155;0,98019801980198;1
723;365,656817478133;346,184313733866;0,98019801980198;0,99009900990099
724;368,452510955443;350,563743892253;0,98019801980198;0,99009900990099
725;367,82355664426;287,629147637197;0,98019801980198;1
726;371,741790868454;426,885505256531;0,98019801980198;0,99009900990099
727;367,917414052684;391,593072583024;0,98019801980198;0,99009900990099
728;368,741495078083;369,337359765003;0,98019801980198;1
729;368,574913227466;250,818140918565;0,98019801980198;1
730;371,809408892716;421,248063292281;0,98019801980198;0,99009900990099
731;366,996917001343;308,00214135363;0,98019801980198;1
732;368,492574887643;319,242077917076;0,98019801980198;1
733;365,716258277256;269,520085886908;0,98019801980198;0,99009900990099
734;368,792441738337;363,407237395129;0,98019801980198;0,99009900990099
735;371,152525668087;328,633913735377;0,98019801980198;1
736;368,522015666607;261,51579959372;0,98019801980198;1
737;368,882908933154;330,25863707815;0,98019801980198;0,99009900990099
738;366,691065726874;340,168067370446;0,98019801980198;0,99009900990099
739;368,229843633808;226,340521405531;0,98019801980198;1
740;367,226334396266;386,388386840398;0,98019801980198;1
741;374,892797039039;457,848013488291;0,98019801980198;0,99009900990099
742;375,385586747098;535,109422840967;0,98019801980198;1
743;368,163416272411;244,124848427004;0,98019801980198;1
744;368,461716422517;273,983916917515;0,98019801980198;1
745;369,825935536904;322,113138249596;0,98019801980198;0,99009900990099
746;376,10170374436;474,717960020876;0,98019801980198;1
747;371,255690772223;531,942606495982;0,98019801980198;1
748;367,213069586062;438,645406841507;0,98019801980198;0,99009900990099
749;372,953632752398;369,738185554334;0,98019801980198;0,99009900990099
750;375,199422332306;331,758748077064;0,98019801980198;0,99009900990099
751;369,266028617417;301,858378688802;0,98019801980198;1
752;367,87620788007;306,674813926962;0,98019801980198;0,99009900990099
753;370,029455257269;291,349931092928;0,98019801980198;0,99009900990099
754;370,101723227019;314,87873787766;0,98019801980198;1
755;367,493010324332;305,973855685153;0,98019801980198;1
756;366,370503242631;252,74891226209;0,98019801980198;0,99009900990099
757;373,960556531525;342,3161999906;0,98019801980198;1
758;372,740915598352;511,518020377244;0,98019801980198;0,99009900990099
759;367,317482144337;349,466402692198;0,98019801980198;0,99009900990099
760;366,749334303247;282,501710680167;0,98019801980198;0,99009900990099
761;372,240566654654;579,464448522456;0,98019801980198;0,99009900990099
762;366,709643905096;247,431583566888;0,98019801980198;0,99009900990099
763;366,351766226969;292,286005068405;0,98019801980198;0,99009900990099
764;369,650785474134;365,699259477075;0,98019801980198;1
765;368,329356095965;241,802391125693;0,98019801980198;1
766;369,443384477488;407,211181828242;0,98019801980198;0,99009900990099
767;369,46070770185;412,393253733838;0,98019801980198;1
768;370,575628700814;378,269401729375;0,98019801980198;0,99009900990099
769;368,624092796618;383,829925942058;0,98019801980198;1
770;367,405908156368;281,340828697338;0,98019801980198;0,99009900990099
771;368,270307736676;320,453478090355;0,98019801980198;1
772;372,465769272239;308,653185858299;0,98019801980198;0,99009900990099
773;370,84060500078;553,496052117532;0,98019801980198;1
774;370,485846567639;463,365039161211;0,98019801980198;0,99009900990099
775;367,742862848318;261,066504343647;0,98019801980198;1
776;373,704482915727;397,389046883395;0,98019801980198;0,99009900990099
777;370,002935755602;364,94414701644;0,98019801980198;1
778;374,295722890006;349,281153086375;0,98019801980198;1
779;366,935201243994;238,040216095936;0,98019801980198;0,99009900990099
780;371,353306607833;334,638569414217;0,98019801980198;0,99009900990099
781;370,178992377758;304,90985779562;0,98019801980198;1
782;370,884580067204;319,436509613783;0,98019801980198;1
783;371,39433611684;446,564529905324;0,98019801980198;0,99009900990099
784;366,802673449673;354,5026360975;0,98019801980198;0,99009900990099
785;368,007409420897;256,036582317596;0,98019801980198;1
786;371,28825676094;303,953140517392;0,98019801980198;0,99009900990099
787;367,627016391588;315,142491453549;0,98019801980198;1
788;375,384391818012;487,26353824908;0,98019801980198;0,99009900990099
789;369,258275339805;255,421281025128;0,98019801980198;0,99009900990099
790;371,286492193176;330,108279539101;0,98019801980198;1
791;372,724823569517;373,499933107449;0,98019801980198;0,99009900990099
792;367,814554360343;253,563335298294;0,98019801980198;1
793;369,348219631082;344,59094169024;0,98019801980198;0,99009900990099
794;368,276322105381;273,779157542616;0,98019801980198;0,99009900990099
795;368,154926364158;252,3197761549;0,98019801980198;0,99009900990099
796;371,617215392996;396,672637961134;0,98019801980198;1
797;370,96740985785;374,028377031733;0,98019801980198;0,99009900990099
798;372,265418289975;485,307888555655;0,98019801980198;1
799;367,922569481209;365,22603634144;0,98019801980198;1
800;371,387828085022;301,597580670427;0,98019801980198;1
801;367,808336843735;390,534619408723;0,98019801980198;0,99009900990099
802;367,839983599962;322,179879921021;0,98019801980198;1
803;366,615428739986;221,672087667152;0,98019801980198;1
804;376,535935880895;466,304863818427;0,98019801980198;0,99009900990099
805;371,795094461869;465,356363908458;0,98019801980198;0,99009900990099
806;368,10891404004;279,427065249154;0,98019801980198;1
807;377,742771741474;588,862512444044;0,98019801980198;1
808;368,212328578614;355,229193543795;0,98019801980198;1
809;367,392961810076;224,011986791846;0,98019801980198;1
810;366,62799380648;308,668471883925;0,98019801980198;1
811;367,777449929698;285,910038245529;0,98019801980198;1
812;368,013107176996;270,46311125865;0,98019801980198;0,99009900990099
813;373,072210941756;432,660639477097;0,98019801980198;1
814;367,771653933316;334,843867754757;0,98019801980198;0,99009900990099
815;367,981030122678;260,175958319491;0,98019801980198;1
816;370,372890908678;367,096493177251;0,98019801980198;1
817;365,824892324829;274,901400979126;0,98019801980198;0,99009900990099
818;373,422307888795;383,25133055469;0,98019801980198;1
819;367,680187987405;265,341348169123;0,98019801980198;0,99009900990099
820;371,082925710195;610,276057422779;0,98019801980198;0,99009900990099
821;371,365874080387;469,319661484834;0,98019801980198;1
822;366,094585645211;335,393413932019;0,98019801980198;0,99009900990099
823;365,498666207163;352,974947834204;0,98019801980198;1
824;371,445611433338;369,180965114328;0,98019801980198;1
825;366,080275881296;253,042616062655;0,98019801980198;1
826;368,914999374322;382,499772989972;0,98019801980198;0,99009900990099
827;366,413193554654;282,604069222651;0,98019801980198;0,99009900990099
828;376,553387703103;716,972226673048;0,98019801980198;0,99009900990099
829;372,117786336147;376,482388867325;0,98019801980198;0,99009900990099
830;370,261089686598;294,011749517736;0,98019801980198;1
831;375,153864083684;347,266177095119;0,98019801980198;0,99009900990099
832;367,135963840817;210,68740688387;0,98019801980198;0,99009900990099
833;371,539718594481;429,357744212953;0,98019801980198;0,99009900990099
834;368,422065992249;245,652515098835;0,98019801980198;1
835;368,98847132673;247,092345378254;0,98019801980198;1
836;368,985332515817;347,623645460856;0,98019801980198;1
837;369,996071822389;402,106412240261;0,98019801980198;1
838;367,084202764119;291,678702657265;0,98019801980198;1
839;368,531937320472;282,867843605648;0,98019801980198;1
840;371,973122777366;354,743932472964;0,98019801980198;0,99009900990099
841;372,680255204508;430,068874265168;0,98019801980198;0,99009900990099
842;367,371092543585;410,629972646947;0,98019801980198;0,99009900990099
843;369,389505090061;245,251575814104;0,98019801980198;1
844;375,247805651864;469,221626298196;0,98019801980198;0,99009900990099
845;367,603259182013;352,329445036985;0,98019801980198;0,99009900990099
846;366,972373319835;341,139023028889;0,98019801980198;0,99009900990099
847;368,101914730714;347,689745251119;0,98019801980198;1
848;367,334879866183;314,980196932067;0,98019801980198;1
849;370,007969062938;267,504705797479;0,98019801980198;1
850;373,33868553409;507,498776930413;0,98019801980198;1
851;370,965273335147;426,110788297604;0,98019801980198;0,99009900990099
852;372,663281366235;564,67912331426;0,98019801980198;0,99009900990099
853;375,907591610833;510,95621583024;0,98019801980198;1
854;373,92073235067;630,858317527535;0,98019801980198;0,99009900990099
855;372,47264651503;510,656718986365;0,98019801980198;1
856;371,653579179831;552,213989852693;0,98019801980198;0,99009900990099
857;375,382289101176;480,856892474638;0,98019801980198;1
858;377,856385263766;785,160646296566;0,98019801980198;1
859;376,525529876592;595,621884897268;0,98019801980198;1
860;376,060638118604;746,640580711651;0,98019801980198;1
861;368,624794718299;268,648134269019;0,98019801980198;0,99009900990099
862;367,310993458296;403,25729241759;0,98019801980198;0,99009900990099
863;378,041836046066;547,267009975831;0,98019801980198;0,99009900990099
864;369,626220021524;323,428832881768;0,98019801980198;0,99009900990099
865;371,642037363903;364,319536341724;0,98019801980198;1
866;377,42770714903;516,055258572525;0,98019801980198;0,99009900990099
867;373,590100031059;305,231765573062;0,98019801980198;0,99009900990099
868;374,127924928317;408,011497947541;0,98019801980198;1
869;368,18273824892;309,99708090584;0,98019801980198;0,99009900990099
870;371,816064082466;497,833284373734;0,98019801980198;0,99009900990099
871;368,630476373622;321,348998406796;0,98019801980198;0,99009900990099
872;372,522867940565;605,091083622079;0,98019801980198;1
873;367,362222565507;249,014320502128;0,98019801980198;0,99009900990099
874;369,82315774779;398,067262242749;0,98019801980198;0,99009900990099
875;373,748375618692;459,588726890422;0,98019801980198;0,99009900990099
876;370,49641316533;432,037090048111;0,98019801980198;1
877;371,189474838728;405,975041610446;0,98019801980198;0,99009900990099
878;372,213184004178;434,274892482163;0,98019801980198;0,99009900990099
879;375,506984409867;545,116528742767;0,98019801980198;1
880;373,475162870828;566,277995634675;0,98019801980198;0,99009900990099
881;367,425600915241;240,964173657636;0,98019801980198;0,99009900990099
882;367,068963219334;287,437415335145;0,98019801980198;0,99009900990099
883;367,192726222223;227,872406786762;0,98019801980198;1
884;365,727896915939;270,060301234537;0,98019801980198;0,99009900990099
885;367,639140391643;369,985041636293;0,98019801980198;0,99009900990099
886;375,542176283259;607,108038052477;0,98019801980198;0,99009900990099
887;371,866956185798;322,797601498067;0,98019801980198;1
888;369,288640048487;322,946364218554;0,98019801980198;0,99009900990099
889;366,932642315317;269,979672847768;0,98019801980198;0,99009900990099
890;367,902583208815;301,252676617991;0,98019801980198;0,99009900990099
891;370,950846573132;356,762381915766;0,98019801980198;1
892;369,289904345202;258,281197822802;0,98019801980198;0,99009900990099
893;367,217796373377;323,527629711215;0,98019801980198;0,99009900990099
894;371,499675946152;439,518102472815;0,98019801980198;0,99009900990099
895;370,017233680199;369,015421135039;0,98019801980198;1
896;367,046883102539;284,152081343649;0,98019801980198;1
897;367,223906597291;298,768056843144;0,98019801980198;1
898;374,704674865933;384,539544066658;0,98019801980198;0,99009900990099
899;368,737669872249;285,263993496021;0,98019801980198;0,99009900990099
900;370,767419000126;390,340414108837;0,98019801980198;1
901;379,959614017808;967,50832488857;0,98019801980198;1
902;376,105329968698;366,2176198099;0,98019801980198;0,99009900990099
903;374,493663153095;375,626976678039;0,98019801980198;1
904;369,014763485901;242,291914249331;0,98019801980198;0,99009900990099
905;371,460413370899;535,831058374402;0,98019801980198;1
906;367,906739955955;343,988415868152;0,98019801980198;1
907;368,696216194847;290,575774467172;0,98019801980198;0,99009900990099
908;367,581278160405;362,15123353563;0,98019801980198;1
909;369,618086823717;242,490599564219;0,98019801980198;0,99009900990099
910;372,599813656751;386,738411955983;0,98019801980198;0,99009900990099
911;367,955663861418;361,169765304181;0,98019801980198;1
912;371,272872900027;474,372439668701;0,98019801980198;1
913;377,325559060445;612,819179401054;0,98019801980198;0,99009900990099
914;366,011558613501;264,821486555948;0,98019801980198;1
915;368,037655391399;381,330360305296;0,98019801980198;0,99009900990099
916;367,550926748981;264,800302976708;0,98019801980198;0,99009900990099
917;377,449090106278;655,58240671278;0,98019801980198;1
918;366,273534406406;252,127912745665;0,98019801980198;0,99009900990099
919;374,583480146676;561,000113050555;0,98019801980198;1
920;369,054366200536;273,025821602032;0,98019801980198;1
921;375,000529860893;569,819707801599;0,98019801980198;1
922;368,58780155886;412,813015148661;0,98019801980198;0,99009900990099
923;370,934706091637;291,884533431217;0,98019801980198;0,99009900990099
924;376,736876768747;555,399883635283;0,98019801980198;0,99009900990099
925;371,078229448915;346,012516716259;0,98019801980198;0,99009900990099
926;368,326494987779;343,478602625505;0,98019801980198;1
927;374,427728650108;568,322082653489;0,98019801980198;1
928;366,921599312326;337,341291691693;0,98019801980198;0,99009900990099
929;367,884060465236;273,017469867927;0,98019801980198;0,99009900990099
930;373,399719438279;519,745668888654;0,98019801980198;0,99009900990099
931;369,264926690732;384,089072794281;0,98019801980198;1
932;367,216897864628;305,845904382017;0,98019801980198;0,99009900990099
933;372,168978539093;343,611547927109;0,98019801980198;0,99009900990099
934;368,765721998007;319,953027592422;0,98019801980198;0,99009900990099
935;368,338644090751;279,486590540226;0,98019801980198;0,99009900990099
936;375,071568631561;883,425672022399;0,98019801980198;1
937;368,394523980786;232,859634187552;0,98019801980198;1
938;376,258042823326;493,816432059378;0,98019801980198;0,99009900990099
939;368,880542698073;235,824790384624;0,98019801980198;0,99009900990099
940;366,5013903337;284,633183871121;0,98019801980198;1
941;374,345425061042;700,827085656842;0,98019801980198;1
942;372,126771165101;316,4131946125;0,98019801980198;0,99009900990099
943;369,760279545859;273,223925323303;0,98019801980198;1
944;368,127773970967;207,866914723685;0,98019801980198;1
945;368,281598431984;278,183861182395;0,98019801980198;0,99009900990099
946;368,991553779752;325,338269254235;0,98019801980198;1
947;372,549658482048;606,900098781871;0,98019801980198;1
948;370,384605494472;426,322260200365;0,98019801980198;1
949;369,319168645524;367,816404564622;0,98019801980198;0,99009900990099
950;369,569150947846;341,128164213053;0,98019801980198;1
951;371,785106968639;421,887555003975;0,98019801980198;0,99009900990099
952;368,211936022348;309,427482314938;0,98019801980198;1
953;372,372973241249;442,739245460938;0,98019801980198;0,99009900990099
954;367,00140668293;421,517075205488;0,98019801980198;1
955;370,458656245317;396,954744876941;0,98019801980198;1
956;367,473514978133;263,400573316164;0,98019801980198;1
957;373,169971153553;468,317423592487;0,98019801980198;0,99009900990099
958;369,156222165071;382,728465107249;0,98019801980198;0,99009900990099
959;371,73527754215;277,494033341664;0,98019801980198;0,99009900990099
960;372,682969656169;438,774489647722;0,98019801980198;0,99009900990099
961;370,291708835508;449,875603091518;0,98019801980198;0,99009900990099
962;370,414093486883;321,484887139289;0,98019801980198;0,99009900990099
963;368,046819433061;260,366737421554;0,98019801980198;1
964;382,198637490204;651,011179594836;0,98019801980198;1
965;373,143548401661;451,38433373462;0,98019801980198;1
966;368,782581289259;300,224253761857;0,98019801980198;1
967;368,386348615246;374,202252391578;0,98019801980198;0,99009900990099
968;367,530668003681;291,693874417107;0,98019801980198;1
969;373,08968369665;334,230646641053;0,98019801980198;0,99009900990099
970;363,701933926838;369,70319840102;0,98019801980198;0,99009900990099
971;368,088496858203;320,837157709348;0,98019801980198;1
972;371,015078369258;309,055378920602;0,98019801980198;1
973;372,485550559191;317,949544666559;0,98019801980198;1
974;365,198820899006;242,18484180821;0,98019801980198;0,99009900990099
975;369,148184040237;464,834868290111;0,98019801980198;1
976;374,372207166842;670,937699433409;0,98019801980198;0,99009900990099
977;369,097140698904;402,81148191089;0,98019801980198;1
978;367,52060116866;394,377083805021;0,98019801980198;1
979;366,451033915595;299,184504080792;0,98019801980198;0,99009900990099
980;375,204959184962;556,681910423543;0,98019801980198;1
981;369,92366867661;325,812283853159;0,98019801980198;0,99009900990099
982;366,615411796431;244,933996588483;0,98019801980198;0,99009900990099
983;372,370052902285;443,703131639019;0,98019801980198;1
984;368,294969624994;431,329490997475;0,98019801980198;0,99009900990099
985;369,212056842651;247,055177023799;0,98019801980198;1
986;372,804390504635;415,112922820639;0,98019801980198;1
987;370,582548237579;285,497593396567;0,98019801980198;0,99009900990099
988;367,889740915945;277,120277721344;0,98019801980198;1
989;375,998268187454;641,860320462056;0,98019801980198;0,99009900990099
990;369,966432052231;324,410446983483;0,98019801980198;1
991;366,152663414064;292,456166662178;0,98019801980198;1
992;369,956386917607;234,665065945472;0,98019801980198;1
993;369,46928850023;267,635839028038;0,98019801980198;0,99009900990099
994;378,617372717915;771,587314604522;0,98019801980198;0,99009900990099
995;368,091342350085;366,480920594982;0,98019801980198;0,99009900990099
996;372,019581703826;351,282177846213;0,98019801980198;0,99009900990099
997;379,334191597335;598,89537016701;0,98019801980198;0,99009900990099
998;369,996365715814;317,19980782688;0,98019801980198;0,99009900990099
999;371,587313745618;316,719782403363;0,98019801980198;1
