0;92,8486140290654;58,5301964441462;0,967741935483871;1
1;94,916562359831;87,9777468844334;0,967741935483871;1
2;92,1467619630323;55,212016650596;0,967741935483871;0,967741935483871
3;91,499194312845;49,1333879861756;0,967741935483871;1
4;94,5966067738653;80,1590589164994;0,967741935483871;1
5;90,5488211153134;72,235024408118;0,967741935483871;0,967741935483871
6;93,6950295954876;66,352490868626;0,967741935483871;0,967741935483871
7;91,717463344994;62,574366161054;0,967741935483871;0,967741935483871
8;93,744692704808;74,6723629105238;0,967741935483871;0,967741935483871
9;93,7935666269224;61,9359709078193;0,967741935483871;0,967741935483871
10;90,1130526601067;67,7627188413608;0,967741935483871;1
11;95,3828359295207;75,7551112305254;0,967741935483871;0,967741935483871
12;91,7772693962439;79,3714376339791;0,967741935483871;1
13;95,0993202111331;75,3939383002577;0,967741935483871;0,967741935483871
14;96,4139771135946;71,1991707646993;0,967741935483871;1
15;93,2826619821392;90,1533941319687;0,967741935483871;0,967741935483871
16;92,1497330439368;67,6064314868508;0,967741935483871;0,967741935483871
17;91,9409295818196;69,0173876512162;0,967741935483871;1
18;92,8518841168267;70,990589559117;0,967741935483871;0,967741935483871
19;91,7381707524921;72,1557549070089;0,967741935483871;1
20;94,0639539536337;73,8314816857916;0,967741935483871;1
21;94,2843099829189;71,0700774180076;0,967741935483871;1
22;94,1714059184194;49,8267331615732;0,967741935483871;0,967741935483871
23;92,5224591963937;79,406901880292;0,967741935483871;0,967741935483871
24;93,0782761648161;57,3992357161688;0,967741935483871;1
25;92,2759349840039;85,3746356984765;0,967741935483871;1
26;95,5452751178833;84,1895279335223;0,967741935483871;0,967741935483871
27;95,9333036723161;53,3864951068084;0,967741935483871;0,967741935483871
28;92,9831600692737;58,4960339780327;0,967741935483871;1
29;92,4705325000909;71,9836794483194;0,967741935483871;1
30;95,7626034529982;78,0274711794066;0,967741935483871;0,967741935483871
31;91,6965772417821;73,998977379;0,967741935483871;1
32;92,5861750123976;90,8498857259907;0,967741935483871;1
33;95,6238141428561;94,0879276464861;0,967741935483871;1
34;89,6214462948689;61,0491725316061;0,967741935483871;0,967741935483871
35;93,1828968246519;71,368896918883;0,967741935483871;1
36;94,6001920909215;72,0460457336862;0,967741935483871;1
37;91,5286716439959;83,0207152959082;0,967741935483871;0,967741935483871
38;99,378274401346;72,7822730820196;0,967741935483871;1
39;93,5299094266503;66,0859097217681;0,967741935483871;1
40;93,1259533052658;63,8882585671295;0,967741935483871;1
41;91,5453057491797;66,6532160258656;0,967741935483871;1
42;93,0901509538218;53,9816717687837;0,967741935483871;1
43;93,8917155427203;58,915863695007;0,967741935483871;1
44;92,9961816577103;75,1613536218851;0,967741935483871;0,967741935483871
45;92,1901209914956;57,6517550335016;0,967741935483871;1
46;92,5177081554403;70,7174567145434;0,967741935483871;1
47;91,7893739101963;84,4560797484059;0,967741935483871;0,967741935483871
48;93,0891815811646;63,7318168926757;0,967741935483871;0,967741935483871
49;92,3310194828072;63,9725201981889;0,967741935483871;0,967741935483871
50;97,0099372774928;95,1468783510549;0,967741935483871;1
51;95,7992765919977;89,2178379627804;0,967741935483871;1
52;93,7057051789616;72,3237147870298;0,967741935483871;1
53;92,7901834275584;94,1606833197998;0,967741935483871;1
54;91,4491893148806;86,4016040516516;0,967741935483871;1
55;94,0628109319038;65,4704410101168;0,967741935483871;0,967741935483871
56;92,3468281596518;51,226964174473;0,967741935483871;1
57;95,6014653278719;78,8604816622734;0,967741935483871;1
58;93,548573516727;77,4119968160963;0,967741935483871;1
59;92,9428827105827;44,5538319077914;0,967741935483871;0,967741935483871
60;93,4563877007811;85,3451825360848;0,967741935483871;1
61;93,8288665268875;58,7034479861725;0,967741935483871;1
62;91,2605237420332;78,2791655226181;0,967741935483871;1
63;92,0268854732839;65,7257719546764;0,967741935483871;1
64;91,9169031671598;55,9931861415849;0,967741935483871;0,967741935483871
65;92,5231842452459;69,7267927265242;0,967741935483871;0,967741935483871
66;94,8884540149588;81,0286570788785;0,967741935483871;1
67;92,691483043671;66,0486414458585;0,967741935483871;1
68;93,6139293567683;72,2782381969209;0,967741935483871;1
69;91,3778542878871;71,7336815287003;0,967741935483871;1
70;92,6019565821241;56,1575197861141;0,967741935483871;1
71;95,1668811168113;92,073152707994;0,967741935483871;0,967741935483871
72;95,4769330330113;93,6775991239263;0,967741935483871;1
73;94,3312155227365;89,5041110574878;0,967741935483871;1
74;93,5308279952133;67,8000847371907;0,967741935483871;1
75;94,4951550992698;65,6599550581959;0,967741935483871;0,967741935483871
76;92,2107948789358;90,5437104606257;0,967741935483871;1
77;91,8711522617288;68,2433450119634;0,967741935483871;1
78;91,6861871104946;66,3666328488384;0,967741935483871;0,967741935483871
79;92,4779202929805;62,7982900242699;0,967741935483871;0,967741935483871
80;96,5840864011301;68,0836367327945;0,967741935483871;1
81;96,3318372474894;76,4480506145837;0,967741935483871;0,967741935483871
82;99,4142386277494;117,281945605308;0,967741935483871;1
83;98,2456642970645;97,1057468593082;0,967741935483871;1
84;94,6524612482034;85,1148575589338;0,967741935483871;0,967741935483871
85;93,8853456904213;66,6907582989577;0,967741935483871;1
86;91,9107950498912;56,6411646949683;0,967741935483871;0,967741935483871
87;94,6532982224199;63,1046764739721;0,967741935483871;0,967741935483871
88;92,9760932525703;71,5349455998865;0,967741935483871;0,967741935483871
89;95,4701483932597;90,1637641052048;0,967741935483871;0,967741935483871
90;95,8773752320628;107,504078084342;0,967741935483871;0,967741935483871
91;92,2096540675849;74,1933044788584;0,967741935483871;1
92;93,4134138749679;76,3550455922715;0,967741935483871;1
93;93,8695178756335;64,5871371815902;0,967741935483871;0,967741935483871
94;95,056688007241;81,3007342254217;0,967741935483871;1
95;92,9168848581803;65,9251839761579;0,967741935483871;0,967741935483871
96;94,2004568785531;91,2755653963121;0,967741935483871;0,967741935483871
97;92,9640045323984;50,8420606618778;0,967741935483871;0,967741935483871
98;94,5925482598707;85,2233304715965;0,967741935483871;0,967741935483871
99;92,593631568279;64,9000909854232;0,967741935483871;0,967741935483871
100;94,9499845760893;92,7424725215527;0,967741935483871;0,967741935483871
101;91,5576377975489;52,8424093033427;0,967741935483871;0,967741935483871
102;92,9788169063761;56,970642775696;0,967741935483871;0,967741935483871
103;93,4519145004904;77,1742874855814;0,967741935483871;1
104;92,4145061931187;70,3139385084836;0,967741935483871;0,967741935483871
105;94,4586596332115;77,9987082603535;0,967741935483871;1
106;91,5223476767713;70,972180827647;0,967741935483871;1
107;93,3385431933874;65,5627668478951;0,967741935483871;0,967741935483871
108;93,4087022088278;86,6892426382263;0,967741935483871;1
109;91,5581134570137;68,1121125797274;0,967741935483871;1
110;94,2022787526934;77,7093610712415;0,967741935483871;0,967741935483871
111;93,9138075631511;44,0626642966507;0,967741935483871;0,967741935483871
112;95,0962766513008;111,093752420532;0,967741935483871;0,967741935483871
113;91,5852586471425;49,4465369339525;0,967741935483871;0,967741935483871
114;94,0941742220721;54,0639904394216;0,967741935483871;1
115;92,7296430437062;93,6805916166461;0,967741935483871;1
116;96,6026035096706;127,377705675868;0,967741935483871;0,967741935483871
117;94,3674467289096;81,9052153839457;0,967741935483871;1
118;92,3325926622996;62,3170077555415;0,967741935483871;1
119;92,9670466107631;63,4944942805721;0,967741935483871;1
120;92,1541566963134;72,3654573718376;0,967741935483871;0,967741935483871
121;96,869161278176;105,918319504692;0,967741935483871;0,967741935483871
122;91,9918975374637;70,7922729697886;0,967741935483871;1
123;95,0629804231078;87,0281448288549;0,967741935483871;0,967741935483871
124;92,2449913706405;58,9145511976285;0,967741935483871;0,967741935483871
125;92,450228853478;77,8835452058339;0,967741935483871;1
126;93,1234489767137;80,0969088714768;0,967741935483871;0,967741935483871
127;93,5353651543583;74,6772768602146;0,967741935483871;0,967741935483871
128;92,3106332178525;100,558415741312;0,967741935483871;0,967741935483871
129;94,2148740187544;76,1217885135177;0,967741935483871;0,967741935483871
130;91,2434847154587;67,6020004525038;0,967741935483871;1
131;93,3355535147467;62,0156066505159;0,967741935483871;0,967741935483871
132;96,0750201956102;91,6361790508936;0,967741935483871;0,967741935483871
133;93,8098339951269;52,7395373489003;0,967741935483871;1
134;93,7207207524146;94,3868151610813;0,967741935483871;1
135;93,0636593946882;89,0507096404919;0,967741935483871;0,967741935483871
136;94,6654748723561;93,0046372304736;0,967741935483871;1
137;94,4578520401876;68,4020881979414;0,967741935483871;0,967741935483871
138;91,537234087192;67,7711069828409;0,967741935483871;0,967741935483871
139;91,964713925555;77,8303807757652;0,967741935483871;1
140;93,5364286591922;86,8269496261731;0,967741935483871;0,967741935483871
141;92,4780737117242;61,9813040435595;0,967741935483871;0,967741935483871
142;91,5699328565128;66,3919828506249;0,967741935483871;1
143;92,1626757990417;67,7506071502807;0,967741935483871;0,967741935483871
144;91,3938135414997;63,4530949129639;0,967741935483871;0,967741935483871
145;92,2719808920805;79,9715439993985;0,967741935483871;1
146;91,7563669764674;74,5829224029339;0,967741935483871;1
147;91,1787275083207;58,8353908518535;0,967741935483871;0,967741935483871
148;95,1447905861587;80,8001001335342;0,967741935483871;1
149;92,9557397505853;62,5592168813329;0,967741935483871;0,967741935483871
150;95,1461379202293;52,1215217560612;0,967741935483871;1
151;96,0724573652827;101,253895815219;0,967741935483871;0,967741935483871
152;92,0125958488565;63,4390451854948;0,967741935483871;0,967741935483871
153;97,0036509689415;84,8352080366488;0,967741935483871;1
154;92,9128650441559;69,7332215400895;0,967741935483871;1
155;94,1667884639816;87,9994067612528;0,967741935483871;1
156;95,7776739469507;87,054708094594;0,967741935483871;1
157;90,4233324677635;52,8180319323096;0,967741935483871;1
158;99,056888202521;110,490649086585;0,967741935483871;1
159;90,1615906974735;68,4477224761461;0,967741935483871;1
160;93,8301949705174;90,0370504085193;0,967741935483871;0,967741935483871
161;91,1755908208046;57,062982827651;0,967741935483871;0,967741935483871
162;94,1827860168086;90,1243861739855;0,967741935483871;0,967741935483871
163;93,1583585055762;65,0238059586517;0,967741935483871;1
164;98,4140704242401;135,246834043744;0,967741935483871;1
165;91,9606110305315;58,1217210541776;0,967741935483871;0,967741935483871
166;92,6757962760265;77,4073412444867;0,967741935483871;0,967741935483871
167;95,4117622354152;73,0877509050427;0,967741935483871;0,967741935483871
168;95,4847415299454;76,7746427917382;0,967741935483871;0,967741935483871
169;93,8393456975995;85,0606091668375;0,967741935483871;0,967741935483871
170;90,8650129921679;73,0638966232943;0,967741935483871;1
171;92,4032665159804;77,4806305735774;0,967741935483871;0,967741935483871
172;95,754425134137;96,1588831502815;0,967741935483871;1
173;91,3533498993044;65,2961566312058;0,967741935483871;1
174;92,9672824153575;60,0874868633609;0,967741935483871;1
175;91,4732694883383;80,8834875973608;0,967741935483871;0,967741935483871
176;95,4436421465228;85,3299446612337;0,967741935483871;1
177;97,8618618478661;116,848764249168;0,967741935483871;0,967741935483871
178;96,3494477725637;95,9723479977832;0,967741935483871;0,967741935483871
179;92,4612927541782;69,0717135068768;0,967741935483871;1
180;91,894767470044;76,0409582603358;0,967741935483871;1
181;96,4599167763467;95,9388836625067;0,967741935483871;1
182;93,8627343434561;67,5943944456852;0,967741935483871;1
183;93,8143252609243;110,895797903372;0,967741935483871;1
184;94,4251300167824;61,8794695899514;0,967741935483871;1
185;93,0748241101317;63,659290726076;0,967741935483871;0,967741935483871
186;95,4889840003058;72,7926864117103;0,967741935483871;0,967741935483871
187;89,9092623920016;66,4685442260275;0,967741935483871;1
188;90,6888240524564;64,6462955984971;0,967741935483871;1
189;94,0288016023086;60,3924218672891;0,967741935483871;1
190;93,1085492990624;86,1639103878637;0,967741935483871;0,967741935483871
191;93,058924412543;71,002144980438;0,967741935483871;0,967741935483871
192;93,6299055494902;62,731654293789;0,967741935483871;1
193;91,5847526120557;60,7157442244229;0,967741935483871;1
194;90,744394440459;76,0256960507245;0,967741935483871;1
195;94,818049086435;68,3296416961719;0,967741935483871;1
196;94,8695671148602;74,6946469727191;0,967741935483871;0,967741935483871
197;92,6827395371516;65,2497153007373;0,967741935483871;1
198;93,5474502486965;76,779504815211;0,967741935483871;1
199;93,0338091222686;75,5533904782223;0,967741935483871;0,967741935483871
200;95,2222963135847;71,5345637168357;0,967741935483871;0,967741935483871
201;93,1672278139397;72,5509704471057;0,967741935483871;0,967741935483871
202;97,6233416977961;112,216766334699;0,967741935483871;1
203;93,8465180711014;63,6019519093312;0,967741935483871;0,967741935483871
204;91,7274705613693;44,0314764947582;0,967741935483871;0,967741935483871
205;94,5016706919348;69,6263767988528;0,967741935483871;1
206;92,4442942704291;74,6483932886225;0,967741935483871;0,967741935483871
207;92,6624738164336;71,2166574761318;0,967741935483871;0,967741935483871
208;91,1528097135001;68,8757265925204;0,967741935483871;0,967741935483871
209;96,0619598145157;83,3799583297491;0,967741935483871;0,967741935483871
210;93,2441249530291;70,5906812946536;0,967741935483871;0,967741935483871
211;92,0584529303926;61,6186166691437;0,967741935483871;1
212;92,6778808291543;71,9235670212302;0,967741935483871;1
213;91,238216034499;69,5298452597336;0,967741935483871;1
214;90,3873825052532;89,5025467058853;0,967741935483871;1
215;93,4442679054137;53,3385101246816;0,967741935483871;1
216;92,3271377256431;98,0010519158631;0,967741935483871;1
217;94,8806289593992;87,3055763773886;0,967741935483871;1
218;94,291893666699;63,3439676570157;0,967741935483871;0,967741935483871
219;92,0272458662883;49,4354797565154;0,967741935483871;0,967741935483871
220;94,8394724902505;79,8548228334809;0,967741935483871;1
221;91,7068168699489;74,3895886621177;0,967741935483871;1
222;94,9293219594535;83,6465048789224;0,967741935483871;1
223;94,5263622181451;53,8139972086622;0,967741935483871;0,967741935483871
224;93,1766972104884;72,9009220935526;0,967741935483871;0,967741935483871
225;91,8286412648765;58,9127022396044;0,967741935483871;1
226;92,5083020797657;53,4299007614928;0,967741935483871;0,967741935483871
227;91,639216770588;57,5929818105369;0,967741935483871;0,967741935483871
228;92,4136876556868;67,4326237106945;0,967741935483871;0,967741935483871
229;93,3006782559538;52,0716199459138;0,967741935483871;1
230;94,7641705296589;91,305583331181;0,967741935483871;1
231;92,690130831599;83,4097718863403;0,967741935483871;1
232;93,0617126209219;75,2681115369628;0,967741935483871;0,967741935483871
233;91,2427053745802;67,6580943846915;0,967741935483871;1
234;90,9110983879419;77,8922975500716;0,967741935483871;1
235;91,5377358323762;71,2507371375235;0,967741935483871;1
236;93,610528828245;83,1396706457525;0,967741935483871;0,967741935483871
237;93,6951317216062;61,8849719450853;0,967741935483871;0,967741935483871
238;94,3298247886663;91,220641853512;0,967741935483871;0,967741935483871
239;99,4802045654055;173,335022402147;0,967741935483871;0,967741935483871
240;91,847238230957;64,8749652702496;0,967741935483871;1
241;94,7271475430952;67,3622110516208;0,967741935483871;0,967741935483871
242;96,7980270308411;78,9659278046618;0,967741935483871;1
243;95,4229520565039;76,917371853995;0,967741935483871;1
244;96,8081393926835;103,226908086992;0,967741935483871;1
245;92,4645998078944;57,4037922526852;0,967741935483871;0,967741935483871
246;92,816081373788;67,4135152987906;0,967741935483871;1
247;92,0406064125856;79,7831156001376;0,967741935483871;0,967741935483871
248;92,4729453505506;54,0573340849718;0,967741935483871;1
249;92,5919592984526;76,0438279678889;0,967741935483871;0,967741935483871
250;96,4836917449345;106,779330606014;0,967741935483871;1
251;92,086408022919;55,3598141131911;0,967741935483871;1
252;97,6779753291544;108,777261636906;0,967741935483871;1
253;100,791275812442;114,965958526976;0,967741935483871;0,967741935483871
254;91,7608037990215;76,5974875857894;0,967741935483871;1
255;94,9808527201502;63,9724995096572;0,967741935483871;0,967741935483871
256;93,2212322622349;74,5248460431442;0,967741935483871;0,967741935483871
257;93,602542346419;94,0195518386423;0,967741935483871;0,967741935483871
258;92,1385112446472;81,1133001622381;0,967741935483871;1
259;93,3979990340225;69,475673307847;0,967741935483871;1
260;93,7769157318565;54,4338462468138;0,967741935483871;1
261;93,3072422849294;78,7087744349559;0,967741935483871;0,967741935483871
262;91,4610442220074;66,0739700380566;0,967741935483871;0,967741935483871
263;94,6895937046689;75,0127910741838;0,967741935483871;1
264;93,9210313577684;57,047864945684;0,967741935483871;1
265;93,0454972632624;84,9983192666777;0,967741935483871;1
266;94,9707602250226;55,8071999798454;0,967741935483871;1
267;91,4042653690179;68,4211931015403;0,967741935483871;1
268;93,0210676121211;64,3402542845079;0,967741935483871;0,967741935483871
269;92,3405373815763;76,1585826018446;0,967741935483871;0,967741935483871
270;90,3572655720226;59,2023706939038;0,967741935483871;0,967741935483871
271;94,8671473074079;88,6309134743044;0,967741935483871;0,967741935483871
272;91,2280226850696;74,2891062891069;0,967741935483871;1
273;91,7707796401689;58,0989100297752;0,967741935483871;1
274;93,4222523327916;80,1486266548731;0,967741935483871;0,967741935483871
275;94,8214883341275;60,3144598648811;0,967741935483871;0,967741935483871
276;95,7062275873697;88,5029289836831;0,967741935483871;0,967741935483871
277;92,0197140883633;71,0210120553423;0,967741935483871;1
278;97,7949940724694;89,9522316893447;0,967741935483871;0,967741935483871
279;93,4501507768045;95,4019898003196;0,967741935483871;0,967741935483871
280;90,3802687770358;73,3965630533196;0,967741935483871;0,967741935483871
281;99,6110048519553;102,411808303438;0,967741935483871;0,967741935483871
282;92,3453624217694;62,3957410009739;0,967741935483871;0,967741935483871
283;92,747472516973;76,9276112864164;0,967741935483871;0,967741935483871
284;92,2093868905212;65,1669704120656;0,967741935483871;1
285;95,9603043218112;74,3859050140367;0,967741935483871;0,967741935483871
286;95,3841386530482;83,8594970918304;0,967741935483871;1
287;93,8462627250206;75,3478087613749;0,967741935483871;0,967741935483871
288;94,6246288668897;62,7916301212229;0,967741935483871;0,967741935483871
289;94,9147634647881;72,7493514084564;0,967741935483871;1
290;91,8874632135343;80,9886800568188;0,967741935483871;0,967741935483871
291;92,3246929300123;55,353819803069;0,967741935483871;0,967741935483871
292;96,4555402236566;93,8344050116547;0,967741935483871;0,967741935483871
293;93,3439904275968;70,7485597983588;0,967741935483871;0,967741935483871
294;94,1269614637878;69,2509394049207;0,967741935483871;1
295;91,3937898415671;44,8161279289389;0,967741935483871;0,967741935483871
296;94,5592816664969;82,4292167565699;0,967741935483871;0,967741935483871
297;96,0469417514327;76,9279402185488;0,967741935483871;0,967741935483871
298;94,3263986465424;74,7823276155364;0,967741935483871;1
299;99,6636430091543;107,243148128768;0,967741935483871;0,967741935483871
300;92,8703156876825;60,0281725425804;0,967741935483871;1
301;92,4072691040019;77,6555643615336;0,967741935483871;1
302;94,6157667221667;60,4362182688715;0,967741935483871;1
303;96,4301364378648;92,1677598875877;0,967741935483871;1
304;96,0826546366851;97,3937187372466;0,967741935483871;1
305;92,9019997936947;80,8444471310941;0,967741935483871;0,967741935483871
306;91,7272918068623;65,0362186291205;0,967741935483871;0,967741935483871
307;92,6013432289075;64,0283387901537;0,967741935483871;1
308;92,4971605497263;62,9752005250801;0,967741935483871;1
309;93,4878975114952;55,3057078723015;0,967741935483871;1
310;95,3662525717505;98,7117095362233;0,967741935483871;1
311;94,4907879440939;68,1651177827312;0,967741935483871;0,967741935483871
312;92,8482029602583;77,3752509464408;0,967741935483871;0,967741935483871
313;92,2203054154276;64,1742812782592;0,967741935483871;1
314;93,7536962930143;65,4969665952192;0,967741935483871;1
315;93,3792004110776;78,357084390931;0,967741935483871;0,967741935483871
316;96,6111913072259;124,694087559809;0,967741935483871;1
317;96,3394477999007;115,580652574901;0,967741935483871;0,967741935483871
318;92,1296584390368;89,2393176469615;0,967741935483871;0,967741935483871
319;92,7608210108788;72,227828251396;0,967741935483871;0,967741935483871
320;91,5104390085685;70,8866823153369;0,967741935483871;0,967741935483871
321;92,1552704814175;63,0642787159752;0,967741935483871;1
322;94,8095024317411;91,2400270315291;0,967741935483871;1
323;92,0304100966549;66,9537614717464;0,967741935483871;1
324;94,9970293328947;97,0421991440825;0,967741935483871;0,967741935483871
325;93,1897618372595;58,6586068888523;0,967741935483871;1
326;91,8447649568983;78,6545570220962;0,967741935483871;0,967741935483871
327;93,0637385834888;74,7147803835292;0,967741935483871;1
328;98,4996599403565;109,760677579604;0,967741935483871;1
329;93,0369223672012;71,0609050067036;0,967741935483871;1
330;93,3056120091625;83,8722939698481;0,967741935483871;0,967741935483871
331;94,4126863118496;83,3685658500924;0,967741935483871;0,967741935483871
332;97,9198477638992;86,1424252948448;0,967741935483871;0,967741935483871
333;92,3176953225028;66,69926552493;0,967741935483871;0,967741935483871
334;94,1197279112174;71,5636290144567;0,967741935483871;1
335;92,662618883263;72,2314682905036;0,967741935483871;1
336;94,1119486317658;60,3461643176791;0,967741935483871;0,967741935483871
337;95,2666289265013;97,7625287678988;0,967741935483871;1
338;95,6236124008011;94,2673179800536;0,967741935483871;1
339;94,6313526668712;76,808504647892;0,967741935483871;0,967741935483871
340;91,57409606085;65,0622770041405;0,967741935483871;0,967741935483871
341;92,5705624739024;79,279998507296;0,967741935483871;0,967741935483871
342;91,7000647635626;59,1960858301196;0,967741935483871;0,967741935483871
343;98,7959763853298;66,5189261990031;0,967741935483871;1
344;92,8632754075808;73,212643553895;0,967741935483871;0,967741935483871
345;92,6563968779175;74,628030915019;0,967741935483871;1
346;93,0688814186776;61,0670002667513;0,967741935483871;0,967741935483871
347;91,45925301454;52,6545969643125;0,967741935483871;1
348;93,4515766283406;86,8211874131493;0,967741935483871;0,967741935483871
349;92,2188336650654;65,2433140479589;0,967741935483871;1
350;97,1449624602257;83,3590860871352;0,967741935483871;0,967741935483871
351;99,0620179201375;77,3337226793556;0,967741935483871;1
352;92,5726839330127;90,1016917078783;0,967741935483871;0,967741935483871
353;91,6481379616242;74,1659660779518;0,967741935483871;0,967741935483871
354;94,4582282955556;80,917661055349;0,967741935483871;1
355;92,1422631439181;65,683953706483;0,967741935483871;1
356;90,5774662481242;61,8842806378124;0,967741935483871;0,967741935483871
357;92,716261829642;67,6886186880911;0,967741935483871;1
358;92,9217555555166;63,9942995598214;0,967741935483871;1
359;90,2027007469426;50,8716472809436;0,967741935483871;1
360;95,0057845588797;88,6023882348688;0,967741935483871;1
361;94,0973733170251;98,6798888316597;0,967741935483871;1
362;92,276686497728;70,2564810288619;0,967741935483871;1
363;94,3012453179164;73,9952161576517;0,967741935483871;0,967741935483871
364;94,7531787779778;63,7243658272256;0,967741935483871;0,967741935483871
365;91,3277950137213;62,7210168787418;0,967741935483871;0,967741935483871
366;96,1898440735045;102,988296398085;0,967741935483871;0,967741935483871
367;91,6779371995331;87,142836640295;0,967741935483871;1
368;95,9158509690411;55,9395634763949;0,967741935483871;0,967741935483871
369;91,8659527915386;57,2618967129135;0,967741935483871;0,967741935483871
370;94,4331386693752;83,6508515136821;0,967741935483871;1
371;93,2022469005143;62,5147376779214;0,967741935483871;1
372;92,119076509928;60,9995134260714;0,967741935483871;0,967741935483871
373;93,7152224245586;75,0157610051508;0,967741935483871;1
374;95,2930226161417;60,9610859274687;0,967741935483871;1
375;91,9068320461655;50,6754503638723;0,967741935483871;1
376;92,8618548452439;74,6540318250435;0,967741935483871;0,967741935483871
377;95,164923541408;61,2374258691753;0,967741935483871;0,967741935483871
378;90,7510476858637;59,4336011840877;0,967741935483871;1
379;93,498511608409;66,3132910448564;0,967741935483871;0,967741935483871
380;92,3357133920148;53,7922355124071;0,967741935483871;1
381;90,8240304516502;80,4717247461995;0,967741935483871;0,967741935483871
382;91,5201695332473;70,3975463833425;0,967741935483871;0,967741935483871
383;96,3257941565289;102,20829238776;0,967741935483871;1
384;91,9148270787143;65,1794615092816;0,967741935483871;0,967741935483871
385;95,6772116833957;79,824715048916;0,967741935483871;1
386;97,3094372698021;105,269241867176;0,967741935483871;1
387;92,5959425244766;77,4713771137847;0,967741935483871;1
388;94,6265711531594;81,4701761830169;0,967741935483871;1
389;91,0323789561294;60,5745368541862;0,967741935483871;1
390;92,9713390227073;60,0100413861901;0,967741935483871;0,967741935483871
391;95,6539586394928;68,0699026148794;0,967741935483871;1
392;89,5962611133721;72,484975048206;0,967741935483871;1
393;91,9583871123716;52,583939168715;0,967741935483871;0,967741935483871
394;92,4505392908834;68,0275202730061;0,967741935483871;1
395;101,299499711026;132,793882089518;0,967741935483871;1
396;91,4997779317587;71,4981345452107;0,967741935483871;0,967741935483871
397;92,2840422587702;67,539409923608;0,967741935483871;0,967741935483871
398;94,4605605997903;64,5288477350116;0,967741935483871;1
399;94,430712144528;61,0531545099339;0,967741935483871;0,967741935483871
400;94,9107483407072;94,1039954101791;0,967741935483871;1
401;91,6953808586361;69,8567002455338;0,967741935483871;0,967741935483871
402;95,5753285931573;77,527289904982;0,967741935483871;1
403;93,8093687079743;59,5597312210546;0,967741935483871;0,967741935483871
404;94,268696053353;93,9181588039007;0,967741935483871;1
405;92,0776685887567;84,2883366205467;0,967741935483871;1
406;92,0559497023615;52,9351889665189;0,967741935483871;0,967741935483871
407;94,7980364403604;82,9224952514855;0,967741935483871;1
408;92,4026154119268;55,4544655256153;0,967741935483871;0,967741935483871
409;91,9911047786785;74,300155316512;0,967741935483871;0,967741935483871
410;93,955713660409;60,7843278705266;0,967741935483871;0,967741935483871
411;95,8179518673176;109,863015047966;0,967741935483871;0,967741935483871
412;92,4435575688131;81,7982823448077;0,967741935483871;0,967741935483871
413;97,0919337210967;85,7994807728943;0,967741935483871;1
414;91,3499374264198;59,8025540644324;0,967741935483871;1
415;93,4674671580281;58,7470563328639;0,967741935483871;1
416;95,8664966207779;38,2613976524969;0,967741935483871;1
417;93,1581463152874;71,1078596786011;0,967741935483871;1
418;90,3052715496129;63,713040035674;0,967741935483871;1
419;94,6061943904772;69,7690852589281;0,967741935483871;1
420;92,6337424276183;53,4196541256887;0,967741935483871;0,967741935483871
421;92,8692901926414;70,164414134087;0,967741935483871;1
422;92,8319372358433;76,6890928505455;0,967741935483871;1
423;92,7704159812815;106,439685640338;0,967741935483871;1
424;92,5859096343103;78,9443705727218;0,967741935483871;1
425;91,8402130068256;71,2609484996503;0,967741935483871;1
426;93,4026681789521;59,4979882653009;0,967741935483871;1
427;94,0662590885069;58,1378345600828;0,967741935483871;1
428;91,9645820977141;68,5983120261094;0,967741935483871;0,967741935483871
429;93,3037604986596;68,5213304244871;0,967741935483871;1
430;94,3051171074766;78,3457224486215;0,967741935483871;0,967741935483871
431;92,1159183750242;61,6741075870147;0,967741935483871;1
432;91,0139101191687;68,7427825714267;0,967741935483871;0,967741935483871
433;91,1527284394249;70,2017017449284;0,967741935483871;0,967741935483871
434;91,5675985009223;67,021449420742;0,967741935483871;1
435;94,425826448798;63,1716353222442;0,967741935483871;1
436;95,4384341295813;112,504242915428;0,967741935483871;0,967741935483871
437;93,2194024162244;72,0875611884556;0,967741935483871;0,967741935483871
438;94,128611007543;56,0530754953596;0,967741935483871;1
439;92,8823975725747;60,6780138547;0,967741935483871;1
440;94,2688949332099;77,5298592960849;0,967741935483871;1
441;93,310938905303;54,1498759059614;0,967741935483871;1
442;92,428047381545;50,2503023676009;0,967741935483871;0,967741935483871
443;96,0675601135444;57,7322933385223;0,967741935483871;1
444;92,6953563043138;72,3998668309216;0,967741935483871;1
445;94,5689502507778;71,2123561205055;0,967741935483871;0,967741935483871
446;93,3609546460668;77,2307578604742;0,967741935483871;1
447;96,1774608233818;90,8850972933873;0,967741935483871;0,967741935483871
448;96,9116379312626;80,6068908805373;0,967741935483871;0,967741935483871
449;92,5474469681325;51,8749623857021;0,967741935483871;1
450;93,117193692534;54,1629145796178;0,967741935483871;0,967741935483871
451;91,2240733348841;71,231307987288;0,967741935483871;0,967741935483871
452;94,2402766610782;54,5152022805397;0,967741935483871;1
453;91,2320334891679;56,8820165519773;0,967741935483871;1
454;92,7388676698895;75,8421167425665;0,967741935483871;1
455;93,5529783221671;49,5624874200298;0,967741935483871;1
456;94,0489100374183;71,1492559936477;0,967741935483871;1
457;93,434536432478;50,29107607226;0,967741935483871;1
458;91,3449543947871;56,0749736596978;0,967741935483871;1
459;92,9137295799421;107,202748913348;0,967741935483871;1
460;99,3558497639597;120,089586105862;0,967741935483871;1
461;92,1702380168106;54,8451556988546;0,967741935483871;1
462;96,7497515270708;70,6334861027481;0,967741935483871;1
463;93,7602149734513;55,0705211951361;0,967741935483871;1
464;93,0585857036509;68,8258326589976;0,967741935483871;0,967741935483871
465;92,8357105057628;88,2936809432128;0,967741935483871;0,967741935483871
466;92,6704772147497;55,051310409993;0,967741935483871;1
467;92,0808496923458;70,7984810229656;0,967741935483871;1
468;93,3891009543814;61,0214798221661;0,967741935483871;1
469;91,7526042764273;75,5300183028766;0,967741935483871;0,967741935483871
470;91,6844699757975;77,1628572751351;0,967741935483871;0,967741935483871
471;93,6854297252542;64,0884184932857;0,967741935483871;1
472;93,7929292320206;83,9043143520739;0,967741935483871;0,967741935483871
473;93,9741035802307;77,9450872312963;0,967741935483871;0,967741935483871
474;91,7093194262376;73,7023599937205;0,967741935483871;0,967741935483871
475;92,7851120176239;73,7246148168737;0,967741935483871;0,967741935483871
476;96,2909544318491;87,1757668091808;0,967741935483871;0,967741935483871
477;91,5013021709734;61,8001677969286;0,967741935483871;1
478;92,3346646516879;79,1973560392093;0,967741935483871;0,967741935483871
479;91,7795865213689;66,8662934294062;0,967741935483871;0,967741935483871
480;93,4370359982936;59,2181487016798;0,967741935483871;1
481;96,4386607827838;77,6063501043533;0,967741935483871;1
482;93,758311789389;79,4103894955902;0,967741935483871;1
483;92,5294394663409;53,2339045090399;0,967741935483871;1
484;91,0372016901644;86,9997487563138;0,967741935483871;1
485;92,9912148497012;65,8554265050503;0,967741935483871;0,967741935483871
486;90,822656492235;82,3147903196702;0,967741935483871;0,967741935483871
487;91,8010618035576;59,612142167977;0,967741935483871;1
488;95,2683889050119;88,1174189513602;0,967741935483871;0,967741935483871
489;93,3485945667717;85,8265199014489;0,967741935483871;1
490;91,125669105534;77,8105158336987;0,967741935483871;0,967741935483871
491;93,2429528271326;77,7231899679043;0,967741935483871;1
492;97,4397942950761;98,1478671605881;0,967741935483871;0,967741935483871
493;96,0390092794442;76,5673576129196;0,967741935483871;0,967741935483871
494;95,1968276630827;78,3101023646291;0,967741935483871;1
495;92,3499764738954;69,5294445451933;0,967741935483871;0,967741935483871
496;95,5141976665991;80,6666865032411;0,967741935483871;0,967741935483871
497;91,0405062549143;77,17652847567;0,967741935483871;1
498;94,7464234109436;120,279778930864;0,967741935483871;0,967741935483871
499;91,7290007697836;51,7213059874115;0,967741935483871;0,967741935483871
500;92,0810196740316;78,0903295180664;0,967741935483871;0,967741935483871
501;96,1725513716243;116,550584359177;0,967741935483871;1
502;95,279114118455;91,3438723915827;0,967741935483871;1
503;92,4255514722849;75,9673646391427;0,967741935483871;1
504;95,4972762365043;95,0543111758177;0,967741935483871;0,967741935483871
505;95,195533438531;88,296987639634;0,967741935483871;0,967741935483871
506;96,437180814637;125,806881017039;0,967741935483871;1
507;91,128193515018;64,0354447899585;0,967741935483871;1
508;91,6331390276413;52,7376644717081;0,967741935483871;0,967741935483871
509;90,1293320176224;72,8048352565311;0,967741935483871;1
510;94,0844215258993;77,0057892486178;0,967741935483871;0,967741935483871
511;92,6414867545217;54,7447777572295;0,967741935483871;1
512;93,3652543681334;70,1263954595176;0,967741935483871;0,967741935483871
513;96,1571216623473;82,9089884759371;0,967741935483871;1
514;91,7780889354907;75,6129045753111;0,967741935483871;1
515;96,2638162808076;69,0868645117764;0,967741935483871;1
516;91,6253213639461;54,7683982610726;0,967741935483871;1
517;92,1606586936039;67,9128172552374;0,967741935483871;1
518;94,511472697791;97,7369515793942;0,967741935483871;0,967741935483871
519;92,6792840762675;69,6605796530892;0,967741935483871;1
520;95,5131396589725;80,4982931190236;0,967741935483871;1
521;93,933496438032;80,8834111866772;0,967741935483871;1
522;92,6595459764397;71,2712738144638;0,967741935483871;1
523;96,304607214768;104,670406875367;0,967741935483871;0,967741935483871
524;95,7797269207011;70,8879676312992;0,967741935483871;1
525;96,9967789397549;108,770073463465;0,967741935483871;0,967741935483871
526;94,9703339373602;65,4161525981015;0,967741935483871;0,967741935483871
527;96,0636466580146;69,3452398342657;0,967741935483871;1
528;93,8201019509945;72,4415900800924;0,967741935483871;1
529;94,1968908178482;94,0200462790314;0,967741935483871;1
530;96,2484393394761;80,9258659877957;0,967741935483871;0,967741935483871
531;92,6505592567784;68,1260651918891;0,967741935483871;0,967741935483871
532;93,4000080949406;96,9543433290898;0,967741935483871;0,967741935483871
533;92,1651574600993;82,5208403702589;0,967741935483871;0,967741935483871
534;93,6195744598815;75,8258908148209;0,967741935483871;0,967741935483871
535;91,9226687316759;62,9566533629309;0,967741935483871;1
536;95,1981833482158;69,9129561426142;0,967741935483871;0,967741935483871
537;92,1308900607939;70,2940071712269;0,967741935483871;1
538;94,1004968426606;78,6808936091942;0,967741935483871;0,967741935483871
539;91,3279843045793;48,2192641287185;0,967741935483871;1
540;92,263908464902;63,3672504203173;0,967741935483871;0,967741935483871
541;92,5381586863778;64,4865649869031;0,967741935483871;1
542;98,1182717930975;72,7891052854405;0,967741935483871;0,967741935483871
543;94,4602162244693;99,9262261532789;0,967741935483871;0,967741935483871
544;92,1977016033312;53,6165564593544;0,967741935483871;0,967741935483871
545;92,8032708315552;60,8049080805082;0,967741935483871;0,967741935483871
546;94,2304144054946;71,9085199012769;0,967741935483871;0,967741935483871
547;90,6188315856614;65,9295994048558;0,967741935483871;1
548;94,5911751930225;88,1839074362097;0,967741935483871;1
549;95,1044784637349;57,9276967113861;0,967741935483871;0,967741935483871
550;94,9381665245336;85,9110912599046;0,967741935483871;0,967741935483871
551;91,7278835517219;77,7793187988241;0,967741935483871;0,967741935483871
552;92,6616996747056;97,2735490559092;0,967741935483871;1
553;92,9207482093587;60,7353437946313;0,967741935483871;1
554;93,7649661085275;78,6152740447644;0,967741935483871;1
555;91,1175812790938;72,0311532115077;0,967741935483871;1
556;93,6395899915497;65,4507543450384;0,967741935483871;1
557;98,2581316585297;100,077102257427;0,967741935483871;1
558;97,1028007468245;101,759676581641;0,967741935483871;1
559;92,9716475295023;81,6328023291757;0,967741935483871;1
560;93,4404187893116;70,0252427463363;0,967741935483871;0,967741935483871
561;93,2809426170028;72,0888858682906;0,967741935483871;0,967741935483871
562;97,0977432057378;87,2383648175537;0,967741935483871;0,967741935483871
563;94,8324956820966;67,5777850877085;0,967741935483871;1
564;93,6245316725498;54,8504821253499;0,967741935483871;0,967741935483871
565;93,6251607103601;71,9273622013899;0,967741935483871;0,967741935483871
566;94,4449536525462;73,6858784714348;0,967741935483871;1
567;90,1010128247919;65,8232099263181;0,967741935483871;1
568;94,2437015915922;87,1604189376591;0,967741935483871;1
569;92,7439602453921;78,7349093486229;0,967741935483871;0,967741935483871
570;90,8610285753657;69,635867816706;0,967741935483871;0,967741935483871
571;91,2232658743926;57,467359069;0,967741935483871;0,967741935483871
572;94,146657562972;70,0546357189348;0,967741935483871;0,967741935483871
573;95,6468126040002;83,2427926720036;0,967741935483871;1
574;92,951656796241;40,8775086554152;0,967741935483871;0,967741935483871
575;95,2469220743485;90,9874803429756;0,967741935483871;0,967741935483871
576;94,9011965824565;101,333430878936;0,967741935483871;1
577;92,5675338385219;70,9152751043234;0,967741935483871;0,967741935483871
578;92,6667868163246;82,984219634356;0,967741935483871;1
579;94,0278854385088;63,054274578536;0,967741935483871;1
580;96,0819821031573;80,0829561014425;0,967741935483871;1
581;99,3001584852523;128,349816401571;0,967741935483871;1
582;93,8866821881219;62,5608766940866;0,967741935483871;0,967741935483871
583;95,7106901700678;75,6895227232105;0,967741935483871;1
584;94,1840508279447;88,3987620014363;0,967741935483871;1
585;93,1696708028823;66,5291716457174;0,967741935483871;1
586;94,7430291886974;64,4168843362023;0,967741935483871;1
587;92,3406525584903;60,2380011297357;0,967741935483871;1
588;93,5556907648614;66,3140190851673;0,967741935483871;0,967741935483871
589;93,3985913821979;69,7977027553818;0,967741935483871;0,967741935483871
590;93,974274869275;84,5507487205344;0,967741935483871;0,967741935483871
591;94,9644387780206;60,3377308197856;0,967741935483871;0,967741935483871
592;97,8362573644724;103,19370840977;0,967741935483871;1
593;97,1915080282444;95,0435407947134;0,967741935483871;0,967741935483871
594;94,1277025112174;93,9826302081214;0,967741935483871;1
595;98,5727417323517;127,88298000973;0,967741935483871;1
596;92,1735568930954;55,1334291864891;0,967741935483871;0,967741935483871
597;96,7409633742461;94,9931620086189;0,967741935483871;1
598;99,1259372890162;118,906546265321;0,967741935483871;1
599;93,5151926731261;85,8627817435224;0,967741935483871;0,967741935483871
600;93,7660508889828;61,0266857961389;0,967741935483871;1
601;97,1137303940696;95,5397882496801;0,967741935483871;1
602;91,6381965775803;64,8810271692601;0,967741935483871;0,967741935483871
603;93,5178983794411;54,4119241012572;0,967741935483871;1
604;96,0063999672855;93,8588215220057;0,967741935483871;1
605;92,9817789602774;71,7686655098162;0,967741935483871;0,967741935483871
606;95,9708746710162;106,032090604905;0,967741935483871;0,967741935483871
607;95,194523323595;72,7528644226266;0,967741935483871;0,967741935483871
608;94,3717701835304;70,373478337462;0,967741935483871;1
609;96,260612290672;59,2853084299691;0,967741935483871;0,967741935483871
610;95,3804911669382;70,2302218987404;0,967741935483871;0,967741935483871
611;96,731562781561;85,9272572771461;0,967741935483871;0,967741935483871
612;92,3352344541053;64,7239470944757;0,967741935483871;1
613;94,9655655392322;63,5834136673533;0,967741935483871;1
614;93,7073642984642;67,2197006134809;0,967741935483871;1
615;93,8443098788042;47,8578336326434;0,967741935483871;1
616;93,234452889457;67,6645717828785;0,967741935483871;1
617;93,3200465210303;118,583855546777;0,967741935483871;0,967741935483871
618;97,0057179476392;69,38998013684;0,967741935483871;0,967741935483871
619;94,3921036680851;72,4848988693265;0,967741935483871;1
620;91,1606108175815;51,9336640348917;0,967741935483871;0,967741935483871
621;93,6559226382725;86,1942193884097;0,967741935483871;1
622;94,2754051151309;74,1113755657654;0,967741935483871;0,967741935483871
623;93,4339790709675;55,1970016379319;0,967741935483871;1
624;97,0824336175821;84,1705835733968;0,967741935483871;1
625;93,0214547888859;66,185401315898;0,967741935483871;0,967741935483871
626;92,8555365594704;66,7542359074594;0,967741935483871;0,967741935483871
627;95,1460979674204;74,8306349513614;0,967741935483871;0,967741935483871
628;93,3017216361974;100,112704946116;0,967741935483871;1
629;93,974351007565;74,2640870190705;0,967741935483871;1
630;93,2237309215393;55,1703522012891;0,967741935483871;1
631;93,2114712779943;75,3175603099417;0,967741935483871;0,967741935483871
632;93,3399308999995;84,8545195663912;0,967741935483871;0,967741935483871
633;99,3472694967415;111,906239501178;0,967741935483871;1
634;93,230318877025;75,1022567719646;0,967741935483871;1
635;92,4536561090347;57,1641671876603;0,967741935483871;1
636;90,7945074668835;50,5947041359936;0,967741935483871;1
637;91,2026161484034;70,7490321468994;0,967741935483871;1
638;92,6424816686391;64,7492131077111;0,967741935483871;1
639;93,7403893889557;61,6443459288175;0,967741935483871;0,967741935483871
640;92,9476566483132;74,0143309317334;0,967741935483871;0,967741935483871
641;93,0294596735003;58,6052657649171;0,967741935483871;0,967741935483871
642;91,9388911486599;68,6167354734183;0,967741935483871;1
643;91,9664587795119;71,8710552160029;0,967741935483871;0,967741935483871
644;97,0964585704183;92,9318784854028;0,967741935483871;0,967741935483871
645;92,9866903825865;64,9047055251468;0,967741935483871;1
646;90,7094078420959;77,7691991443334;0,967741935483871;1
647;91,9537178328399;58,7577527303234;0,967741935483871;1
648;93,0580366022819;69,9841220815233;0,967741935483871;0,967741935483871
649;92,8215922255431;78,4333103512004;0,967741935483871;0,967741935483871
650;92,9475071164885;45,1348422246266;0,967741935483871;1
651;92,6974318448973;65,3532419298189;0,967741935483871;0,967741935483871
652;92,8815479571933;62,0188386105882;0,967741935483871;1
653;92,4547553778454;62,614492779609;0,967741935483871;0,967741935483871
654;92,0744136470915;70,3685069111369;0,967741935483871;1
655;93,7728172678346;89,8113666005396;0,967741935483871;0,967741935483871
656;93,0225878940973;85,8167833677751;0,967741935483871;0,967741935483871
657;93,8559686475049;106,40968325693;0,967741935483871;1
658;91,9068282866468;74,453576220147;0,967741935483871;1
659;92,7205411880488;72,5665225019272;0,967741935483871;0,967741935483871
660;93,0263133158813;69,0307847367656;0,967741935483871;0,967741935483871
661;91,9053867939274;54,5149485865106;0,967741935483871;0,967741935483871
662;96,5689116715102;64,3360848019879;0,967741935483871;0,967741935483871
663;91,412486199276;53,2536525840885;0,967741935483871;0,967741935483871
664;92,3100133140883;57,3107081127478;0,967741935483871;0,967741935483871
665;93,5358761310169;70,485194195701;0,967741935483871;0,967741935483871
666;93,9840639297312;73,4555468187672;0,967741935483871;1
667;92,4136083256713;74,9784662924972;0,967741935483871;1
668;91,823245459509;47,3243969095669;0,967741935483871;0,967741935483871
669;91,2293077552461;71,5080875151496;0,967741935483871;1
670;94,8653596849558;69,4028406753314;0,967741935483871;1
671;92,0534748391961;80,5548743890036;0,967741935483871;1
672;95,9095393568424;94,9108931111495;0,967741935483871;1
673;93,463358195187;77,6520956318072;0,967741935483871;1
674;93,0715305984068;95,6138810597057;0,967741935483871;0,967741935483871
675;91,4630130158933;88,0743016959367;0,967741935483871;0,967741935483871
676;93,0241953645957;69,4308884782256;0,967741935483871;0,967741935483871
677;96,1887603694355;80,1323207557852;0,967741935483871;0,967741935483871
678;93,130594239954;64,785831885071;0,967741935483871;0,967741935483871
679;91,5912837811171;79,1450810383042;0,967741935483871;0,967741935483871
680;91,071063116888;63,2434990750056;0,967741935483871;1
681;97,9062099457269;106,958507704079;0,967741935483871;0,967741935483871
682;91,1248198253518;64,530095236021;0,967741935483871;0,967741935483871
683;92,479928018307;68,1398770908531;0,967741935483871;0,967741935483871
684;92,7106717454726;59,0839580061305;0,967741935483871;1
685;91,0152274963907;74,1352056302871;0,967741935483871;1
686;92,0924344385116;59,9620841477447;0,967741935483871;1
687;93,1828365103414;62,1340933072217;0,967741935483871;1
688;94,8275141180312;82,8691850537195;0,967741935483871;1
689;92,0114603121754;67,2489499778541;0,967741935483871;0,967741935483871
690;95,6750558243457;84,5372108933323;0,967741935483871;0,967741935483871
691;90,6334074966083;79,3376547419984;0,967741935483871;1
692;91,3049205089229;81,2475473918364;0,967741935483871;1
693;94,2079514873687;62,979838226874;0,967741935483871;1
694;93,9920990303675;69,4646693499106;0,967741935483871;1
695;92,4290012831094;63,5597820447392;0,967741935483871;1
696;91,3852502257434;57,3206001673193;0,967741935483871;0,967741935483871
697;91,7311269299692;54,1895764305762;0,967741935483871;1
698;94,0240415170259;60,0335680513675;0,967741935483871;1
699;94,3412713153712;100,114226927306;0,967741935483871;1
700;94,3360321159491;54,2158883310789;0,967741935483871;0,967741935483871
701;93,0744564734932;54,5422699527034;0,967741935483871;0,967741935483871
702;93,6722542880989;86,2889846912581;0,967741935483871;0,967741935483871
703;91,6311187964475;72,575906132841;0,967741935483871;1
704;92,0246665412113;78,5009010825142;0,967741935483871;0,967741935483871
705;95,5459377107846;101,186067291669;0,967741935483871;1
706;94,4837791533316;85,0820764686962;0,967741935483871;0,967741935483871
707;92,2198256465192;57,8930001020476;0,967741935483871;0,967741935483871
708;93,153748774062;62,529025336254;0,967741935483871;0,967741935483871
709;100,266634715252;117,566625565518;0,967741935483871;0,967741935483871
710;91,2713578703173;54,3781603974646;0,967741935483871;0,967741935483871
711;94,5675223958911;104,740821451658;0,967741935483871;1
712;97,0308350623811;113,09427999874;0,967741935483871;0,967741935483871
713;93,8340983883248;62,0170271227662;0,967741935483871;1
714;91,7939121988178;60,0714231612457;0,967741935483871;0,967741935483871
715;97,5710348180066;108,938611223257;0,967741935483871;0,967741935483871
716;91,8968039776047;52,4419073980341;0,967741935483871;1
717;95,0427086961367;95,3112373696634;0,967741935483871;1
718;92,8287798932528;70,8167232655906;0,967741935483871;1
719;91,9333800673598;87,3447440620418;0,967741935483871;0,967741935483871
720;92,0718635038813;83,3123082860228;0,967741935483871;0,967741935483871
721;93,2690931574194;94,5686145822418;0,967741935483871;1
722;93,9744732877174;78,2353656174941;0,967741935483871;0,967741935483871
723;98,0768517246178;107,06795720619;0,967741935483871;1
724;94,007249895849;48,9307567891385;0,967741935483871;1
725;94,7429921945051;82,5391096428762;0,967741935483871;1
726;91,6487888027919;75,7045765015447;0,967741935483871;0,967741935483871
727;96,4041022763228;73,6080209406435;0,967741935483871;0,967741935483871
728;93,0985246291697;68,9003693517981;0,967741935483871;0,967741935483871
729;94,1802113435137;87,000806271406;0,967741935483871;1
730;95,6336260370878;88,4268349800875;0,967741935483871;0,967741935483871
731;91,4118940226667;54,0473184036321;0,967741935483871;1
732;94,8400708254262;79,1507903981184;0,967741935483871;1
733;95,1752589518431;83,4673367112929;0,967741935483871;0,967741935483871
734;91,454381266765;54,7516334496972;0,967741935483871;1
735;92,6720805231827;70,1511685625971;0,967741935483871;1
736;92,0199056943629;75,2711277509393;0,967741935483871;0,967741935483871
737;91,5439965316472;76,2299756968555;0,967741935483871;0,967741935483871
738;92,805948479034;51,2305334226532;0,967741935483871;1
739;92,9501121293988;58,5390300873688;0,967741935483871;0,967741935483871
740;95,2032232297504;92,4840418793232;0,967741935483871;0,967741935483871
741;98,1279150053572;111,405887695514;0,967741935483871;1
742;93,9704508680383;82,3908873746918;0,967741935483871;1
743;94,8713040641695;96,1804473748778;0,967741935483871;1
744;93,0451927235452;96,5260272663378;0,967741935483871;0,967741935483871
745;92,7283782515749;72,6109584128087;0,967741935483871;1
746;92,5342814013921;78,6415539633754;0,967741935483871;1
747;95,3743131283445;72,9525549643843;0,967741935483871;1
748;92,7666609322212;70,5508720335295;0,967741935483871;0,967741935483871
749;93,1150058151477;77,8836299221081;0,967741935483871;0,967741935483871
750;91,401730942988;44,6352660259063;0,967741935483871;1
751;93,7894827369392;106,706456708549;0,967741935483871;1
752;93,7011868566291;88,5673054046628;0,967741935483871;1
753;93,836446848896;65,2742362419731;0,967741935483871;1
754;91,3934470655949;56,6394243942055;0,967741935483871;1
755;95,138730757339;83,3644502046864;0,967741935483871;1
756;99,5873404517118;99,3744228354625;0,967741935483871;0,967741935483871
757;97,7581050645575;90,0114997672813;0,967741935483871;0,967741935483871
758;96,1562743541076;102,160486442177;0,967741935483871;0,967741935483871
759;92,1976155804999;78,4206689935094;0,967741935483871;1
760;93,0880400921262;78,2442365265628;0,967741935483871;0,967741935483871
761;93,9886807893352;54,1080681897298;0,967741935483871;1
762;98,1691641631568;103,586751077282;0,967741935483871;1
763;93,1456735157094;79,0263013912446;0,967741935483871;1
764;94,7247392418128;90,5586386382415;0,967741935483871;0,967741935483871
765;96,8038457449103;93,6327097208387;0,967741935483871;0,967741935483871
766;92,8091093643013;64,4366722883608;0,967741935483871;0,967741935483871
767;93,5748244997467;78,4740380599779;0,967741935483871;1
768;94,5398540764038;68,8105860700769;0,967741935483871;1
769;97,8945662623527;98,9840477625383;0,967741935483871;1
770;94,5062582414017;86,4551122257831;0,967741935483871;0,967741935483871
771;94,2285695232012;78,2519581229747;0,967741935483871;1
772;96,1224197900723;89,0534115012559;0,967741935483871;1
773;92,037492315455;69,6267387199342;0,967741935483871;1
774;100,320802157937;116,707615390848;0,967741935483871;0,967741935483871
775;94,5364319747794;71,2777819970654;0,967741935483871;1
776;93,2042734365558;81,7485802983193;0,967741935483871;0,967741935483871
777;91,2107783917649;63,6125442707663;0,967741935483871;1
778;91,6429375575042;61,3879598639056;0,967741935483871;1
779;94,422596249145;59,5595582183989;0,967741935483871;0,967741935483871
780;93,855114000389;65,4770331686197;0,967741935483871;0,967741935483871
781;91,6452519671413;81,8963271200137;0,967741935483871;1
782;93,0784815144019;79,4505067905533;0,967741935483871;0,967741935483871
783;92,6504219891351;75,1795574234841;0,967741935483871;0,967741935483871
784;93,2366008121024;58,3609297302649;0,967741935483871;0,967741935483871
785;83;51,563843002785;0,838709677419355;0,870967741935484
786;93,6637064396485;58,6454263749941;0,967741935483871;1
787;91,8355554329592;73,3029426714114;0,967741935483871;0,967741935483871
788;94,0300657660587;71,1553252340342;0,967741935483871;1
789;92,8906709371799;87,3420660475574;0,967741935483871;1
790;93,0771373007877;61,7435416542786;0,967741935483871;1
791;93,066540463642;78,5849454854295;0,967741935483871;0,967741935483871
792;94,101665144982;75,853181689117;0,967741935483871;0,967741935483871
793;91,6277408062283;81,4658748900594;0,967741935483871;0,967741935483871
794;91,0856864968166;77,910228158428;0,967741935483871;0,967741935483871
795;92,0263475628611;56,2230380327976;0,967741935483871;1
796;92,7333873763677;76,0025531387065;0,967741935483871;1
797;93,7256214170808;68,6829437285195;0,967741935483871;1
798;94,658918692095;63,2472092421916;0,967741935483871;0,967741935483871
799;92,5280368980422;66,9553427690235;0,967741935483871;0,967741935483871
800;91,0048349735351;81,793997907522;0,967741935483871;0,967741935483871
801;96,1396742930892;100,833681151955;0,967741935483871;0,967741935483871
802;95,7402622456212;54,0510490989684;0,967741935483871;0,967741935483871
803;92,3222619174762;51,3460498303944;0,967741935483871;0,967741935483871
804;91,2445868742152;59,4141197932592;0,967741935483871;1
805;90,8743342770499;66,647786475243;0,967741935483871;1
806;91,7416599394301;64,411035846688;0,967741935483871;1
807;93,9342405207;77,8782730337957;0,967741935483871;0,967741935483871
808;93,0092252519423;55,6763952087029;0,967741935483871;1
809;93,1763421623893;65,0089320406376;0,967741935483871;1
810;90,7760159313364;75,0187976929335;0,967741935483871;1
811;93,2540792908403;65,7786049118515;0,967741935483871;0,967741935483871
812;95,772372768389;91,1189862991522;0,967741935483871;0,967741935483871
813;92,8159717907058;86,5938679434752;0,967741935483871;0,967741935483871
814;90,9254092031666;59,5739705181266;0,967741935483871;1
815;97,6829674352737;70,3058511197851;0,967741935483871;1
816;98,1378175049283;91,851354937209;0,967741935483871;1
817;91,934216075175;75,2362080304749;0,967741935483871;0,967741935483871
818;94,8063366418685;82,8231030769847;0,967741935483871;0,967741935483871
819;95,3028785683705;47,0499355606959;0,967741935483871;1
820;95,0044925356177;96,1037212411297;0,967741935483871;0,967741935483871
821;94,8582404528593;59,0257579974071;0,967741935483871;0,967741935483871
822;94,0137504292243;59,9880158153946;0,967741935483871;1
823;93,2990600648177;75,9624131535433;0,967741935483871;1
824;94,5084337752995;63,3470092521467;0,967741935483871;0,967741935483871
825;93,6700840480741;53,2696621937589;0,967741935483871;1
826;93,9212033366799;70,420068864661;0,967741935483871;1
827;91,0765106939823;68,0405048996228;0,967741935483871;1
828;94,7697211874308;79,594778011747;0,967741935483871;0,967741935483871
829;95,3243537792321;86,9658074662509;0,967741935483871;0,967741935483871
830;96,0007328778671;68,3134394142647;0,967741935483871;1
831;93,1552030418789;66,731154538109;0,967741935483871;0,967741935483871
832;92,8096774797633;63,1882081058735;0,967741935483871;0,967741935483871
833;93,0142319014815;73,9020999484694;0,967741935483871;1
834;94,0817162373917;95,207105373198;0,967741935483871;0,967741935483871
835;92,0314007202628;56,303062550017;0,967741935483871;1
836;92,3547751868602;50,8922984870225;0,967741935483871;1
837;95,9589631527663;101,368304359695;0,967741935483871;0,967741935483871
838;95,8478375855271;102,183215810672;0,967741935483871;1
839;94,5921253056346;114,16477415318;0,967741935483871;1
840;90,3940585141549;54,7156393923054;0,967741935483871;0,967741935483871
841;96,1814591430098;71,849733791221;0,967741935483871;1
842;93,7651733618075;61,0783482581417;0,967741935483871;1
843;90,9702107471053;75,8090037133985;0,967741935483871;0,967741935483871
844;92,4944978114408;51,596949761195;0,967741935483871;1
845;94,1180578587722;91,6005008621854;0,967741935483871;0,967741935483871
846;95,7710010592245;96,6109407654742;0,967741935483871;1
847;89,2928853286742;79,3292503593517;0,967741935483871;1
848;92,4201413580258;79,9355798571035;0,967741935483871;0,967741935483871
849;96,9313319384965;109,801591974358;0,967741935483871;0,967741935483871
850;96,621943392318;71,2081992930387;0,967741935483871;1
851;96,943112093593;108,158188348921;0,967741935483871;1
852;93,1964816722984;65,9923887250226;0,967741935483871;1
853;92,2121879571998;68,1859254837728;0,967741935483871;1
854;92,8913236127344;57,9302633460267;0,967741935483871;1
855;92,5356231576168;77,9549036534922;0,967741935483871;1
856;90,0153948649301;54,8352464201231;0,967741935483871;0,967741935483871
857;92,8306666092743;101,849036064975;0,967741935483871;0,967741935483871
858;93,3207913406535;71,7414644852826;0,967741935483871;1
859;93,1443734635807;65,7455854167984;0,967741935483871;0,967741935483871
860;90,4407475822744;59,1146290149877;0,967741935483871;0,967741935483871
861;91,8589456501171;49,664211989947;0,967741935483871;1
862;95,8686003923839;85,2883909746134;0,967741935483871;1
863;94,1865214354269;99,0505334145117;0,967741935483871;1
864;89,8030690552825;62,2004034608379;0,967741935483871;0,967741935483871
865;93,1651315314361;79,0585766625103;0,967741935483871;1
866;92,4460529857901;88,5548792274983;0,967741935483871;0,967741935483871
867;92,468067487286;76,2694696622309;0,967741935483871;0,967741935483871
868;92,278575402227;54,0840088091657;0,967741935483871;0,967741935483871
869;95,1050531729256;94,7541841948517;0,967741935483871;0,967741935483871
870;92,9002586449362;76,0758909414467;0,967741935483871;0,967741935483871
871;96,3079208015354;79,2058042775659;0,967741935483871;1
872;93,358699036514;70,0007197774278;0,967741935483871;1
873;94,3431250282357;57,6340277217366;0,967741935483871;1
874;92,3631822352199;66,4329818821956;0,967741935483871;0,967741935483871
875;94,4603860448293;95,8926652562964;0,967741935483871;1
876;94,9936005378854;92,0690306580561;0,967741935483871;1
877;93,4075693163873;54,2326074425047;0,967741935483871;0,967741935483871
878;93,6969949588896;81,3019495665646;0,967741935483871;1
879;95,8904361520393;105,29028241515;0,967741935483871;1
880;92,343464715656;67,4532236000167;0,967741935483871;0,967741935483871
881;90,9201054848028;51,927063254796;0,967741935483871;1
882;91,6991642163545;66,8665309861952;0,967741935483871;1
883;93,0396733566131;71,8775917956268;0,967741935483871;0,967741935483871
884;92,5963752055418;60,4232679366388;0,967741935483871;0,967741935483871
885;93,526040466986;63,0856994531929;0,967741935483871;0,967741935483871
886;93,9561957744746;58,892551312022;0,967741935483871;0,967741935483871
887;92,7369110176669;75,0612556412054;0,967741935483871;1
888;98,1526332843506;86,8396730674905;0,967741935483871;0,967741935483871
889;93,1375782979365;72,6708130296777;0,967741935483871;0,967741935483871
890;92,1161583090382;74,2868195651485;0,967741935483871;0,967741935483871
891;93,6479808886336;67,7463073376243;0,967741935483871;0,967741935483871
892;94,9260044280673;55,0440237379498;0,967741935483871;0,967741935483871
893;93,4921428709275;64,6430065451497;0,967741935483871;1
894;91,9817654131989;65,6469097248765;0,967741935483871;1
895;94,390308711808;67,4019485079138;0,967741935483871;1
896;93,3514803795758;53,9627839925966;0,967741935483871;1
897;98,6074882258258;102,807379733505;0,967741935483871;0,967741935483871
898;93,2052288167861;80,4401494961949;0,967741935483871;0,967741935483871
899;96,3914662268474;76,5954512482747;0,967741935483871;0,967741935483871
900;92,8389700067945;59,9331641969264;0,967741935483871;0,967741935483871
901;93,4232368802218;88,9727645018103;0,967741935483871;1
902;91,1082872672277;52,6442534111863;0,967741935483871;1
903;92,9483774958376;71,0268878445534;0,967741935483871;1
904;95,9974797608673;111,424707493016;0,967741935483871;0,967741935483871
905;95,9278021783258;77,272969010703;0,967741935483871;1
906;92,7833411000442;70,9334305030428;0,967741935483871;0,967741935483871
907;93,3226886551636;95,3490436276428;0,967741935483871;1
908;92,1804222818496;53,9490144536153;0,967741935483871;1
909;94,2585619752014;111,126353870105;0,967741935483871;0,967741935483871
910;92,9453964269618;61,5451342469653;0,967741935483871;0,967741935483871
911;97,5136885037463;105,244027967206;0,967741935483871;0,967741935483871
912;94,9055730948722;64,3541370745674;0,967741935483871;0,967741935483871
913;92,0577000321461;74,5214260053608;0,967741935483871;1
914;93,5566176616519;52,8719136089801;0,967741935483871;1
915;91,5453034723992;72,1194597952483;0,967741935483871;1
916;94,7576305297135;63,5380261048145;0,967741935483871;1
917;95,1409054696033;81,2162046246756;0,967741935483871;0,967741935483871
918;93,8283468979498;72,8228188497569;0,967741935483871;1
919;94,5877960623419;90,4439215293359;0,967741935483871;0,967741935483871
920;92,9557687829683;72,5822947627868;0,967741935483871;0,967741935483871
921;93,7543840692159;87,488821819313;0,967741935483871;0,967741935483871
922;94,0483174995335;71,1070707565299;0,967741935483871;0,967741935483871
923;94,133945357794;81,537345223363;0,967741935483871;0,967741935483871
924;94,1360095177231;87,6285135961144;0,967741935483871;1
925;94,2518930216216;103,973420160268;0,967741935483871;0,967741935483871
926;94,1712279517599;47,4080982158031;0,967741935483871;1
927;93,0239843761878;58,1610176958939;0,967741935483871;1
928;93,0641561393043;58,147862815545;0,967741935483871;1
929;91,6058462944847;70,9943069057036;0,967741935483871;0,967741935483871
930;96,0844356655404;80,4441899728863;0,967741935483871;1
931;92,6047339851408;85,4125799277406;0,967741935483871;1
932;92,5423798517013;76,9905603529857;0,967741935483871;0,967741935483871
933;92,4062537223212;83,6907197632011;0,967741935483871;1
934;96,4275152850755;74,3002967369651;0,967741935483871;0,967741935483871
935;96,3692101341236;74,8302246896802;0,967741935483871;1
936;95,9539201064005;55,8827894223416;0,967741935483871;0,967741935483871
937;95,3387147178073;98,9522121200752;0,967741935483871;1
938;96,1592836399669;98,9461779938343;0,967741935483871;1
939;93,0989185748601;55,8449161171591;0,967741935483871;0,967741935483871
940;91,8070018762474;65,9584200592843;0,967741935483871;0,967741935483871
941;94,7272268406324;90,0058194281604;0,967741935483871;0,967741935483871
942;95,0267662363265;77,1927131343152;0,967741935483871;1
943;92,6433500970633;49,6954140405868;0,967741935483871;0,967741935483871
944;96,7812511523886;89,2310772253591;0,967741935483871;1
945;91,9764959863611;66,9157015914269;0,967741935483871;1
946;94,6279217280175;79,8957049292582;0,967741935483871;1
947;95,6329211693143;70,5117216397412;0,967741935483871;1
948;92,4222571933973;70,6730144252283;0,967741935483871;1
949;89,9599613955485;69,7793425523341;0,967741935483871;1
950;93,7841244588463;84,4220588426586;0,967741935483871;1
951;94,4169858804006;79,6157989330525;0,967741935483871;0,967741935483871
952;93,108428906446;60,8649907047323;0,967741935483871;1
953;93,4616875628796;63,1500109869157;0,967741935483871;1
954;96,4331682007783;105,943194554011;0,967741935483871;1
955;93,0930008852889;93,0592234433648;0,967741935483871;0,967741935483871
956;91,3123588682528;66,3703969008042;0,967741935483871;0,967741935483871
957;94,0660727537825;64,6387769812817;0,967741935483871;1
958;91,5545240048275;79,0303176668284;0,967741935483871;0,967741935483871
959;97,5065815201105;95,5330028509106;0,967741935483871;0,967741935483871
960;96,0034254150606;98,1691429573883;0,967741935483871;0,967741935483871
961;93,7808917180647;73,3657742745308;0,967741935483871;0,967741935483871
962;94,9057161808012;77,5857667086935;0,967741935483871;1
963;96,5207573052097;76,6586913246689;0,967741935483871;0,967741935483871
964;94,5630280144424;74,9186915176394;0,967741935483871;0,967741935483871
965;93,7133926092242;66,8200597661771;0,967741935483871;1
966;96,9282952737991;75,2189512734947;0,967741935483871;0,967741935483871
967;92,5590141320429;48,9102961419112;0,967741935483871;1
968;93,6608883449188;65,2240595693656;0,967741935483871;1
969;91,3192862411869;73,8563514595445;0,967741935483871;1
970;95,4854857266856;72,5859489624022;0,967741935483871;1
971;92,8247389380069;60,8730651543368;0,967741935483871;1
972;92,4755068200055;48,1160061693497;0,967741935483871;1
973;96,8946020927979;116,791658882071;0,967741935483871;0,967741935483871
974;95,0278029731312;71,6353372198432;0,967741935483871;1
975;93,2081424090689;84,6769553850078;0,967741935483871;0,967741935483871
976;95,048330055996;73,1685537100789;0,967741935483871;1
977;95,1244057324091;79,6569076628223;0,967741935483871;0,967741935483871
978;94,4621200928354;71,3086565148645;0,967741935483871;0,967741935483871
979;95,3848353141184;81,9858193554841;0,967741935483871;0,967741935483871
980;91,5774231867594;61,0033160130332;0,967741935483871;0,967741935483871
981;93,395934460155;90,2690891977137;0,967741935483871;0,967741935483871
982;96,9320168684449;92,6605195935533;0,967741935483871;0,967741935483871
983;91,5333423482373;85,1500877553726;0,967741935483871;1
984;98,8747299269181;96,5638078969433;0,967741935483871;0,967741935483871
985;94,3671394472404;59,2482835638578;0,967741935483871;1
986;95,8310273420564;84,3825305328158;0,967741935483871;1
987;93,4857773115262;51,610947356701;0,967741935483871;1
988;95,1603397338838;90,8035146574514;0,967741935483871;0,967741935483871
989;90,9401435775396;67,5496803247539;0,967741935483871;0,967741935483871
990;95,7671792747644;69,8415620117664;0,967741935483871;1
991;92,4186753659731;61,6025091314394;0,967741935483871;0,967741935483871
992;91,5555353805212;46,1843482514447;0,967741935483871;1
993;93,0831467778671;50,839217705261;0,967741935483871;1
994;91,8471743081479;60,3804468232492;0,967741935483871;0,967741935483871
995;94,6107793170385;87,1355983838727;0,967741935483871;1
996;93,5656468047489;73,5703462639868;0,967741935483871;1
997;92,3251638378787;62,4446665898788;0,967741935483871;0,967741935483871
998;95,9895875949947;111,829879849826;0,967741935483871;0,967741935483871
999;97,9685636345109;110,421841511254;0,967741935483871;0,967741935483871
