Instance Name; Schedule Type;SoFS;Run nr;QM1;QM2
100j-50r-12m.ms;GreedyLoadBalancing;761;1;170,072922650349;656,909829221519;0,98019801980198;1
100j-50r-12m.ms;GreedyLoadBalancing;761;2;173,977195390252;676,398917552794;0,98019801980198;1
100j-50r-12m.ms;GreedyLoadBalancing;761;3;168,176221128633;645,616029444727;0,98019801980198;0,99009900990099
100j-50r-12m.ms;GreedyLoadBalancing;761;4;174,617533238276;648,407316211362;0,98019801980198;1
100j-50r-12m.ms;GreedyLoadBalancing;761;5;172,179846114568;690,749680211369;0,98019801980198;0,99009900990099
100j-50r-12m.ms;GreedyLoadBalancing;761;6;168,805662476505;654,029243052916;0,98019801980198;1
100j-50r-12m.ms;GreedyLoadBalancing;761;7;168,526056237957;665,654171308685;0,98019801980198;1
100j-50r-12m.ms;GreedyLoadBalancing;761;8;168,056713919863;587,356298918858;0,98019801980198;0,99009900990099
100j-50r-12m.ms;GreedyLoadBalancing;761;9;173,156070336507;562,20394944472;0,98019801980198;0,99009900990099
