0;213,469305725768;402,15359693819;0,99009900990099;1
1;214,770669515247;406,456770358417;0,99009900990099;1
2;216,144022914443;344,233445860753;0,99009900990099;1
3;211,197024647861;366,846592617362;0,99009900990099;1
4;215,438626481982;441,572385106795;0,99009900990099;1
5;211,446850943325;343,531021468631;0,99009900990099;1
6;214,853340238188;438,396580249506;0,99009900990099;1
7;220,034055269415;533,948550049016;0,99009900990099;1
8;214,211883328059;488,810503217766;0,99009900990099;1
9;212,684561854586;234,534333626062;0,99009900990099;1
10;211,83939566778;371,260430452453;0,99009900990099;1
11;218,752948427188;329,592653360261;0,99009900990099;1
12;217,512330221496;421,795076189166;0,99009900990099;1
13;215,983337616142;443,426972375128;0,99009900990099;1
14;213,204308957128;341,624976409877;0,99009900990099;1
15;211,784060718104;331,699746593935;0,99009900990099;1
16;214,823437151414;538,521726548182;0,99009900990099;1
17;212,073603954663;407,337794764417;0,99009900990099;1
18;216,032449940741;369,074582045335;0,99009900990099;1
19;214,791654332627;488,871207022979;0,99009900990099;1
20;214,426275093154;569,071404713393;0,99009900990099;1
21;213,382278299823;382,149861333283;0,99009900990099;1
22;212,322576461282;276,525281872984;0,99009900990099;1
23;213,116131180239;447,554921426502;0,99009900990099;1
24;216,22187258362;465,268723839933;0,99009900990099;1
25;212,290886968792;485,342347922466;0,99009900990099;1
26;220,195682661736;387,409138551664;0,99009900990099;1
27;216,961352487964;558,792585094641;0,99009900990099;1
28;212,700306201043;371,223660975663;0,99009900990099;1
29;214,408820924181;433,441899540275;0,99009900990099;1
30;217,713255026375;378,301141506049;0,99009900990099;1
31;213,613444670933;332,295016096133;0,99009900990099;1
32;212,480638240418;333,38593654165;0,99009900990099;1
33;211,526008143771;402,377016796752;0,99009900990099;1
34;224,017460409897;578,345569761153;0,99009900990099;1
35;213,457113055593;365,071898111833;0,99009900990099;1
36;212,862706007283;487,715052288046;0,99009900990099;1
37;215,032656400287;315,244251466348;0,99009900990099;1
38;212,492436220735;407,270196922589;0,99009900990099;1
39;213,45194588251;461,84728422562;0,99009900990099;1
40;212,209524060223;347,039306260224;0,99009900990099;1
41;211,082250348721;432,373655778358;0,99009900990099;1
42;213,499001463752;359,654568315137;0,99009900990099;1
43;214,328740330883;411,084531065354;0,99009900990099;1
44;203;501,096808567619;0,871287128712871;0,881188118811881
45;211,722401880175;463,419762510397;0,99009900990099;1
46;214,895251948226;378,023157495653;0,99009900990099;1
47;213,269627313507;365,256647112265;0,99009900990099;1
48;214,507779428486;384,004851536123;0,99009900990099;1
49;213,369521043293;363,561045305031;0,99009900990099;1
50;213,631871538634;410,833516782659;0,99009900990099;1
51;211,343423303657;319,840526353638;0,99009900990099;1
52;212,200347726401;355,096109157643;0,99009900990099;1
53;211,252966167012;376,883867681716;0,99009900990099;1
54;212,20627254147;412,86347272547;0,99009900990099;1
55;211,553403479629;353,827466646854;0,99009900990099;1
56;215,254724346878;531,957759756752;0,99009900990099;1
57;213,235046203291;349,382572023979;0,99009900990099;1
58;211,253048427531;429,095988132077;0,99009900990099;1
59;212,290127676601;470,095904734257;0,99009900990099;1
60;216,160743743448;473,035067561394;0,99009900990099;1
61;219,30833251697;321,213059674459;0,99009900990099;1
62;212,231665935186;408,980450723799;0,99009900990099;1
63;214,828398820515;505,543560798556;0,99009900990099;1
64;211,767021880466;372,189162448635;0,99009900990099;1
65;217,531876262988;424,52521469995;0,99009900990099;1
66;212,406295330511;335,41784116477;0,99009900990099;1
67;215,401677074918;424,409223146031;0,99009900990099;1
68;218,061448798832;413,857192448196;0,99009900990099;1
69;217,909201011179;469,160881346113;0,99009900990099;1
70;213,57597765896;393,148298199841;0,99009900990099;1
71;210,328845816841;284,801591355204;0,99009900990099;1
72;220,276951051352;354,9560578813;0,99009900990099;1
73;214,254590220901;419,298489170849;0,99009900990099;1
74;214,979768379195;362,692408397514;0,99009900990099;1
75;214,162071063341;373,491588930199;0,99009900990099;1
76;217,349161537371;369,627053664987;0,99009900990099;1
77;213,861931240467;323,586171293416;0,99009900990099;1
78;212,919084641038;316,857510313683;0,99009900990099;1
79;214,612797862504;367,116137985502;0,99009900990099;1
80;203;319,137267212969;0,801980198019802;0,811881188118812
81;214,031634943046;445,830016739684;0,99009900990099;1
82;212,189942448219;480,259211274963;0,99009900990099;1
83;214,962420447294;440,794571411004;0,99009900990099;1
84;211,457479322393;347,67046913037;0,99009900990099;1
85;217,469265883825;496,384543676252;0,99009900990099;1
86;215,350662751102;463,446576215887;0,99009900990099;1
87;216,023868322653;421,213029085418;0,99009900990099;1
88;213,140668201766;340,437173554787;0,99009900990099;1
89;213,717232146098;319,586126884448;0,99009900990099;1
90;214,421051030999;367,26338529247;0,99009900990099;1
91;211,036909542728;393,84757558094;0,99009900990099;1
92;212,275304334057;420,05803631287;0,99009900990099;1
93;212,68927783529;500,209450294525;0,99009900990099;1
94;214,024943821345;326,353040158585;0,99009900990099;1
95;214,276655746958;477,58765746582;0,99009900990099;1
96;211,790329816395;496,517395500865;0,99009900990099;1
97;203;271,311994409529;0,673267326732673;0,683168316831683
98;210,955264522133;405,395090059413;0,99009900990099;1
99;215,124730914026;343,582988622017;0,99009900990099;1
100;214,138536291216;531,74683991261;0,99009900990099;1
101;219,570738998695;531,473179012269;0,99009900990099;1
102;219,650459266155;555,093077207537;0,99009900990099;1
103;213,297054775026;311,895006812016;0,99009900990099;1
104;210,672985385125;391,027633044764;0,99009900990099;1
105;211,909825184656;281,973721913;0,99009900990099;1
106;214,607115071836;536,819347155539;0,99009900990099;1
107;220,469606392627;360,606532840065;0,99009900990099;1
108;213,432427535718;408,572859715674;0,99009900990099;1
109;213,717469218067;314,643385290461;0,99009900990099;1
110;209,25023311546;382,180575810594;0,99009900990099;1
111;214,64593379391;340,021297604871;0,99009900990099;1
112;218,633176616507;385,946167883177;0,99009900990099;1
113;215,711526534804;373,276996752793;0,99009900990099;1
114;203;226,568556524427;0,673267326732673;0,683168316831683
115;213,864057646437;419,334077382892;0,99009900990099;1
116;211,698714691688;308,302705386897;0,99009900990099;1
117;213,306638370329;445,475961782006;0,99009900990099;1
118;210,247492112951;409,124646888626;0,99009900990099;1
119;215,140200323108;343,429673732138;0,99009900990099;1
120;213,652859811126;421,525350423281;0,99009900990099;1
121;214,085932132955;295,605378499493;0,99009900990099;1
122;212,645927939048;488,957206805221;0,99009900990099;1
123;215,051548924037;409,46597160737;0,99009900990099;1
124;214,574557004315;448,778890380175;0,99009900990099;1
125;212,742662719601;482,383714501323;0,99009900990099;1
126;214,318861458107;388,711008315304;0,99009900990099;1
127;213,917005876198;457,985698165504;0,99009900990099;1
128;216,512912505024;532,94535138682;0,99009900990099;1
129;217,683933189039;529,972234519211;0,99009900990099;1
130;216,294563541103;390,278348389255;0,99009900990099;1
131;213,785826976002;397,261581688969;0,99009900990099;1
132;215,532198539461;403,73344004041;0,99009900990099;1
133;211,945702351917;472,235100018311;0,99009900990099;1
134;212,83559059492;328,873415943646;0,99009900990099;1
135;203;319,677419058581;0,673267326732673;0,683168316831683
136;212,730684075683;387,17229228673;0,99009900990099;1
137;214,444210744395;331,354760889323;0,99009900990099;1
138;212,208367051392;381,233495953539;0,99009900990099;1
139;222,724153531812;698,540426690664;0,99009900990099;1
140;211,992531159639;362,933593012826;0,99009900990099;1
141;211,721260435582;333,936333828348;0,99009900990099;1
142;214,046684806499;397,422903365396;0,99009900990099;1
143;212,205955394295;392,888901610909;0,99009900990099;1
144;211,62886652868;292,894937118733;0,99009900990099;1
145;210,249199573953;397,436490717649;0,99009900990099;1
146;215,290211949045;528,158863444974;0,99009900990099;1
147;216,314800432514;365,326642151207;0,99009900990099;1
148;216,690986195259;385,850032413331;0,99009900990099;1
149;215,880658939579;483,293604524239;0,99009900990099;1
150;213,459334588909;355,690410126683;0,99009900990099;1
151;214,647731463464;364,32041383151;0,99009900990099;1
152;215,879683921231;392,446823344558;0,99009900990099;1
153;213,07146947534;481,084857126519;0,99009900990099;1
154;213,826630623861;356,15473404087;0,99009900990099;1
155;214,515529195634;450,035795154834;0,99009900990099;1
156;213,946224213678;296,064120783205;0,99009900990099;1
157;216,294715444679;496,440891945461;0,99009900990099;1
158;212,471326137837;331,747436905419;0,99009900990099;1
159;216,504019941201;368,206403867083;0,99009900990099;1
160;216,096237415647;261,408460238012;0,99009900990099;1
161;219,703934369305;556,424600348694;0,99009900990099;1
162;212,127388022759;422,206553903695;0,99009900990099;1
163;212,035031785604;341,248523668853;0,99009900990099;1
164;212,731675078286;430,698447325378;0,99009900990099;1
165;215,777457830108;434,387039933738;0,99009900990099;1
166;215,754817342766;452,465079070237;0,99009900990099;1
167;210,960019686889;485,130149237291;0,99009900990099;1
168;214,769443525225;414,270663915638;0,99009900990099;1
169;216,596846608511;419,519315466753;0,99009900990099;1
170;212,985747647513;449,797297840836;0,99009900990099;1
171;214,609132066871;365,749310492779;0,99009900990099;1
172;215,592310064264;458,61608453969;0,99009900990099;1
173;214,847859099368;362,817836726817;0,99009900990099;1
174;213,207960033784;471,571479054503;0,99009900990099;1
175;212,829646748449;574,841554614299;0,99009900990099;1
176;214,267336594889;299,993743213468;0,99009900990099;1
177;214,496517096087;385,473213185219;0,99009900990099;1
178;216,514704131086;417,223717737142;0,99009900990099;1
179;212,868513968776;389,036440626476;0,99009900990099;1
180;213,988027750685;402,265500962079;0,99009900990099;1
181;215,936717367587;515,824197390049;0,99009900990099;1
182;216,649060327664;492,838005120957;0,99009900990099;1
183;214,58674854887;425,479744617126;0,99009900990099;1
184;212,925245289747;475,602156023602;0,99009900990099;1
185;209,997987673361;362,496768725265;0,99009900990099;1
186;219,412481070411;347,114609935186;0,99009900990099;1
187;215,151387334888;384,071937560805;0,99009900990099;1
188;212,391630498894;302,083569585283;0,99009900990099;1
189;215,226384290926;393,857941874062;0,99009900990099;1
190;214,926049939345;456,590271280816;0,99009900990099;1
191;210,38025616288;353,209085741599;0,99009900990099;1
192;213,498694572228;340,902966720828;0,99009900990099;1
193;213,602042825514;374,160608920557;0,99009900990099;1
194;215,526353140244;435,656249673551;0,99009900990099;1
195;214,859479435567;412,028384107051;0,99009900990099;1
196;216,345492090499;613,744370927992;0,99009900990099;1
197;213,943082082459;352,228858858575;0,99009900990099;1
198;211,996040231016;398,480267799082;0,99009900990099;1
199;215,061241342347;343,912377113678;0,99009900990099;1
200;214,994624601592;380,243141284045;0,99009900990099;1
201;214,821446688498;480,734862882532;0,99009900990099;1
202;209,893983405468;363,86804295827;0,99009900990099;1
203;212,12745097857;369,89965611953;0,99009900990099;1
204;211,542559907666;422,111447646507;0,99009900990099;1
205;215,60037947965;470,06888721539;0,99009900990099;1
206;219,530827007399;482,480665298184;0,99009900990099;1
207;216,69927896589;358,909862086913;0,99009900990099;1
208;211,445217546915;496,735494219666;0,99009900990099;1
209;211,601460643929;480,903726023266;0,99009900990099;1
210;213,852594302601;483,246530360389;0,99009900990099;1
211;213,080938790364;443,63721049698;0,99009900990099;1
212;212,826226744522;422,222267235229;0,99009900990099;1
213;214,832204101136;323,24467986125;0,99009900990099;1
214;210,810025378671;438,228543511472;0,99009900990099;1
215;218,134775934109;412,355651251582;0,99009900990099;1
216;212,840495192537;344,529447228356;0,99009900990099;1
217;203;362,656901546297;0,871287128712871;0,881188118811881
218;214,178584366924;411,50278672621;0,99009900990099;1
219;211,131689851198;397,992068596719;0,99009900990099;1
220;211,830628112676;338,920276611053;0,99009900990099;1
221;217,261328423041;481,624571646809;0,99009900990099;1
222;212,363112792703;452,041789004663;0,99009900990099;1
223;216,860443407793;329,769394366119;0,99009900990099;1
224;213,938432200737;454,81666188875;0,99009900990099;1
225;221,019157922606;520,917506437374;0,99009900990099;1
226;214,412768086625;399,068379384649;0,99009900990099;1
227;215,746579806431;531,870158329043;0,99009900990099;1
228;211,989868347372;311,046843111342;0,99009900990099;1
229;211,227355462847;254,286678436072;0,99009900990099;1
230;203;257,682725208046;0,673267326732673;0,683168316831683
231;215,197307129533;382,248764981861;0,99009900990099;1
232;212,627770317673;374,660906437407;0,99009900990099;1
233;215,03467977757;274,780241993275;0,99009900990099;1
234;214,835089796339;461,797473809624;0,99009900990099;1
235;213,625123906478;358,716704060159;0,99009900990099;1
236;211,176839817114;386,233533914316;0,99009900990099;1
237;210,657133304326;340,042038258277;0,99009900990099;1
238;213,096555201889;414,423335096507;0,99009900990099;1
239;215,101290185106;327,54389515256;0,99009900990099;1
240;215,650026507053;495,541441973395;0,99009900990099;1
241;218,278812964305;704,634396187339;0,99009900990099;1
242;212,687911836385;304,335532953084;0,99009900990099;1
243;214,554013763769;406,07895210528;0,99009900990099;1
244;212,91902722596;272,651958793181;0,99009900990099;1
245;216,265269692701;485,655112581053;0,99009900990099;1
246;214,019164295808;337,293989161678;0,99009900990099;1
247;214,076341611262;444,156484467217;0,99009900990099;1
248;212,668910172969;310,04563263516;0,99009900990099;1
249;219,406825404876;410,676051771929;0,99009900990099;1
250;215,633892028638;370,937184719699;0,99009900990099;1
251;217,388598577738;495,338349142217;0,99009900990099;1
252;212,061752896217;388,686286618376;0,99009900990099;1
253;215,076405013719;423,952096926162;0,99009900990099;1
254;211,494838313703;462,816772709147;0,99009900990099;1
255;212,508804252805;400,825910184902;0,99009900990099;1
256;216,370722231868;376,699711919285;0,99009900990099;1
257;214,058635450393;383,679113324287;0,99009900990099;1
258;213,311983461289;402,973433987185;0,99009900990099;1
259;212,923250097949;414,75481823091;0,99009900990099;1
260;212,416146436955;340,632856441007;0,99009900990099;1
261;214,162622760016;402,793273441296;0,99009900990099;1
262;213,331492781692;410,656609785657;0,99009900990099;1
263;217,405196910698;424,504617794477;0,99009900990099;1
264;211,954336289177;504,627604873599;0,99009900990099;1
265;214,720703869489;416,719111946092;0,99009900990099;1
266;212,285887065142;345,183985139756;0,99009900990099;1
267;214,272629344106;262,867866144282;0,99009900990099;1
268;215,097214257987;316,376653181429;0,99009900990099;1
269;217,422992869968;417,777604341621;0,99009900990099;1
270;213,320383117522;408,498516616482;0,99009900990099;1
271;214,601535449809;323,855993666019;0,99009900990099;1
272;215,092534060749;321,149396051938;0,99009900990099;1
273;203;264,826502571183;0,673267326732673;0,683168316831683
274;213,850985165073;425,384353037107;0,99009900990099;1
275;218,269272942931;331,384316923814;0,99009900990099;1
276;211,356676812937;354,996104639581;0,99009900990099;1
277;215,818104324822;311,955818908673;0,99009900990099;1
278;214,373830545438;417,697943141147;0,99009900990099;1
279;214,34873446294;442,567416814145;0,99009900990099;1
280;213,103985447762;414,012443398069;0,99009900990099;1
281;210,36575989517;415,173072456415;0,99009900990099;1
282;213,351785647547;410,825338230266;0,99009900990099;1
283;216,174949241581;440,869808302524;0,99009900990099;1
284;212,694412394501;497,240188045622;0,99009900990099;1
285;217,413598765997;484,351974129874;0,99009900990099;1
286;217,65548776447;488,716596891239;0,99009900990099;1
287;216,771201359357;335,459385322715;0,99009900990099;1
288;212,554838731865;528,988389667053;0,99009900990099;1
289;215,460869305004;395,635999978181;0,99009900990099;1
290;213,130548539414;462,76142255726;0,99009900990099;1
291;210,743187406619;403,189342687184;0,99009900990099;1
292;211,527768493603;358,60761548745;0,99009900990099;1
293;210,172382329553;317,862510191211;0,99009900990099;1
294;211,810698891628;380,478354175343;0,99009900990099;1
295;211,737922062566;322,890551139855;0,99009900990099;1
296;215,926173869085;474,295516947787;0,99009900990099;1
297;212,764041723244;299,005694935031;0,99009900990099;1
298;213,513873611974;372,648247204098;0,99009900990099;1
299;214,905350830137;393,491490948467;0,99009900990099;1
300;217,20355585054;649,696550659714;0,99009900990099;1
301;218,585905090144;539,216892048615;0,99009900990099;1
302;216,163125933549;420,938791813358;0,99009900990099;1
303;212,824376499338;375,678743899274;0,99009900990099;1
304;220,268028450459;599,31627058897;0,99009900990099;1
305;213,5446934945;313,771084179018;0,99009900990099;1
306;210,966767551585;555,403990310799;0,99009900990099;1
307;218,50113859446;632,64180450657;0,99009900990099;1
308;215,825160640018;406,774308396397;0,99009900990099;1
309;211,628731877492;442,670644434227;0,99009900990099;1
310;215,18290879997;382,261079315609;0,99009900990099;1
311;212,718686186645;409,725973356839;0,99009900990099;1
312;213,269742081512;418,988181515368;0,99009900990099;1
313;212,379916234109;459,0484361268;0,99009900990099;1
314;215,339550308936;339,120288793341;0,99009900990099;1
315;212,862196914105;451,387986597344;0,99009900990099;1
316;210,323825329255;258,502791784193;0,99009900990099;1
317;211,400614921363;355,874755515547;0,99009900990099;1
318;214,204912741749;320,750363805242;0,99009900990099;1
319;214,215575166499;368,863779435477;0,99009900990099;1
320;213,734878468869;444,091910614145;0,99009900990099;1
321;211,554820645588;427,670644607051;0,99009900990099;1
322;216,233194308183;419,906990756483;0,99009900990099;1
323;214,418574505304;414,249449276776;0,99009900990099;1
324;217,927626619425;303,852314980685;0,99009900990099;1
325;213,740451975886;390,379450500114;0,99009900990099;1
326;203;321,281507186436;0,673267326732673;0,683168316831683
327;216,022072287617;586,053519698122;0,99009900990099;1
328;212,833634161833;399,399692713523;0,99009900990099;1
329;212,428287650993;426,193946980021;0,99009900990099;1
330;210,867908320498;521,502155181914;0,99009900990099;1
331;219,06895417588;537,166039534401;0,99009900990099;1
332;213,621197003852;336,85358977792;0,99009900990099;1
333;214,634885042161;503,702547303502;0,99009900990099;1
334;216,617841981984;441,347058364615;0,99009900990099;1
335;212,462538783738;302,667380169712;0,99009900990099;1
336;217,927555858894;466,098849177166;0,99009900990099;1
337;212,464421350643;461,161586194444;0,99009900990099;1
338;211,65606143581;320,218970790886;0,99009900990099;1
339;213,468464910427;268,131364414323;0,99009900990099;1
340;213,266474720345;414,834621318399;0,99009900990099;1
341;214,248705409655;443,441968496214;0,99009900990099;1
342;212,884911732745;328,765183469911;0,99009900990099;1
343;217,88512934742;538,952257133116;0,99009900990099;1
344;212,287146659366;296,381292137956;0,99009900990099;1
345;212,357851730971;494,773485332251;0,99009900990099;1
346;211,853198704048;410,341340271596;0,99009900990099;1
347;215,231485371758;313,079073125975;0,99009900990099;1
348;212,528620707249;467,511631665927;0,99009900990099;1
349;214,634936839752;320,516860864655;0,99009900990099;1
350;213,731974576287;485,366088090043;0,99009900990099;1
351;216,562246172744;361,381690782577;0,99009900990099;1
352;213,855819269398;373,546473199517;0,99009900990099;1
353;212,71390752801;357,107443144037;0,99009900990099;1
354;212,667669618966;410,799008737042;0,99009900990099;1
355;211,498465449161;361,290585081038;0,99009900990099;1
356;212,579581336805;436,28340202601;0,99009900990099;1
357;211,326822009219;405,146264734687;0,99009900990099;1
358;224,443241541127;521,242812942888;0,99009900990099;1
359;213,561141341665;443,477476384241;0,99009900990099;1
360;212,179859449892;398,397350191196;0,99009900990099;1
361;216,072289276479;531,936228228848;0,99009900990099;1
362;211,559768711226;559,366778833593;0,99009900990099;1
363;203;393,724441578966;0,871287128712871;0,881188118811881
364;218,710836475871;436,133444501355;0,99009900990099;1
365;216,177956971924;549,812798765489;0,99009900990099;1
366;216,549494594604;401,307006745794;0,99009900990099;1
367;214,618597148294;402,157627064318;0,99009900990099;1
368;212,688099468677;373,42310790554;0,99009900990099;1
369;213,482851081277;421,857790791451;0,99009900990099;1
370;218,631198142292;514,496893865066;0,99009900990099;1
371;218,686925967539;390,91711502866;0,99009900990099;1
372;214,941637064655;393,766903303924;0,99009900990099;1
373;216,126642255525;506,640195912375;0,99009900990099;1
374;210,950867107248;401,098195456532;0,99009900990099;1
375;210,549241342218;340,318341219283;0,99009900990099;1
376;213,079072743273;430,96751094566;0,99009900990099;1
377;212,916971393196;379,971146132733;0,99009900990099;1
378;212,729340041533;418,164471025885;0,99009900990099;1
379;216,346561523112;454,756488426562;0,99009900990099;1
380;215,998508851308;266,338392531226;0,99009900990099;1
381;212,580567438514;307,019665874088;0,99009900990099;1
382;213,198134662902;330,167871782541;0,99009900990099;1
383;211,66951077557;446,424507756607;0,99009900990099;1
384;213,019567405016;361,977664966998;0,99009900990099;1
385;216,439509961254;331,93632948982;0,99009900990099;1
386;214,235498171069;470,490464371454;0,99009900990099;1
387;214,817794407548;456,626154933855;0,99009900990099;1
388;218,539237157322;461,923964561271;0,99009900990099;1
389;214,974139554774;447,46220500877;0,99009900990099;1
390;212,557134777288;460,827146934201;0,99009900990099;1
391;214,452560414008;341,78059188099;0,99009900990099;1
392;212,058741924453;387,702192301875;0,99009900990099;1
393;214,726705841586;375,369329760775;0,99009900990099;1
394;212,332480499992;550,923183756924;0,99009900990099;1
395;213,064996669544;443,433236751757;0,99009900990099;1
396;214,797007673432;398,885628570142;0,99009900990099;1
397;212,0910994539;353,355578782041;0,99009900990099;1
398;213,017045371716;281,818101603297;0,99009900990099;1
399;216,204800251764;479,495906083288;0,99009900990099;1
400;211,095059194943;499,665778666135;0,99009900990099;1
401;215,45817069397;427,108064503758;0,99009900990099;1
402;214,678899820363;315,277698349229;0,99009900990099;1
403;218,241252415705;499,965567957221;0,99009900990099;1
404;215,502539957693;538,710965133289;0,99009900990099;1
405;212,012534631154;309,652248736629;0,99009900990099;1
406;217,306166052132;456,06095204288;0,99009900990099;1
407;211,963221700286;290,742840524846;0,99009900990099;1
408;211,770226675418;327,664603807649;0,99009900990099;1
409;212,482308359429;389,437724330872;0,99009900990099;1
410;213,697720376266;461,505953222997;0,99009900990099;1
411;216,453178438256;458,927053051934;0,99009900990099;1
412;212,740991277635;346,926668117655;0,99009900990099;1
413;214,388340405816;373,965320159208;0,99009900990099;1
414;212,82743355696;404,319810090755;0,99009900990099;1
415;213,403335284506;371,875763084741;0,99009900990099;1
416;214,925542735819;304,870414580732;0,99009900990099;1
417;211,750438246288;396,141076387901;0,99009900990099;1
418;220,349945889133;489,443256242383;0,99009900990099;1
419;219,623135342112;317,546702243111;0,99009900990099;1
420;212,845656986264;315,826316537067;0,99009900990099;1
421;213,180258696893;482,272059199665;0,99009900990099;1
422;212,128212771936;455,96978574405;0,99009900990099;1
423;214,762644239211;395,844741334661;0,99009900990099;1
424;214,780123281875;424,528438403581;0,99009900990099;1
425;214,26669716505;503,873100347059;0,99009900990099;1
426;214,416188147537;380,222195334739;0,99009900990099;1
427;215,219195782901;370,967966886839;0,99009900990099;1
428;203;250,116352421152;0,673267326732673;0,683168316831683
429;213,764576480895;350,200390495652;0,99009900990099;1
430;214,523055833371;339,201347686199;0,99009900990099;1
431;211,662948376051;344,105027896188;0,99009900990099;1
432;213,211229306458;454,698314612951;0,99009900990099;1
433;213,493665949504;374,741655982882;0,99009900990099;1
434;212,387962805252;390,466843714934;0,99009900990099;1
435;213,920228630428;276,022366833123;0,99009900990099;1
436;216,649992662669;424,783953292071;0,99009900990099;1
437;214,917847997324;525,669544729593;0,99009900990099;1
438;213,192850860099;465,101559888041;0,99009900990099;1
439;210,663828820369;306,354699730868;0,99009900990099;1
440;213,492783071847;448,529507544771;0,99009900990099;1
441;203;292,385673208347;0,801980198019802;0,811881188118812
442;212,555798036055;380,169952758317;0,99009900990099;1
443;218,117547031729;375,065653118779;0,99009900990099;1
444;212,614984681361;308,563953887231;0,99009900990099;1
445;212,599367818891;401,861532186056;0,99009900990099;1
446;218,67400415309;555,206987885688;0,99009900990099;1
447;215,483904011501;421,266583369395;0,99009900990099;1
448;215,131942012748;360,422197947663;0,99009900990099;1
449;216,04097518041;493,662985331724;0,99009900990099;1
450;213,763084809093;333,309463734162;0,99009900990099;1
451;213,714367006542;602,832946744703;0,99009900990099;1
452;215,828108582642;497,292821270271;0,99009900990099;1
453;214,117297019253;380,415148881067;0,99009900990099;1
454;212,928235302197;389,155681395588;0,99009900990099;1
455;210,742156663248;325,564271698051;0,99009900990099;1
456;211,313769047353;324,204063535093;0,99009900990099;1
457;216,560306266613;611,060644325104;0,99009900990099;1
458;212,882630558415;407,019977974269;0,99009900990099;1
459;203;434,698779706133;0,871287128712871;0,881188118811881
460;214,774124748355;507,189610610468;0,99009900990099;1
461;216,261167118682;529,753441534592;0,99009900990099;1
462;213,443076564931;412,678636663367;0,99009900990099;1
463;213,814703316141;366,336531733787;0,99009900990099;1
464;212,149009536142;320,297520065821;0,99009900990099;1
465;212,891180890571;285,453643385027;0,99009900990099;1
466;212,863585443883;320,245361354049;0,99009900990099;1
467;213,319254222364;361,040670113935;0,99009900990099;1
468;213,447904521915;357,989800789167;0,99009900990099;1
469;212,708019697339;250,600664416977;0,99009900990099;1
470;214,800502298629;368,622836889406;0,99009900990099;1
471;212,42398887312;304,773738341772;0,99009900990099;1
472;213,481152845688;338,643831737799;0,99009900990099;1
473;213,931583692185;362,92013681664;0,99009900990099;1
474;214,582219034363;507,843883600495;0,99009900990099;1
475;214,203624426498;326,785005992049;0,99009900990099;1
476;212,787612172311;369,366544661736;0,99009900990099;1
477;212,800671215259;414,673424608309;0,99009900990099;1
478;218,874815152487;597,96086203098;0,99009900990099;1
479;218,594991345272;468,75159193345;0,99009900990099;1
480;214,269234744206;470,374537360559;0,99009900990099;1
481;212,535137656572;502,711058225279;0,99009900990099;1
482;218,205949174973;408,119697563319;0,99009900990099;1
483;212,940693640608;501,124025536168;0,99009900990099;1
484;215,301355688588;496,23182423432;0,99009900990099;1
485;213,874013436198;502,431285052286;0,99009900990099;1
486;216,952094637426;429,527007797008;0,99009900990099;1
487;214,153061910995;402,038189069521;0,99009900990099;1
488;212,061735077536;385,598174768907;0,99009900990099;1
489;217,445629776757;354,38682931908;0,99009900990099;1
490;214,842943526419;365,525376690736;0,99009900990099;1
491;213,039091784644;454,006345644121;0,99009900990099;1
492;219,370893974344;328,340150266345;0,99009900990099;1
493;216,99583286624;414,7255467331;0,99009900990099;1
494;219,402509461529;526,994175530422;0,99009900990099;1
495;213,436015219399;332,317500843676;0,99009900990099;1
496;212,93305551914;312,582100149126;0,99009900990099;1
497;211,657467851633;337,644498684698;0,99009900990099;1
498;211,21025068341;433,417437489957;0,99009900990099;1
499;212,868184058029;466,508970134798;0,99009900990099;1
500;213,601254978292;363,626434049915;0,99009900990099;1
501;213,130153940549;275,794946688993;0,99009900990099;1
502;203;368,56917915917;0,801980198019802;0,811881188118812
503;213,77840885334;387,75276588722;0,99009900990099;1
504;214,247804162828;442,801052355536;0,99009900990099;1
505;213,271846512705;448,892363544527;0,99009900990099;1
506;213,691415894522;397,135646639704;0,99009900990099;1
507;216,033922799538;401,75325417697;0,99009900990099;1
508;215,017683133754;444,572204845587;0,99009900990099;1
509;211,5910691178;376,021545371465;0,99009900990099;1
510;214,291184425562;469,181937432696;0,99009900990099;1
511;219,454538531696;459,740242978968;0,99009900990099;1
512;213,432650039839;351,246116278696;0,99009900990099;1
513;212,005739149001;524,423341768506;0,99009900990099;1
514;215,025241012952;358,068133668529;0,99009900990099;1
515;212,944874830194;296,682113020286;0,99009900990099;1
516;214,52660350829;453,578802024336;0,99009900990099;1
517;219,755249996512;498,935325087185;0,99009900990099;1
518;214,646239019841;404,7505200742;0,99009900990099;1
519;215,372160421034;470,705958034958;0,99009900990099;1
520;213,675835813563;419,833807717237;0,99009900990099;1
521;212,40103266236;334,506198509688;0,99009900990099;1
522;213,481139906669;386,180926186165;0,99009900990099;1
523;212,769029687508;427,815178374059;0,99009900990099;1
524;217,589329251303;533,768523947934;0,99009900990099;1
525;215,699429976282;473,625279205586;0,99009900990099;1
526;216,986670582777;370,937079193335;0,99009900990099;1
527;214,646115005403;431,519924706801;0,99009900990099;1
528;213,882819266575;474,387166646056;0,99009900990099;1
529;203;356,02655604451;0,871287128712871;0,881188118811881
530;217,632301121185;427,958675573406;0,99009900990099;1
531;212,113628720502;308,416014698041;0,99009900990099;1
532;216,630767421576;541,772311261554;0,99009900990099;1
533;215,033175612235;343,416857572082;0,99009900990099;1
534;213,388389199465;308,464059173726;0,99009900990099;1
535;217,236604477244;392,206540628316;0,99009900990099;1
536;218,297136447274;519,151732999087;0,99009900990099;1
537;211,410430243675;472,442975368452;0,99009900990099;1
538;216,663675399212;444,605712695689;0,99009900990099;1
539;211,450969765172;364,647723056368;0,99009900990099;1
540;214,152016258266;346,78258183631;0,99009900990099;1
541;215,519874315998;513,484068880833;0,99009900990099;1
542;218,079917280311;488,599801345533;0,99009900990099;1
543;223,648385616081;538,15724481632;0,99009900990099;1
544;217,487294828185;483,264893858569;0,99009900990099;1
545;212,234434866191;481,894363286245;0,99009900990099;1
546;213,374058957241;380,097754116607;0,99009900990099;1
547;216,322881433083;517,41690460532;0,99009900990099;1
548;212,353425857164;515,648861986991;0,99009900990099;1
549;216,380116948125;336,647519571314;0,99009900990099;1
550;215,801595824496;283,836792753192;0,99009900990099;1
551;215,846488902058;377,814863585674;0,99009900990099;1
552;214,318930473593;302,081439575283;0,99009900990099;1
553;211,252535819351;484,206988358663;0,99009900990099;1
554;212,799489920935;331,688080392561;0,99009900990099;1
555;214,68721516719;385,738322287357;0,99009900990099;1
556;218,409299070205;418,163717097865;0,99009900990099;1
557;215,447171212307;452,657144794432;0,99009900990099;1
558;213,79507648424;432,235661439874;0,99009900990099;1
559;213,063287241712;400,550044376466;0,99009900990099;1
560;210,2120694582;473,375215584106;0,99009900990099;1
561;215,260103188013;336,305871077452;0,99009900990099;1
562;212,151327987795;367,621620997868;0,99009900990099;1
563;212,405816146502;352,876234027689;0,99009900990099;1
564;213,696140291735;362,610131059188;0,99009900990099;1
565;213,920820775023;391,876302454605;0,99009900990099;1
566;213,137764596331;342,620784798411;0,99009900990099;1
567;213,805290206549;426,945736757548;0,99009900990099;1
568;216,874104999978;359,51041191857;0,99009900990099;1
569;215,098450107963;405,275638068453;0,99009900990099;1
570;210,945744247775;510,701296408102;0,99009900990099;1
571;211,197943555432;244,507147074842;0,99009900990099;1
572;215,21018441395;366,4694283045;0,99009900990099;1
573;212,145150133937;404,40930332605;0,99009900990099;1
574;213,504631246006;333,522825766773;0,99009900990099;1
575;213,229172356203;445,717188380684;0,99009900990099;1
576;212,783570188751;385,732497567136;0,99009900990099;1
577;212,188352687338;375,181430274969;0,99009900990099;1
578;216,567833028939;543,869230606883;0,99009900990099;1
579;216,041418302907;363,304528967493;0,99009900990099;1
580;214,339278576371;368,761595746869;0,99009900990099;1
581;216,446748517936;463,290367831122;0,99009900990099;1
582;213,630645210392;403,335911366839;0,99009900990099;1
583;211,513246515474;438,494986414347;0,99009900990099;1
584;213,441870408005;353,396896948882;0,99009900990099;1
585;214,481304183137;454,626793274155;0,99009900990099;1
586;221,302896075779;493,185184401124;0,99009900990099;1
587;213,510499653536;380,190824800921;0,99009900990099;1
588;220,270395973975;464,491785118439;0,99009900990099;1
589;210,571459144706;425,456654085467;0,99009900990099;1
590;216,540950116117;484,49231622855;0,99009900990099;1
591;212,960182714514;382,640650836431;0,99009900990099;1
592;203;433,342441664607;0,871287128712871;0,881188118811881
593;216,27667976148;345,104727753926;0,99009900990099;1
594;214,447148495828;389,40647582397;0,99009900990099;1
595;217,6781314093;483,910716851288;0,99009900990099;1
596;216,16048988904;465,652407667368;0,99009900990099;1
597;216,384944367084;380,846474699294;0,99009900990099;1
598;212,25127283589;428,002134793203;0,99009900990099;1
599;213,056837435692;280,229893448337;0,99009900990099;1
600;213,764298725255;395,988508158407;0,99009900990099;1
601;215,450817011345;605,243143762888;0,99009900990099;1
602;210,746067330688;326,08544740325;0,99009900990099;1
603;215,884581683362;458,720188186743;0,99009900990099;1
604;210,390939321848;378,238540659414;0,99009900990099;1
605;212,171020210221;511,017109247494;0,99009900990099;1
606;213,41691967976;314,049024818628;0,99009900990099;1
607;213,176845117486;459,142810548077;0,99009900990099;1
608;215,27635235277;374,432966788215;0,99009900990099;1
609;215,532729824527;522,722600413042;0,99009900990099;1
610;211,876888584169;444,355450444665;0,99009900990099;1
611;216,001870794655;315,87120088131;0,99009900990099;1
612;219,371565779109;402,680322387091;0,99009900990099;1
613;213,108767429075;474,377738871114;0,99009900990099;1
614;210,383249626263;454,648224137637;0,99009900990099;1
615;216,73289120861;407,824293152045;0,99009900990099;1
616;213,200988434543;385,214577427597;0,99009900990099;1
617;214,810909406536;402,105365916161;0,99009900990099;1
618;214,74191879731;386,71757383328;0,99009900990099;1
619;211,752426313125;348,682728648394;0,99009900990099;1
620;213,531362530997;455,461374212297;0,99009900990099;1
621;216,752489446688;515,374993816489;0,99009900990099;1
622;215,812887473433;345,502137684854;0,99009900990099;1
623;213,790700255594;244,582684334827;0,99009900990099;1
624;218,131471369136;418,05678230952;0,99009900990099;1
625;215,286600718609;422,024420368247;0,99009900990099;1
626;214,030022270201;599,992720635339;0,99009900990099;1
627;214,00800069997;442,518810352395;0,99009900990099;1
628;213,965524211108;393,756230964099;0,99009900990099;1
629;221,651927922342;524,73559230611;0,99009900990099;1
630;216,761726335058;304,851281651425;0,99009900990099;1
631;215,950284700053;384,32418622234;0,99009900990099;1
632;214,467324532944;486,711366837642;0,99009900990099;1
633;217,08549071206;414,956832495284;0,99009900990099;1
634;212,924423771386;439,22425425067;0,99009900990099;1
635;216,072789817416;476,083620792995;0,99009900990099;1
636;212,452128984926;373,843371375102;0,99009900990099;1
637;218,585799555417;463,679646309387;0,99009900990099;1
638;216,208977657711;391,927365418375;0,99009900990099;1
639;213,918932772149;504,877526849497;0,99009900990099;1
640;218,400159019743;433,20305512299;0,99009900990099;1
641;211,001002835961;519,324003175657;0,99009900990099;1
642;213,099901330746;288,853103271262;0,99009900990099;1
643;211,817750700623;470,438311481473;0,99009900990099;1
644;213,162856861421;271,905955010167;0,99009900990099;1
645;214,61455086656;413,850987136777;0,99009900990099;1
646;216,14479680224;440,182568633611;0,99009900990099;1
647;214,500409484036;500,494444638555;0,99009900990099;1
648;211,588832327293;366,434363096402;0,99009900990099;1
649;214,68207137305;344,226521647696;0,99009900990099;1
650;213,300672633201;669,568900629341;0,99009900990099;1
651;216,467170900499;380,545194635812;0,99009900990099;1
652;210,960208425137;373,544159597872;0,99009900990099;1
653;211,413707631897;308,197485715549;0,99009900990099;1
654;220,66021241741;443,807354647885;0,99009900990099;1
655;213,650416388989;385,05032886287;0,99009900990099;1
656;214,865014032819;293,468673399671;0,99009900990099;1
657;212,343777606777;373,347178722074;0,99009900990099;1
658;214,357635538502;496,081011430323;0,99009900990099;1
659;212,556055842331;293,870882456824;0,99009900990099;1
660;214,311555816337;355,436657873853;0,99009900990099;1
661;213,644739118013;355,223183331277;0,99009900990099;1
662;218,14958967294;510,456928945183;0,99009900990099;1
663;212,244597320953;412,739203653116;0,99009900990099;1
664;213,782468796732;401,526415994457;0,99009900990099;1
665;216,286564394714;414,852703031221;0,99009900990099;1
666;213,660385716243;462,769579426682;0,99009900990099;1
667;215,78113118314;346,329600200959;0,99009900990099;1
668;212,361751870199;526,786397961697;0,99009900990099;1
669;211,529418310645;377,710929731992;0,99009900990099;1
670;219,636093651664;655,806937638099;0,99009900990099;1
671;215,305752222999;369,936717490292;0,99009900990099;1
672;211,069161768885;303,345855624927;0,99009900990099;1
673;212,488874179116;345,92868417036;0,99009900990099;1
674;212,726494618827;414,687128470202;0,99009900990099;1
675;217,092500073361;406,412740608863;0,99009900990099;1
676;216,358284208602;400,166425489601;0,99009900990099;1
677;219,335432360881;476,724359136986;0,99009900990099;1
678;214,787195833582;393,395974215496;0,99009900990099;1
679;213,880459180003;408,968201024893;0,99009900990099;1
680;214,285332054251;446,086304869703;0,99009900990099;1
681;212,09742749658;381,903325638977;0,99009900990099;1
682;214,583933419938;471,545513534641;0,99009900990099;1
683;212,958187884792;368,294504292065;0,99009900990099;1
684;216,651945467115;365,38888906344;0,99009900990099;1
685;218,392422813015;402,633309412548;0,99009900990099;1
686;215,212683922755;394,182920778624;0,99009900990099;1
687;212,123021202796;354,909581066218;0,99009900990099;1
688;214,230135096713;389,031974230438;0,99009900990099;1
689;215,516567135918;400,884330003062;0,99009900990099;1
690;211,58758020449;374,19415953697;0,99009900990099;1
691;213,995649367858;388,436888832364;0,99009900990099;1
692;218,350699807164;464,537338607517;0,99009900990099;1
693;214,232056986912;565,950109827008;0,99009900990099;1
694;212,132777595648;455,672907365479;0,99009900990099;1
695;211,923406870405;349,76421257153;0,99009900990099;1
696;219,220006265256;486,442618389783;0,99009900990099;1
697;214,447518461431;557,067572251107;0,99009900990099;1
698;213,204960718387;209,595267088259;0,99009900990099;1
699;214,486194630002;587,389218873473;0,99009900990099;1
700;214,246726048572;442,183020656643;0,99009900990099;1
701;215,916390061612;359,80071032015;0,99009900990099;1
702;212,354275609719;360,741029829011;0,99009900990099;1
703;216,854796066388;455,263584844965;0,99009900990099;1
704;203;308,454155822835;0,871287128712871;0,881188118811881
705;213,094288256941;387,663668485842;0,99009900990099;1
706;214,633761570974;451,886192766366;0,99009900990099;1
707;203;243,949555619397;0,673267326732673;0,683168316831683
708;214,676143372028;413,067080935705;0,99009900990099;1
709;213,798008672417;386,670696865457;0,99009900990099;1
710;215,747336182986;478,936987824739;0,99009900990099;1
711;217,36673837955;487,679476148628;0,99009900990099;1
712;218,213039434847;369,883525062372;0,99009900990099;1
713;211,955840214161;382,586114039101;0,99009900990099;1
714;211,1822976289;407,471284131241;0,99009900990099;1
715;212,675661710057;418,416467568344;0,99009900990099;1
716;216,633012823866;359,659059284403;0,99009900990099;1
717;211,157093725644;390,238533044355;0,99009900990099;1
718;214,128736970032;455,02565705539;0,99009900990099;1
719;218,198635398677;329,7936494004;0,99009900990099;1
720;216,584265463547;265,083694575267;0,99009900990099;1
721;214,752206722607;348,015258330967;0,99009900990099;1
722;215,717786558306;317,91247207398;0,99009900990099;1
723;214,51499020749;502,879921278553;0,99009900990099;1
724;213,300971444297;328,081460668696;0,99009900990099;1
725;217,089970994437;443,296982788375;0,99009900990099;1
726;214,06875439404;457,809300116864;0,99009900990099;1
727;214,717887653735;508,769994040989;0,99009900990099;1
728;214,625429785692;353,828529453544;0,99009900990099;1
729;211,368586682742;425,006610258991;0,99009900990099;1
730;215,620013738368;411,611709241553;0,99009900990099;1
731;212,797790679447;364,214017358491;0,99009900990099;1
732;215,547874255452;350,162273286706;0,99009900990099;1
733;215,107704232296;493,790362643379;0,99009900990099;1
734;215,520263844222;431,606365821406;0,99009900990099;1
735;212,867646778647;498,76105555492;0,99009900990099;1
736;218,241994398204;528,152202171571;0,99009900990099;1
737;211,562694942235;365,635297591007;0,99009900990099;1
738;216,516909901606;403,179329386405;0,99009900990099;1
739;211,24296899098;441,011823787356;0,99009900990099;1
740;212,132157918637;306,030267576666;0,99009900990099;1
741;214,174471669119;426,341708686066;0,99009900990099;1
742;213,132499232204;429,247979115548;0,99009900990099;1
743;214,903340972297;338,567987998035;0,99009900990099;1
744;212,407032708716;337,695849189751;0,99009900990099;1
745;214,110063314384;485,120073782528;0,99009900990099;1
746;212,901867619212;321,585229764268;0,99009900990099;1
747;215,969120151007;465,568001466132;0,99009900990099;1
748;215,811572668116;366,0407612336;0,99009900990099;1
749;213,705949302279;392,113280753696;0,99009900990099;1
750;217,690147689205;412,978472548121;0,99009900990099;1
751;213,048725180673;423,009629041888;0,99009900990099;1
752;217,190370920481;349,067242074015;0,99009900990099;1
753;214,268955313539;437,935082031627;0,99009900990099;1
754;211,575140915521;442,775812762243;0,99009900990099;1
755;214,287325521259;311,233563099463;0,99009900990099;1
756;212,259975345445;433,675628317025;0,99009900990099;1
757;214,550921425376;378,659662379568;0,99009900990099;1
758;213,219135965245;469,497375682853;0,99009900990099;1
759;212,38142210022;422,405955130089;0,99009900990099;1
760;211,249909467449;277,896260643884;0,99009900990099;1
761;213,667989870445;441,263541346528;0,99009900990099;1
762;221,364994719371;478,047438605699;0,99009900990099;1
763;215,26833279752;480,335111967664;0,99009900990099;1
764;212,606301906736;413,223347138073;0,99009900990099;1
765;217,062793243553;472,320461045917;0,99009900990099;1
766;213,6207147645;497,875040647554;0,99009900990099;1
767;214,088502480909;423,015435412382;0,99009900990099;1
768;214,704956454123;387,970443029925;0,99009900990099;1
769;213,482054885355;464,686711545275;0,99009900990099;1
770;212,194341285909;313,790862341947;0,99009900990099;1
771;211,376538589793;378,441497900454;0,99009900990099;1
772;211,486758147552;272,781212204378;0,99009900990099;1
773;212,701360655848;352,892857871149;0,99009900990099;1
774;211,403805044852;326,238357591598;0,99009900990099;1
775;210,911901776758;404,202724310474;0,99009900990099;1
776;213,541496639558;419,908213275762;0,99009900990099;1
777;213,63153560063;313,338607205345;0,99009900990099;1
778;214,36330308569;323,584560807514;0,99009900990099;1
779;223,368969642548;569,804758793154;0,99009900990099;1
780;215,253871600315;409,95096777294;0,99009900990099;1
781;212,765325345191;341,163084244856;0,99009900990099;1
782;211,64134171392;294,635704812228;0,99009900990099;1
783;212,92491006157;338,624219648867;0,99009900990099;1
784;217,823469295198;419,615099093689;0,99009900990099;1
785;203;334,92575735081;0,871287128712871;0,881188118811881
786;212,30159651321;309,289536770621;0,99009900990099;1
787;213,015584923947;414,046055778998;0,99009900990099;1
788;218,241351516493;437,55746764447;0,99009900990099;1
789;212,712508661703;348,252659059581;0,99009900990099;1
790;213,998492690235;414,379177493311;0,99009900990099;1
791;214,208265349027;358,223331503241;0,99009900990099;1
792;215,079486867352;423,344459646839;0,99009900990099;1
793;211,965451360557;488,865679864681;0,99009900990099;1
794;211,813477384833;520,089724728622;0,99009900990099;1
795;213,684283948323;377,149752721217;0,99009900990099;1
796;212,994939300187;416,460922648601;0,99009900990099;1
797;212,092275285841;420,456421381743;0,99009900990099;1
798;210,56963953998;373,325966824897;0,99009900990099;1
799;212,691005354782;481,404918883264;0,99009900990099;1
800;213,019958749825;396,899368521597;0,99009900990099;1
801;210,793839254223;363,839123798816;0,99009900990099;1
802;212,47203660218;361,040658924172;0,99009900990099;1
803;212,804035677374;399,541684917955;0,99009900990099;1
804;218,491950282757;458,163036701319;0,99009900990099;1
805;211,253821768061;475,792113714064;0,99009900990099;1
806;214,679294786629;338,918256605697;0,99009900990099;1
807;217,276296483703;312,675957534615;0,99009900990099;1
808;215,032647439389;402,13618384406;0,99009900990099;1
809;213,477163149079;252,131183526979;0,99009900990099;1
810;214,265882844235;348,372439970447;0,99009900990099;1
811;213,245008181094;313,861941377541;0,99009900990099;1
812;211,826628574945;381,144878846101;0,99009900990099;1
813;213,089402261573;314,448944809632;0,99009900990099;1
814;211,713711865442;343,90180765658;0,99009900990099;1
815;214,971156963991;308,725552391359;0,99009900990099;1
816;213,903115637315;360,602679633193;0,99009900990099;1
817;215,429979162421;309,640023309207;0,99009900990099;1
818;212,535621589779;355,017749722034;0,99009900990099;1
819;221,655453520337;549,399648938516;0,99009900990099;1
820;213,911216389503;396,208600622712;0,99009900990099;1
821;212,406534958975;453,65184812412;0,99009900990099;1
822;216,943634340851;450,410475454776;0,99009900990099;1
823;215,690007528527;411,248518947164;0,99009900990099;1
824;214,442061741411;489,470831693127;0,99009900990099;1
825;213,163777892776;493,918972562932;0,99009900990099;1
826;214,967859041231;310,571595660777;0,99009900990099;1
827;216,886048201192;411,674768062836;0,99009900990099;1
828;212,379682420699;414,259173572797;0,99009900990099;1
829;221,027205359129;551,237821308102;0,99009900990099;1
830;211,483069652037;487,254244800295;0,99009900990099;1
831;212,219897799864;334,025305305649;0,99009900990099;1
832;217,028486174098;383,07907959095;0,99009900990099;1
833;212,45504909403;365,734866364093;0,99009900990099;1
834;212,362257571635;456,811328784302;0,99009900990099;1
835;216,375295374065;324,582512169369;0,99009900990099;1
836;214,141594246524;583,608722958825;0,99009900990099;1
837;217,092531191209;407,469912345335;0,99009900990099;1
838;212,098299928243;400,752805108048;0,99009900990099;1
839;212,782377405071;381,100008531015;0,99009900990099;1
840;213,377537514035;372,092519877703;0,99009900990099;1
841;217,086487087754;503,12624959146;0,99009900990099;1
842;216,696499124952;465,431936622133;0,99009900990099;1
843;211,671773779819;492,883489310567;0,99009900990099;1
844;213,285607457111;413,530652688605;0,99009900990099;1
845;214,188704110528;455,658679211662;0,99009900990099;1
846;212,6449734759;337,704444741303;0,99009900990099;1
847;212,825062116248;410,813208859391;0,99009900990099;1
848;215,76027240558;655,81581664612;0,99009900990099;1
849;212,179589353581;355,328094947951;0,99009900990099;1
850;212,666662332722;264,067846482607;0,99009900990099;1
851;222,206947941929;538,673360615702;0,99009900990099;1
852;203;250,873298830884;0,673267326732673;0,683168316831683
853;215,676003597188;392,257410100488;0,99009900990099;1
854;220,796462123131;512,856871669204;0,99009900990099;1
855;215,139938834383;509,985824887074;0,99009900990099;1
856;211,710629662926;538,485802391985;0,99009900990099;1
857;214,667021994611;488,953429117062;0,99009900990099;1
858;217,109383168408;374,368765219159;0,99009900990099;1
859;212,9428423043;464,26145722943;0,99009900990099;1
860;212,560026269639;417,499313827082;0,99009900990099;1
861;215,325899993491;458,968124091637;0,99009900990099;1
862;214,367568962418;341,868436495505;0,99009900990099;1
863;211,057111744037;400,589892258404;0,99009900990099;1
864;213,450240985491;316,779553371329;0,99009900990099;1
865;211,027114222251;397,87755918681;0,99009900990099;1
866;212,913762307258;461,30763820311;0,99009900990099;1
867;211,568633384735;432,570559415588;0,99009900990099;1
868;213,962634927263;419,918897460901;0,99009900990099;1
869;216,442656460956;423,895620679404;0,99009900990099;1
870;216,211545251135;368,964268101263;0,99009900990099;1
871;213,578845553727;398,893957239975;0,99009900990099;1
872;211,633702473146;409,895160551465;0,99009900990099;1
873;217,94956299701;288,23069254912;0,99009900990099;1
874;211,822194866186;418,465475568282;0,99009900990099;1
875;216,399409971441;368,557884927504;0,99009900990099;1
876;211,703816134153;378,563802263411;0,99009900990099;1
877;213,230279272341;291,567456079269;0,99009900990099;1
878;212,290367317857;448,055043457424;0,99009900990099;1
879;210,378162491104;406,778436090288;0,99009900990099;1
880;218,028515033002;413,982664644822;0,99009900990099;1
881;213,255915839738;409,708210561012;0,99009900990099;1
882;213,817075445728;329,736966594289;0,99009900990099;1
883;212,156797734804;458,000554244545;0,99009900990099;1
884;214,799114452798;312,569046531652;0,99009900990099;1
885;213,000078815199;370,073333352235;0,99009900990099;1
886;215,456126236227;410,188104201097;0,99009900990099;1
887;212,341400169852;460,389869849176;0,99009900990099;1
888;217,205055999392;400,737948268941;0,99009900990099;1
889;213,126283148747;341,803450150062;0,99009900990099;1
890;218,856976542137;452,835780252371;0,99009900990099;1
891;216,703210004285;529,319509368834;0,99009900990099;1
892;217,156967929054;444,083779686476;0,99009900990099;1
893;214,211854786703;380,082941499192;0,99009900990099;1
894;203;265,335436217773;0,673267326732673;0,683168316831683
895;218,874150384499;578,128374756435;0,99009900990099;1
896;213,599082680412;376,797594122587;0,99009900990099;1
897;212,033052588257;258,245185853349;0,99009900990099;1
898;223,893896508827;558,664238417825;0,99009900990099;1
899;222,660049125406;591,401236716395;0,99009900990099;1
900;212,289875909374;557,447551178858;0,99009900990099;1
901;214,015221266211;421,939480539812;0,99009900990099;1
902;215,063435551581;653,478053528225;0,99009900990099;1
903;214,087190781553;465,361738763078;0,99009900990099;1
904;213,861321888701;555,702276210224;0,99009900990099;1
905;213,502284757379;416,478074871632;0,99009900990099;1
906;212,348965377389;417,262225616303;0,99009900990099;1
907;214,37537668072;414,061492911613;0,99009900990099;1
908;217,841112501357;480,041488959501;0,99009900990099;1
909;218,721172232779;459,275203790751;0,99009900990099;1
910;214,801901314238;500,605844315511;0,99009900990099;1
911;214,458343276904;321,738104370946;0,99009900990099;1
912;211,305478423346;332,287728070995;0,99009900990099;1
913;209,803646844908;419,713671645932;0,99009900990099;1
914;219,659687231675;489,611934442142;0,99009900990099;1
915;216,627152405181;450,586166283732;0,99009900990099;1
916;210,706693093694;385,030552905336;0,99009900990099;1
917;212,692767400336;456,086414384873;0,99009900990099;1
918;212,175381819295;383,947128126256;0,99009900990099;1
919;213,568744808529;452,487712545772;0,99009900990099;1
920;213,254131275573;371,417861338165;0,99009900990099;1
921;213,889612771386;553,279145034773;0,99009900990099;1
922;212,00774781127;354,942308868825;0,99009900990099;1
923;211,829995311506;529,312402430668;0,99009900990099;1
924;216,471769569113;477,505740311316;0,99009900990099;1
925;212,867667299892;284,956426756115;0,99009900990099;1
926;221,888256275273;424,26111353309;0,99009900990099;1
927;212,579445071168;378,390508934671;0,99009900990099;1
928;219,358251450681;441,131520888566;0,99009900990099;1
929;213,496583600873;345,591788800667;0,99009900990099;1
930;216,118117878456;462,808570179484;0,99009900990099;1
931;211,587442553217;266,66723240895;0,99009900990099;1
932;214,48894888942;397,467867465779;0,99009900990099;1
933;213,813323239927;331,534470685407;0,99009900990099;1
934;210,368921374547;396,857806880201;0,99009900990099;1
935;214,487160338404;389,367969912058;0,99009900990099;1
936;215,289559950341;338,548996254096;0,99009900990099;1
937;215,117574287617;371,077729031584;0,99009900990099;1
938;213,562620341897;287,952602046935;0,99009900990099;1
939;212,365571951619;294,895786143194;0,99009900990099;1
940;214,262435611935;407,91567905338;0,99009900990099;1
941;212,626411248262;407,692313875229;0,99009900990099;1
942;211,94018061743;323,788662550024;0,99009900990099;1
943;216,400018942178;415,058090937234;0,99009900990099;1
944;217,241374480031;508,050887291727;0,99009900990099;1
945;214,758754046031;439,204926317053;0,99009900990099;1
946;217,067436561937;497,029348975202;0,99009900990099;1
947;214,499776170946;506,696606868902;0,99009900990099;1
948;215,98659579728;442,20752744564;0,99009900990099;1
949;211,882166406395;458,249336869456;0,99009900990099;1
950;212,065699220975;536,469526716954;0,99009900990099;1
951;215,015872859794;345,634554926772;0,99009900990099;1
952;212,073974486527;258,433628703907;0,99009900990099;1
953;213,733742880054;331,66701019772;0,99009900990099;1
954;212,663422568734;500,833613900965;0,99009900990099;1
955;212,368290383279;405,235394948672;0,99009900990099;1
956;213,998586064591;411,244580183424;0,99009900990099;1
957;213,882895335612;525,310902002518;0,99009900990099;1
958;211,149084311092;385,964666911836;0,99009900990099;1
959;210,339484395053;424,720853369835;0,99009900990099;1
960;212,902675970772;381,228023019337;0,99009900990099;1
961;212,613884912023;432,148875288516;0,99009900990099;1
962;212,365863419838;457,616190402557;0,99009900990099;1
963;215,854434993758;482,724721682048;0,99009900990099;1
964;215,513828891799;362,777893281319;0,99009900990099;1
965;211,304682731142;321,618753955638;0,99009900990099;1
966;214,949649291726;408,961707999551;0,99009900990099;1
967;217,68618821335;339,374939041748;0,99009900990099;1
968;219,01904398556;528,918615037869;0,99009900990099;1
969;213,221287197717;497,278481910724;0,99009900990099;1
970;214,373785336063;424,930321429567;0,99009900990099;1
971;215,121161690798;432,926095314411;0,99009900990099;1
972;213,052949308328;368,932665511198;0,99009900990099;1
973;215,264098402849;532,913333257898;0,99009900990099;1
974;203;307,487591446047;0,673267326732673;0,683168316831683
975;214,714039259063;319,669924464757;0,99009900990099;1
976;210,680310999014;389,604467122632;0,99009900990099;1
977;214,686402116012;357,54539112447;0,99009900990099;1
978;211,612466215254;372,848712211846;0,99009900990099;1
979;210,821198891484;428,548087568991;0,99009900990099;1
980;211,730229659712;357,342775157477;0,99009900990099;1
981;203;395,902752710966;0,871287128712871;0,881188118811881
982;217,051543937776;483,811982271335;0,99009900990099;1
983;213,902951343619;465,879534542345;0,99009900990099;1
984;210,856476862809;323,059326544942;0,99009900990099;1
985;213,824327901693;484,426582582508;0,99009900990099;1
986;215,136925683872;363,314186359809;0,99009900990099;1
987;213,688955424471;324,1293607995;0,99009900990099;1
988;215,011912432904;368,814203576878;0,99009900990099;1
989;212,432007504517;415,5179883181;0,99009900990099;1
990;216,77775563535;500,257411606289;0,99009900990099;1
991;214,393947926512;385,765125893101;0,99009900990099;1
992;216,097303838755;424,556246123851;0,99009900990099;1
993;214,651399296339;351,857908573233;0,99009900990099;1
994;213,78063801781;474,442325922968;0,99009900990099;1
995;212,913177792647;274,21951851565;0,99009900990099;1
996;214,322526079823;375,928790339617;0,99009900990099;1
997;214,785429091792;488,364890822863;0,99009900990099;1
998;213,447182867538;439,65936520336;0,99009900990099;1
999;214,855306197527;425,153785486369;0,99009900990099;1
