0;255,024634417169;557,644347852014;0,99009900990099;1
1;256,60737102561;546,16135723162;0,99009900990099;1
2;256,639582357317;419,743844664659;0,99009900990099;1
3;256,719348800435;527,1491907767;0,99009900990099;1
4;259,913198627539;784,185754648433;0,99009900990099;1
5;254,749598419073;431,406999450977;0,99009900990099;1
6;266,425898745076;748,855367598462;0,99009900990099;1
7;257,971740444117;634,958253562959;0,99009900990099;1
8;258,771258389228;495,676303026778;0,99009900990099;1
9;262,014036183602;742,855857040427;0,99009900990099;1
10;254,478381529725;459,056348488155;0,99009900990099;1
11;256,62782992472;545,22639007286;0,99009900990099;1
12;254,990975599647;414,84041941805;0,99009900990099;1
13;259,626900843629;579,802702222642;0,99009900990099;1
14;252,837585301192;460,62652933042;0,99009900990099;1
15;266,330183739526;623,927596829402;0,99009900990099;1
16;255,157865939518;480,641446725002;0,99009900990099;1
17;253,73660895806;606,106861055743;0,99009900990099;1
18;235;608,122957074978;0,96039603960396;0,97029702970297
19;257,974510674414;636,517582719053;0,99009900990099;1
20;266,809933376385;734,31019885429;0,99009900990099;1
21;258,389586015451;588,632199485109;0,99009900990099;1
22;259,292733777438;574,649486568871;0,99009900990099;1
23;252,226926824973;508,77758544674;0,99009900990099;1
24;259,11151843197;661,043599661746;0,99009900990099;1
25;252,286263319824;522,656839872078;0,99009900990099;1
26;260,83216368816;560,13972335797;0,99009900990099;1
27;258,11592380055;522,385348593893;0,99009900990099;1
28;254,357854777555;500,20671943744;0,99009900990099;1
29;254,55952722077;689,383595888825;0,99009900990099;1
30;256,892863099582;616,752925102558;0,99009900990099;1
31;258,684170306574;578,600653837808;0,99009900990099;1
32;253,395899608735;587,085083982093;0,99009900990099;1
33;255,904613824618;517,596389267514;0,99009900990099;1
34;262,612305433136;612,409105842831;0,99009900990099;1
35;257,608866257964;572,413299834533;0,99009900990099;1
36;254,918641598768;591,082650929652;0,99009900990099;1
37;261,878271134888;641,460711149315;0,99009900990099;1
38;266,078878921185;666,199775162781;0,99009900990099;1
39;262,154194069842;742,562962710607;0,99009900990099;1
40;255,294709041495;528,638942965156;0,99009900990099;1
41;256,709822769121;568,03555205745;0,99009900990099;1
42;263,752247379709;728,415599801761;0,99009900990099;1
43;258,760304187974;603,117249320748;0,99009900990099;1
44;262,201506157947;684,118286501558;0,99009900990099;1
45;257,297996108172;430,81435323748;0,99009900990099;1
46;254,917084003079;446,881620863544;0,99009900990099;1
47;253,607944928016;409,787799602011;0,99009900990099;1
48;262,005263268279;611,717229552484;0,99009900990099;1
49;255,385994420444;511,717667510664;0,99009900990099;1
50;256,346434539033;694,927007969732;0,99009900990099;1
51;259,153458695276;538,208190098798;0,99009900990099;1
52;261,353011043433;709,063533096464;0,99009900990099;1
53;256,082112206961;407,477070716111;0,99009900990099;1
54;257,216683049056;647,247110195045;0,99009900990099;1
55;256,46929062704;549,257670700823;0,99009900990099;1
56;255,309585622138;449,345598775439;0,99009900990099;1
57;261,130219082509;681,896615839625;0,99009900990099;1
58;264,22080622371;784,039727030286;0,99009900990099;1
59;257,393482129242;509,991001767983;0,99009900990099;1
60;255,254495484357;416,116105666098;0,99009900990099;1
61;258,321600075448;598,800588847844;0,99009900990099;1
62;257,655640891887;421,120385904739;0,99009900990099;1
63;256,053235443519;437,534629679899;0,99009900990099;1
64;254,998686953293;523,599263427384;0,99009900990099;1
65;257,343751180516;583,911369980685;0,99009900990099;1
66;257,548187510947;486,568342960799;0,99009900990099;1
67;253,757231895884;493,80853664547;0,99009900990099;1
68;262,852010700748;738,718958867791;0,99009900990099;1
69;256,076708656359;473,005720282396;0,99009900990099;1
70;261,314561139514;797,611471750884;0,99009900990099;1
71;255,64356931756;536,833017542942;0,99009900990099;1
72;253,501411747909;590,101548103286;0,99009900990099;1
73;262,472943509628;583,16246653851;0,99009900990099;1
74;258,266660392303;491,852268896327;0,99009900990099;1
75;259,577695448691;676,339612769506;0,99009900990099;1
76;262,424075738405;794,268580245479;0,99009900990099;1
77;254,201768945875;512,342434063722;0,99009900990099;1
78;259,893243067877;643,321582578387;0,99009900990099;1
79;253,830324821152;490,144332582032;0,99009900990099;1
80;260,071641300545;563,289117527554;0,99009900990099;1
81;255,245261358382;614,50472403801;0,99009900990099;1
82;256,183082257964;446,298830078515;0,99009900990099;1
83;256,077606612805;530,507644648242;0,99009900990099;1
84;257,207770129936;461,188867493498;0,99009900990099;1
85;256,341258265017;636,061886780566;0,99009900990099;1
86;260,889246821978;639,153545362239;0,99009900990099;1
87;256,135673009308;762,023716707316;0,99009900990099;1
88;258,350189000776;434,491062832118;0,99009900990099;1
89;253,726255344041;590,346257151885;0,99009900990099;1
90;256,011411184957;540,27384070043;0,99009900990099;1
91;257,016698384512;495,993563381672;0,99009900990099;1
92;258,186315519833;662,379114396988;0,99009900990099;1
93;260,546047776635;664,590028865859;0,99009900990099;1
94;259,411237826531;646,733014261522;0,99009900990099;1
95;254,668486041687;613,678544839639;0,99009900990099;1
96;257,642452727308;564,697621919389;0,99009900990099;1
97;263,076817669059;633,615790923454;0,99009900990099;1
98;260,466155547742;715,60492377014;0,99009900990099;1
99;262,307817751183;596,60196281621;0,99009900990099;1
100;260,241049061889;763,615835483296;0,99009900990099;1
101;255,075474679127;444,178438355395;0,99009900990099;1
102;261,32181824968;619,96468009485;0,99009900990099;1
103;264,402159329281;596,462859349057;0,99009900990099;1
104;265,235858677884;721,258859708544;0,99009900990099;1
105;257,211186414358;607,351809338231;0,99009900990099;1
106;262,726847897824;626,594331336892;0,99009900990099;1
107;253,997922285201;546,067452302552;0,99009900990099;1
108;259,47297552173;608,828413374367;0,99009900990099;1
109;257,480960785529;713,230629896853;0,99009900990099;1
110;266,042543846306;912,917805618115;0,99009900990099;1
111;235;580,006730020591;0,96039603960396;0,97029702970297
112;257,512186635584;715,0059060702;0,99009900990099;1
113;256,371791182804;525,298072559703;0,99009900990099;1
114;256,962325054089;517,472971469674;0,99009900990099;1
115;264,243831687438;664,134462593709;0,99009900990099;1
116;262,886937403701;823,636908478202;0,99009900990099;1
117;259,343289813645;554,595779295332;0,99009900990099;1
118;255,838072426878;440,154290465719;0,99009900990099;1
119;254,767245899282;482,880261700038;0,99009900990099;1
120;261,320432444853;630,110969825929;0,99009900990099;1
121;255,679010278915;627,318755850812;0,99009900990099;1
122;255,51777826396;546,284021840523;0,99009900990099;1
123;256,830406417444;599,102925841047;0,99009900990099;1
124;259,939466125826;653,324251494717;0,99009900990099;1
125;264,315311145615;662,327546018721;0,99009900990099;1
126;254,851147762623;542,552635817169;0,99009900990099;1
127;256,475890035919;430,391807108322;0,99009900990099;1
128;255,354418492935;451,5570218873;0,99009900990099;1
129;257,340046406387;497,353328032626;0,99009900990099;1
130;254,682319531026;435,525927334971;0,99009900990099;1
131;258,79826397772;540,176588236968;0,99009900990099;1
132;256,093494339158;517,606847420632;0,99009900990099;1
133;255,366496399579;442,983339565028;0,99009900990099;1
134;256,072168418592;459,440951296985;0,99009900990099;1
135;261,011405691065;622,900836849662;0,99009900990099;1
136;259,429319300843;540,147457041785;0,99009900990099;1
137;260,075972179934;647,898024685001;0,99009900990099;1
138;256,539254344181;688,668220896787;0,99009900990099;1
139;257,482286923269;656,964126869879;0,99009900990099;1
140;254,229654505679;444,405110887438;0,99009900990099;1
141;263,85291955707;603,92094813351;0,99009900990099;1
142;257,761494731546;432,900353977504;0,99009900990099;1
143;259,810228665371;742,028600968636;0,99009900990099;1
144;259,475289346007;564,189695019523;0,99009900990099;1
145;255,618436777893;533,248017780178;0,99009900990099;1
146;255,607127694481;556,217954286765;0,99009900990099;1
147;254,31416906999;577,448757540568;0,99009900990099;1
148;259,673129739564;627,964058787522;0,99009900990099;1
149;263,235593153721;706,468570491787;0,99009900990099;1
150;259,31065195248;491,002939495222;0,99009900990099;1
151;262,507311476327;754,005018255839;0,99009900990099;1
152;261,467877963059;580,290215564971;0,99009900990099;1
153;253,5663701535;470,130703272256;0,99009900990099;1
154;260,228572393336;641,191329188804;0,99009900990099;1
155;252,675351324025;444,453718152967;0,99009900990099;1
156;254,081604554883;504,22798027304;0,99009900990099;1
157;235;441,929473396359;0,871287128712871;0,881188118811881
158;265,056622062105;810,217373879262;0,99009900990099;1
159;261,072188059975;711,379743742037;0,99009900990099;1
160;256,885128870377;727,293897299624;0,99009900990099;1
161;256,089705509286;539,610555225018;0,99009900990099;1
162;260,08616910479;458,447849478263;0,99009900990099;1
163;262,618422719297;538,478094768067;0,99009900990099;1
164;258,003382114938;456,649771391894;0,99009900990099;1
165;251,654495399233;480,064437149979;0,99009900990099;1
166;260,598009398679;589,01923247738;0,99009900990099;1
167;257,835369897643;539,734913894384;0,99009900990099;1
168;256,496442001061;529,348639164961;0,99009900990099;1
169;262,114956138364;638,73770466245;0,99009900990099;1
170;255,668328789171;465,060526323338;0,99009900990099;1
171;256,835871407051;623,069849862704;0,99009900990099;1
172;260,152179174967;574,080648735937;0,99009900990099;1
173;254,058990192906;662,48223227233;0,99009900990099;1
174;260,725803839697;634,820015888261;0,99009900990099;1
175;259,28328854786;554,847364971811;0,99009900990099;1
176;257,016713646048;649,793016624233;0,99009900990099;1
177;262,490286030274;640,851582984586;0,99009900990099;1
178;258,9973164367;667,380016433056;0,99009900990099;1
179;255,983546450221;555,271142705093;0,99009900990099;1
180;259,49954773165;652,382008955494;0,99009900990099;1
181;259,639893845511;592,747990138049;0,99009900990099;1
182;258,845013406145;650,230855263526;0,99009900990099;1
183;255,239251172911;452,146090458794;0,99009900990099;1
184;254,166036261244;458,373915324772;0,99009900990099;1
185;259,677189965077;505,813497385668;0,99009900990099;1
186;255,034992217532;505,453850534852;0,99009900990099;1
187;262,298488813041;689,174497568853;0,99009900990099;1
188;260,672362908909;667,59858195603;0,99009900990099;1
189;264,404408117374;480,724935755087;0,99009900990099;1
190;256,414993372466;541,767863090621;0,99009900990099;1
191;258,543386958208;732,764819956405;0,99009900990099;1
192;263,377353085468;786,63522089176;0,99009900990099;1
193;256,687475136741;575,352253704145;0,99009900990099;1
194;255,974923603207;517,298095188595;0,99009900990099;1
195;262,944722258211;564,495236389634;0,99009900990099;1
196;263,672612428599;685,990766268395;0,99009900990099;1
197;261,82902571663;717,292840180277;0,99009900990099;1
198;260,295939428791;658,86441579259;0,99009900990099;1
199;256,842676875533;434,634090611233;0,99009900990099;1
200;260,167966339451;857,613126690786;0,99009900990099;1
201;257,02291452654;549,472841397877;0,99009900990099;1
202;255,126565205168;856,677851327859;0,99009900990099;1
203;260,716904315135;502,190530438335;0,99009900990099;1
204;260,774006239056;821,608929324558;0,99009900990099;1
205;257,463150476986;537,761882698279;0,99009900990099;1
206;235;499,754230995176;0,96039603960396;0,97029702970297
207;235;423,609805835792;0,712871287128713;0,722772277227723
208;256,790146407761;590,846843137251;0,99009900990099;1
209;262,382209875636;568,513990769482;0,99009900990099;1
210;255,092220916878;551,619475012289;0,99009900990099;1
211;259,505285834502;708,69828019055;0,99009900990099;1
212;263,3096773205;624,735820059111;0,99009900990099;1
213;257,370758285437;555,801640195067;0,99009900990099;1
214;255,843738412387;510,974594487242;0,99009900990099;1
215;254,545518035952;507,663863724772;0,99009900990099;1
216;259,047640828552;507,358016826128;0,99009900990099;1
217;254,799439053701;471,777431996552;0,99009900990099;1
218;258,114734342712;582,640440428196;0,99009900990099;1
219;254,400947371599;571,306012677219;0,99009900990099;1
220;258,838179908551;594,969081606507;0,99009900990099;1
221;255,01679721342;536,236097067267;0,99009900990099;1
222;256,902183235097;496,670040830194;0,99009900990099;1
223;256,615216351282;547,035181441449;0,99009900990099;1
224;254,476699724568;521,154216478449;0,99009900990099;1
225;261,583323788829;589,759260050146;0,99009900990099;1
226;253,047585473462;539,229579846642;0,99009900990099;1
227;257,000251484336;592,198785067877;0,99009900990099;1
228;255,225536930617;440,943030243765;0,99009900990099;1
229;262,743454618491;778,365086325005;0,99009900990099;1
230;260,931853305293;609,509251458357;0,99009900990099;1
231;254,888744279712;501,152806683978;0,99009900990099;1
232;257,196286351662;509,982039020065;0,99009900990099;1
233;260,036308796323;596,172748191145;0,99009900990099;1
234;254,982185134669;576,935951177116;0,99009900990099;1
235;255,89098641364;489,572380303994;0,99009900990099;1
236;259,587724479388;563,156326097138;0,99009900990099;1
237;263,739103566248;548,516861179338;0,99009900990099;1
238;262,496325039441;677,868936647166;0,99009900990099;1
239;254,299979199567;514,833976319137;0,99009900990099;1
240;255,954372432926;564,533831911764;0,99009900990099;1
241;258,649825187186;448,907731928657;0,99009900990099;1
242;255,975711453747;690,70489321808;0,99009900990099;1
243;254,063484347756;627,428885835711;0,99009900990099;1
244;256,096686608461;623,824117610212;0,99009900990099;1
245;261,695384744414;585,72634646479;0,99009900990099;1
246;259,438777274454;681,428600929196;0,99009900990099;1
247;257,625853871087;492,908087554503;0,99009900990099;1
248;255,606110474112;634,082925032895;0,99009900990099;1
249;258,716762387824;528,859718870519;0,99009900990099;1
250;259,570866255931;578,635528602607;0,99009900990099;1
251;266,068921897183;872,887089483164;0,99009900990099;1
252;254,929764528346;598,704312565833;0,99009900990099;1
253;264,574847254146;736,048150608524;0,99009900990099;1
254;258,4777226921;690,451295313343;0,99009900990099;1
255;254,169367575948;568,460715900946;0,99009900990099;1
256;261,303935525157;565,6824625734;0,99009900990099;1
257;253,825464970773;481,399642294805;0,99009900990099;1
258;235;440,469446573047;0,554455445544555;0,564356435643564
259;256,290480146455;499,329580881018;0,99009900990099;1
260;258,419606111127;493,022743803674;0,99009900990099;1
261;254,113091487561;492,52756691198;0,99009900990099;1
262;254,238416180096;533,806816611165;0,99009900990099;1
263;261,446285048872;478,049134711979;0,99009900990099;1
264;259,315502694502;590,376607359108;0,99009900990099;1
265;255,396288678361;560,160160109418;0,99009900990099;1
266;263,603020023151;802,676542611306;0,99009900990099;1
267;262,224964783569;603,245563865092;0,99009900990099;1
268;253,269467789502;547,029230049078;0,99009900990099;1
269;260,337106024931;601,963572291368;0,99009900990099;1
270;253,413970946782;504,130213006747;0,99009900990099;1
271;255,986373135482;415,745772325082;0,99009900990099;1
272;255,285119621745;578,82301530428;0,99009900990099;1
273;260,864318348174;515,454226010388;0,99009900990099;1
274;262,227492792574;567,604469870769;0,99009900990099;1
275;258,358572271428;546,785733742452;0,99009900990099;1
276;259,846214909664;668,467261225591;0,99009900990099;1
277;253,743328795881;539,697834042472;0,99009900990099;1
278;255,416187761806;676,981345522406;0,99009900990099;1
279;258,975004575186;589,534750883024;0,99009900990099;1
280;255,552407361914;541,153146494357;0,99009900990099;1
281;259,221206779212;503,474691895566;0,99009900990099;1
282;252,738159355009;441,407295645518;0,99009900990099;1
283;255,095201629586;506,0860970253;0,99009900990099;1
284;255,194415657471;479,184034389185;0,99009900990099;1
285;255,083944274702;523,613242972015;0,99009900990099;1
286;261,483814245939;653,946864491872;0,99009900990099;1
287;258,891331014359;608,921327671237;0,99009900990099;1
288;261,073463221938;674,452399221995;0,99009900990099;1
289;257,339145180399;673,692012835829;0,99009900990099;1
290;262,382202632563;774,261946162306;0,99009900990099;1
291;253,187898211182;540,804447784197;0,99009900990099;1
292;259,244230167807;564,736806350701;0,99009900990099;1
293;255,667318003698;479,48342984987;0,99009900990099;1
294;264,882047791542;776,312155666771;0,99009900990099;1
295;257,362732467701;552,87836988371;0,99009900990099;1
296;260,784539044336;652,840834028444;0,99009900990099;1
297;256,668599066525;703,392173673452;0,99009900990099;1
298;260,60059527769;693,401235587198;0,99009900990099;1
299;260,660998657892;644,542357685009;0,99009900990099;1
300;256,444287483323;435,170179392236;0,99009900990099;1
301;263,108834748937;734,955514207596;0,99009900990099;1
302;257,653526165828;562,72165649078;0,99009900990099;1
303;258,167853310289;562,458556613689;0,99009900990099;1
304;252,911533300654;512,268740942616;0,99009900990099;1
305;265,534265577608;749,43256777134;0,99009900990099;1
306;255,433526738026;539,671163192409;0,99009900990099;1
307;253,831228918268;548,750881747204;0,99009900990099;1
308;260,788160939363;664,112426685602;0,99009900990099;1
309;259,175615471018;533,107161442691;0,99009900990099;1
310;257,617332168425;491,70024751114;0,99009900990099;1
311;259,882357589239;545,669567701117;0,99009900990099;1
312;257,370040706362;548,280717166484;0,99009900990099;1
313;235;421,006389203075;0,821782178217822;0,831683168316832
314;258,085752389693;557,277731470847;0,99009900990099;1
315;256,680847395746;626,983036439208;0,99009900990099;1
316;257,349432854485;593,444460659313;0,99009900990099;1
317;260,73497761709;628,704265641079;0,99009900990099;1
318;257,53874561792;494,414221603023;0,99009900990099;1
319;256,159316094182;467,65278665354;0,99009900990099;1
320;263,766379842016;593,688128363289;0,99009900990099;1
321;255,285758197156;503,245698845898;0,99009900990099;1
322;259,494656972026;567,463273875696;0,99009900990099;1
323;263,428919777514;623,069051608104;0,99009900990099;1
324;254,795838112357;633,802613921757;0,99009900990099;1
325;235;542,550695278718;0,96039603960396;0,97029702970297
326;257,247667640531;470,206895615652;0,99009900990099;1
327;258,309756455133;640,544229751736;0,99009900990099;1
328;257,816711832723;538,26797028942;0,99009900990099;1
329;256,729134698478;611,221465962705;0,99009900990099;1
330;254,882610913711;612,182685949684;0,99009900990099;1
331;257,537205739182;495,887356270893;0,99009900990099;1
332;256,894666492239;546,149434799588;0,99009900990099;1
333;254,291939834501;619,741042419792;0,99009900990099;1
334;257,022050539202;589,073486900597;0,99009900990099;1
335;235;488,968175931023;0,910891089108911;0,920792079207921
336;262,650297870129;528,076810722946;0,99009900990099;1
337;265,359720482346;723,08405689886;0,99009900990099;1
338;259,901151056475;572,221303289701;0,99009900990099;1
339;261,335330966786;665,479150572652;0,99009900990099;1
340;259,546827627554;665,996504065529;0,99009900990099;1
341;258,009665185228;554,990127521492;0,99009900990099;1
342;260,132741133051;686,814158412563;0,99009900990099;1
343;264,197622532239;628,189428349453;0,99009900990099;1
344;259,751173975072;644,127423558513;0,99009900990099;1
345;257,327974819983;587,286339545661;0,99009900990099;1
346;257,788837980053;573,882073323104;0,99009900990099;1
347;254,504456142158;543,621427906298;0,99009900990099;1
348;257,752662051664;682,000682436908;0,99009900990099;1
349;264,366207872962;650,331101593843;0,99009900990099;1
350;254,406179191864;692,719993937583;0,99009900990099;1
351;262,210981861697;708,422478281773;0,99009900990099;1
352;261,617219054438;569,305152302589;0,99009900990099;1
353;259,959229012799;745,39655739508;0,99009900990099;1
354;262,067120747533;618,739983368051;0,99009900990099;1
355;253,73246727701;647,546173629023;0,99009900990099;1
356;257,662677590691;685,538945850571;0,99009900990099;1
357;253,556126897143;476,101022961736;0,99009900990099;1
358;252,784716061908;467,331201351516;0,99009900990099;1
359;262,814983392284;686,561211280724;0,99009900990099;1
360;255,201762093615;585,324807567243;0,99009900990099;1
361;259,293675969455;537,314000756804;0,99009900990099;1
362;264,471660748835;650,40365425462;0,99009900990099;1
363;258,416283633629;535,660885784926;0,99009900990099;1
364;255,694391466631;546,58305416227;0,99009900990099;1
365;253,343577063347;601,677747192619;0,99009900990099;1
366;260,686295798086;861,991018564584;0,99009900990099;1
367;255,511816707186;425,110297150867;0,99009900990099;1
368;261,970815573605;665,27929029716;0,99009900990099;1
369;257,878989947034;615,309176606747;0,99009900990099;1
370;261,562529810342;749,243125435589;0,99009900990099;1
371;263,543460484632;717,050658349498;0,99009900990099;1
372;262,070042154068;727,396481655766;0,99009900990099;1
373;254,55766653046;528,321793987752;0,99009900990099;1
374;261,652628430102;804,196542273616;0,99009900990099;1
375;256,748925521207;506,252046515312;0,99009900990099;1
376;258,651760099282;522,995252938098;0,99009900990099;1
377;251,544501807802;544,763748420353;0,99009900990099;1
378;263,52584369765;693,749998912724;0,99009900990099;1
379;257,263460372811;578,238364038025;0,99009900990099;1
380;262,942440502151;667,364068053741;0,99009900990099;1
381;266,178412522915;768,288450849008;0,99009900990099;1
382;256,570653711935;601,389508813127;0,99009900990099;1
383;256,944206045068;580,400553229302;0,99009900990099;1
384;253,932745651226;529,873822044364;0,99009900990099;1
385;254,6410088531;475,918551125951;0,99009900990099;1
386;235;492,074398011626;0,910891089108911;0,920792079207921
387;252,923795252031;564,06046059104;0,99009900990099;1
388;255,554090951341;393,467142889227;0,99009900990099;1
389;261,660034529338;808,419792811297;0,99009900990099;1
390;261,717502286866;555,96764439464;0,99009900990099;1
391;256,723684093094;520,961391074121;0,99009900990099;1
392;260,298741963057;480,470261686879;0,99009900990099;1
393;259,186973983892;687,726305776478;0,99009900990099;1
394;258,005919040588;594,230770711765;0,99009900990099;1
395;260,04710007032;607,098505169457;0,99009900990099;1
396;263,732652137257;777,094311460425;0,99009900990099;1
397;253,718852172541;541,143349353416;0,99009900990099;1
398;254,040634804497;565,570610425525;0,99009900990099;1
399;262,064199156304;525,264421157152;0,99009900990099;1
400;258,464749128045;630,440893315497;0,99009900990099;1
401;260,253486964498;694,298048507676;0,99009900990099;1
402;256,382410749451;512,23155940299;0,99009900990099;1
403;255,693794903934;596,735271130529;0,99009900990099;1
404;261,780756000176;560,354378485274;0,99009900990099;1
405;254,862619365453;564,568366658419;0,99009900990099;1
406;257,968424264643;654,48579749291;0,99009900990099;1
407;254,681452915098;426,707562133968;0,99009900990099;1
408;257,839707432815;547,729691314331;0,99009900990099;1
409;260,203342017305;693,844203579117;0,99009900990099;1
410;235;592,527390994552;0,96039603960396;0,97029702970297
411;269,353742567253;929,47020563529;0,99009900990099;1
412;260,052113267947;612,615516087146;0,99009900990099;1
413;235;564,308888988086;0,910891089108911;0,920792079207921
414;257,885132711396;575,919787660758;0,99009900990099;1
415;261,86921277236;691,177706168095;0,99009900990099;1
416;259,627756432582;683,369092820104;0,99009900990099;1
417;260,225707263923;606,604345812295;0,99009900990099;1
418;235;502,823276296127;0,821782178217822;0,831683168316832
419;260,087360766079;659,574973509028;0,99009900990099;1
420;253,922585550811;527,755406428729;0,99009900990099;1
421;257,418451843812;596,585320832269;0,99009900990099;1
422;260,002768899325;702,847147057237;0,99009900990099;1
423;258,41538402248;681,7218015734;0,99009900990099;1
424;258,127504576201;590,940650456528;0,99009900990099;1
425;257,675744332341;510,06241128558;0,99009900990099;1
426;260,769205656797;591,909566823065;0,99009900990099;1
427;259,656587370994;561,640190339323;0,99009900990099;1
428;254,579523422946;535,091166736451;0,99009900990099;1
429;258,393610272764;631,755019036555;0,99009900990099;1
430;258,866244269592;573,093840178595;0,99009900990099;1
431;255,301637794701;489,660209481075;0,99009900990099;1
432;256,343769230653;430,891026150468;0,99009900990099;1
433;257,804134023466;424,613426131057;0,99009900990099;1
434;254,708705782672;592,023285999627;0,99009900990099;1
435;255,107897162076;541,424728244042;0,99009900990099;1
436;258,1334031416;623,548615482147;0,99009900990099;1
437;255,426105770444;536,444428866897;0,99009900990099;1
438;258,065387517122;611,734307409067;0,99009900990099;1
439;256,139804340913;548,813460511938;0,99009900990099;1
440;255,837799872898;494,6422994369;0,99009900990099;1
441;257,541560326284;524,243431655816;0,99009900990099;1
442;261,813487395596;665,717606646072;0,99009900990099;1
443;259,254727693185;689,628665994305;0,99009900990099;1
444;256,294060367384;717,289270686815;0,99009900990099;1
445;253,42133596968;427,565512439047;0,99009900990099;1
446;256,47631684434;654,806256543229;0,99009900990099;1
447;259,543186994351;683,477857405886;0,99009900990099;1
448;253,790503592776;565,5918998764;0,99009900990099;1
449;235;449,924916358716;0,910891089108911;0,920792079207921
450;255,287475903587;588,390904421152;0,99009900990099;1
451;257,287370621173;532,033052227229;0,99009900990099;1
452;261,220293512459;453,959379878976;0,99009900990099;1
453;258,357760229354;589,141321387931;0,99009900990099;1
454;255,428980270738;496,749018621991;0,99009900990099;1
455;258,624133478568;569,054069144661;0,99009900990099;1
456;257,109141246171;599,458365611107;0,99009900990099;1
457;256,165339598307;671,142256359642;0,99009900990099;1
458;260,269666557648;759,457162919823;0,99009900990099;1
459;255,712920247073;486,311729783141;0,99009900990099;1
460;255,184625782516;531,761668025556;0,99009900990099;1
461;265,650361833839;903,767601842407;0,99009900990099;1
462;258,064100991539;462,645395774111;0,99009900990099;1
463;253,703188240877;507,346790378817;0,99009900990099;1
464;257,946921988165;557,486504895954;0,99009900990099;1
465;258,607702276692;577,946228531081;0,99009900990099;1
466;262,344209424096;754,324132178538;0,99009900990099;1
467;256,311723656191;471,432726126835;0,99009900990099;1
468;256,585442072791;590,698245450495;0,99009900990099;1
469;261,320318922967;524,053433573715;0,99009900990099;1
470;257,496898881697;651,828383008767;0,99009900990099;1
471;254,349035615256;684,927284371356;0,99009900990099;1
472;259,730845897629;508,465254544956;0,99009900990099;1
473;260,94687555705;577,621439560389;0,99009900990099;1
474;257,102921839506;507,495253542697;0,99009900990099;1
475;261,090407138634;536,705136463928;0,99009900990099;1
476;264,591551202742;734,356752285139;0,99009900990099;1
477;262,161886846379;639,054192699342;0,99009900990099;1
478;257,139438143972;499,480031640386;0,99009900990099;1
479;254,869694609881;558,482069683601;0,99009900990099;1
480;253,782737904253;547,593231258397;0,99009900990099;1
481;254,44839118832;680,107931525106;0,99009900990099;1
482;254,636240100897;417,681372579492;0,99009900990099;1
483;261,0681157999;716,353128414163;0,99009900990099;1
484;254,42024721603;531,254537184139;0,99009900990099;1
485;255,461996371016;507,078733679191;0,99009900990099;1
486;256,68192331887;529,191307881813;0,99009900990099;1
487;259,056141504325;614,879898097682;0,99009900990099;1
488;257,894676607715;498,039994460842;0,99009900990099;1
489;260,285800692966;485,757588469109;0,99009900990099;1
490;254,999167367203;577,143611334098;0,99009900990099;1
491;265,238185627443;869,250896422119;0,99009900990099;1
492;261,985815955552;524,991209101236;0,99009900990099;1
493;259,509726071924;578,446207770308;0,99009900990099;1
494;257,12041688847;374,321483909166;0,99009900990099;1
495;263,536598302786;575,519351860883;0,99009900990099;1
496;260,635181777776;672,42471218581;0,99009900990099;1
497;263,654644304559;730,72584424698;0,99009900990099;1
498;258,315157104872;516,448266792516;0,99009900990099;1
499;257,57865759941;660,857553322762;0,99009900990099;1
500;255,883467505764;599,674093531068;0,99009900990099;1
501;254,317482960357;573,998500417287;0,99009900990099;1
502;260,533406218776;665,902484122035;0,99009900990099;1
503;256,525476773201;486,258158871413;0,99009900990099;1
504;261,0465753543;622,35086199664;0,99009900990099;1
505;257,916955459861;667,07845680023;0,99009900990099;1
506;267,338079270992;791,642620888726;0,99009900990099;1
507;254,61086062987;484,283250153807;0,99009900990099;1
508;258,311642543314;684,816585609384;0,99009900990099;1
509;253,532357023133;590,721197089463;0,99009900990099;1
510;258,946562726206;447,885066082391;0,99009900990099;1
511;256,239142934366;549,573299195214;0,99009900990099;1
512;254,986666501696;550,463518896372;0,99009900990099;1
513;254,730440702885;526,128539683509;0,99009900990099;1
514;257,207956605481;730,623803671997;0,99009900990099;1
515;253,032952363599;471,178534175282;0,99009900990099;1
516;254,309265795013;434,333262943449;0,99009900990099;1
517;261,511147643782;763,581743095081;0,99009900990099;1
518;264,590575197811;578,416425804077;0,99009900990099;1
519;267,683977844786;711,413442772128;0,99009900990099;1
520;258,82313521101;569,027587968316;0,99009900990099;1
521;255,951280704346;449,136798119999;0,99009900990099;1
522;258,550881589797;576,05490239019;0,99009900990099;1
523;257,769254856292;643,808576574863;0,99009900990099;1
524;254,09471979577;612,751796514601;0,99009900990099;1
525;254,692758821532;500,506844165584;0,99009900990099;1
526;260,756007585308;535,785118630392;0,99009900990099;1
527;259,034874027981;585,070667240244;0,99009900990099;1
528;260,631242124654;651,439505711506;0,99009900990099;1
529;261,331452999759;741,600655225829;0,99009900990099;1
530;255,103932560509;549,353882243932;0,99009900990099;1
531;258,526349969254;628,56595837447;0,99009900990099;1
532;261,511803053408;565,546977276311;0,99009900990099;1
533;253,860948425076;487,082248590985;0,99009900990099;1
534;254,69861628893;547,266830990115;0,99009900990099;1
535;268,779812963404;817,547273157073;0,99009900990099;1
536;257,56307247755;578,559368047209;0,99009900990099;1
537;260,095970586616;619,752795754517;0,99009900990099;1
538;256,122604662518;602,490799395;0,99009900990099;1
539;256,398225851761;531,395472702255;0,99009900990099;1
540;255,392252808981;542,020680304016;0,99009900990099;1
541;269,328689391245;802,633597152306;0,99009900990099;1
542;262,847612467917;684,324831753848;0,99009900990099;1
543;235;562,723307707164;0,96039603960396;0,97029702970297
544;255,335769460434;546,784077341229;0,99009900990099;1
545;256,992114021977;581,292462530806;0,99009900990099;1
546;259,930931821595;786,923014268471;0,99009900990099;1
547;257,400190948268;696,172165770788;0,99009900990099;1
548;254,566553133385;467,699695531411;0,99009900990099;1
549;256,150276108366;544,167105970774;0,99009900990099;1
550;253,339845514591;460,144284684197;0,99009900990099;1
551;259,145236852553;582,002744639281;0,99009900990099;1
552;255,557229607985;506,415286253484;0,99009900990099;1
553;257,397139288801;632,583176406562;0,99009900990099;1
554;258,599560305885;559,791815368362;0,99009900990099;1
555;257,475718426745;546,129795995281;0,99009900990099;1
556;260,730368791668;648,284235075495;0,99009900990099;1
557;255,726567197463;609,421879917274;0,99009900990099;1
558;260,175425519343;569,343602640454;0,99009900990099;1
559;257,077152288867;576,77128920542;0,99009900990099;1
560;256,599595084357;665,448776692586;0,99009900990099;1
561;254,39548158353;456,865996563363;0,99009900990099;1
562;235;474,078439510495;0,910891089108911;0,920792079207921
563;255,782737304527;553,070384199853;0,99009900990099;1
564;254,938609973551;458,488581645305;0,99009900990099;1
565;266,923920071698;590,816411238335;0,99009900990099;1
566;257,887526687999;538,07908146919;0,99009900990099;1
567;261,385230239476;590,596376367216;0,99009900990099;1
568;261,947022402127;630,481527460522;0,99009900990099;1
569;256,753487656724;454,01976479288;0,99009900990099;1
570;256,432191756407;403,076188799784;0,99009900990099;1
571;235;491,138093316068;0,554455445544555;0,564356435643564
572;257,099884634601;671,910693552732;0,99009900990099;1
573;254,305183914403;478,695676669317;0,99009900990099;1
574;260,925255852296;720,560061146521;0,99009900990099;1
575;262,155405514074;863,262401588774;0,99009900990099;1
576;254,588118681946;415,132213130105;0,99009900990099;1
577;255,936451549824;573,773814673793;0,99009900990099;1
578;259,221503451626;498,848035044324;0,99009900990099;1
579;261,622843558563;500,651281184485;0,99009900990099;1
580;255,164861171552;631,893626721131;0,99009900990099;1
581;259,81126294312;549,19822383494;0,99009900990099;1
582;254,619214951016;492,133988275489;0,99009900990099;1
583;264,083760004474;699,231989137106;0,99009900990099;1
584;266,04126381939;734,416361988449;0,99009900990099;1
585;253,973619000916;450,366779822996;0,99009900990099;1
586;255,809947949422;495,683645072591;0,99009900990099;1
587;257,226334392617;459,350073299552;0,99009900990099;1
588;235;440,082228121348;0,821782178217822;0,831683168316832
589;256,015274378288;466,798991602034;0,99009900990099;1
590;260,983800962989;502,676797568151;0,99009900990099;1
591;256,822395005204;572,950950294071;0,99009900990099;1
592;256,869859776984;609,251503568868;0,99009900990099;1
593;260,296921500167;546,202849235086;0,99009900990099;1
594;257,426951381665;485,924321146581;0,99009900990099;1
595;256,002205951799;536,19770178814;0,99009900990099;1
596;259,455107026754;585,568340019226;0,99009900990099;1
597;259,974191521224;648,948616058684;0,99009900990099;1
598;264,1864722463;529,861825406201;0,99009900990099;1
599;258,095851549807;694,257941127325;0,99009900990099;1
600;258,378833769518;629,557964935867;0,99009900990099;1
601;261,56409692463;757,498180249564;0,99009900990099;1
602;254,426046063205;549,336113964103;0,99009900990099;1
603;256,211144639249;534,225584146122;0,99009900990099;1
604;263,505786273606;826,745694165397;0,99009900990099;1
605;255,767826761638;408,096219939201;0,99009900990099;1
606;255,202366077965;445,064641008541;0,99009900990099;1
607;260,533382198863;603,310474757012;0,99009900990099;1
608;256,322263232982;471,279246686634;0,99009900990099;1
609;256,87404527927;481,670547951119;0,99009900990099;1
610;254,407677093899;501,584386556867;0,99009900990099;1
611;254,389792015659;460,611783233406;0,99009900990099;1
612;261,941397949133;730,399652009907;0,99009900990099;1
613;254,766535975188;380,546455421212;0,99009900990099;1
614;253,550330425223;482,183503053373;0,99009900990099;1
615;259,035762281691;619,857040370869;0,99009900990099;1
616;255,003108782855;685,846872578798;0,99009900990099;1
617;265,462262775682;691,567999078458;0,99009900990099;1
618;254,437318636069;462,4128718722;0,99009900990099;1
619;255,442796293724;692,319825625235;0,99009900990099;1
620;260,624504532407;596,124517890312;0,99009900990099;1
621;260,975511776979;621,670989648411;0,99009900990099;1
622;252,986557921889;586,904747264416;0,99009900990099;1
623;255,737275170908;580,767638876449;0,99009900990099;1
624;255,186787379067;614,702414826858;0,99009900990099;1
625;256,229692356568;555,004318017133;0,99009900990099;1
626;256,986004069431;537,160233065098;0,99009900990099;1
627;259,553567917757;728,114869542034;0,99009900990099;1
628;254,864698037406;528,583222541971;0,99009900990099;1
629;257,362383144383;488,166410173533;0,99009900990099;1
630;259,353488317433;569,184830181794;0,99009900990099;1
631;260,463820262681;645,860759080967;0,99009900990099;1
632;259,896644174258;707,055132779317;0,99009900990099;1
633;262,700416674791;650,82476676374;0,99009900990099;1
634;256,146076651376;565,841678312066;0,99009900990099;1
635;256,949962156636;542,204069041745;0,99009900990099;1
636;256,20115819311;454,82615222958;0,99009900990099;1
637;253,032103701609;584,647657787985;0,99009900990099;1
638;254,282372360532;565,052855326139;0,99009900990099;1
639;262,535280700111;628,359747150026;0,99009900990099;1
640;262,321583763787;571,341728146052;0,99009900990099;1
641;259,808407813616;696,857184047328;0,99009900990099;1
642;261,318954931301;446,434626207263;0,99009900990099;1
643;256,923502788843;509,654097951286;0,99009900990099;1
644;260,779796243551;750,83516642479;0,99009900990099;1
645;258,33387337171;637,59773902426;0,99009900990099;1
646;257,85020567426;733,088772223075;0,99009900990099;1
647;264,023032741947;778,169240446629;0,99009900990099;1
648;261,471030210552;553,588236892093;0,99009900990099;1
649;260,448153097063;709,33967449659;0,99009900990099;1
650;259,915641667074;624,735922510544;0,99009900990099;1
651;258,429427845734;511,949613272789;0,99009900990099;1
652;256,945409122363;517,302503362462;0,99009900990099;1
653;255,752752869452;551,727509895244;0,99009900990099;1
654;260,18998304452;822,906518389198;0,99009900990099;1
655;235;599,353625254154;0,910891089108911;0,920792079207921
656;253,366929500691;464,44657023833;0,99009900990099;1
657;261,155822214928;683,037433049708;0,99009900990099;1
658;252,513216780184;450,408552447264;0,99009900990099;1
659;255,351787774327;593,028231052783;0,99009900990099;1
660;257,293502485029;673,66054805331;0,99009900990099;1
661;255,88375272595;491,997156443623;0,99009900990099;1
662;257,118146107181;647,509859039503;0,99009900990099;1
663;261,236436000411;629,150299885238;0,99009900990099;1
664;259,927301215347;604,14252025817;0,99009900990099;1
665;258,293151906072;608,757410433284;0,99009900990099;1
666;258,493753540082;607,632870267923;0,99009900990099;1
667;235;513,88944268565;0,96039603960396;0,97029702970297
668;261,509712473918;602,010852671312;0,99009900990099;1
669;264,10194753869;753,019732641516;0,99009900990099;1
670;262,256003569518;609,788690169616;0,99009900990099;1
671;257,557055971537;417,293351489496;0,99009900990099;1
672;261,116353928337;709,076768968398;0,99009900990099;1
673;264,749707438607;849,3955955566;0,99009900990099;1
674;257,522707338095;606,156947246202;0,99009900990099;1
675;258,346723857018;672,578952433424;0,99009900990099;1
676;255,039864637458;479,16203842821;0,99009900990099;1
677;256,570307292331;506,894356779449;0,99009900990099;1
678;265,690006525129;731,298376048206;0,99009900990099;1
679;255,186370015483;513,103202626131;0,99009900990099;1
680;266,24400455818;769,080393390947;0,99009900990099;1
681;262,822491158615;596,910069504579;0,99009900990099;1
682;254,907734743933;589,470479687477;0,99009900990099;1
683;257,448843874697;464,969143290917;0,99009900990099;1
684;255,75213755415;671,045005679544;0,99009900990099;1
685;255,674244764117;649,910582528795;0,99009900990099;1
686;257,103839235136;591,107203218201;0,99009900990099;1
687;255,434594715896;603,377512938111;0,99009900990099;1
688;256,083262354948;724,524649001499;0,99009900990099;1
689;256,078941882699;439,728881574179;0,99009900990099;1
690;253,027926745699;509,195448758761;0,99009900990099;1
691;258,449292573782;476,98132257486;0,99009900990099;1
692;259,697662352575;710,606523507035;0,99009900990099;1
693;256,256589249476;590,288673685234;0,99009900990099;1
694;259,88425594688;638,197094730366;0,99009900990099;1
695;261,486712649371;693,68278843243;0,99009900990099;1
696;255,444652638985;477,032683832966;0,99009900990099;1
697;257,745592380686;588,230892382421;0,99009900990099;1
698;256,012712690869;585,711396653919;0,99009900990099;1
699;256,646235572042;549,880696730564;0,99009900990099;1
700;260,865447823649;620,334889611939;0,99009900990099;1
701;254,401789904765;537,857308306545;0,99009900990099;1
702;254,937730116033;459,161059801868;0,99009900990099;1
703;262,734285082493;614,037728143534;0,99009900990099;1
704;260,328472432928;612,02317236964;0,99009900990099;1
705;254,005462365866;526,748975808378;0,99009900990099;1
706;255,469207982206;477,360094914704;0,99009900990099;1
707;257,062436016391;628,429950298157;0,99009900990099;1
708;261,53021387358;595,113164951467;0,99009900990099;1
709;258,259717837491;410,855943996177;0,99009900990099;1
710;259,918394874447;635,733322922976;0,99009900990099;1
711;254,685246252206;618,840646317694;0,99009900990099;1
712;254,502764921439;504,441869462947;0,99009900990099;1
713;254,414338410353;586,582843887498;0,99009900990099;1
714;261,115194171277;641,569914387704;0,99009900990099;1
715;257,454877028607;646,011000759677;0,99009900990099;1
716;256,334397290114;509,01302183667;0,99009900990099;1
717;259,830478358606;739,06605144126;0,99009900990099;1
718;256,006981936305;514,509279106996;0,99009900990099;1
719;254,68996004453;602,236118182548;0,99009900990099;1
720;256,480702008841;563,250876353207;0,99009900990099;1
721;254,566157181779;529,515298344908;0,99009900990099;1
722;254,820055971923;502,742670979462;0,99009900990099;1
723;257,645250651464;663,997906952298;0,99009900990099;1
724;254,559753110458;520,176239750991;0,99009900990099;1
725;255,291989313431;563,73744786209;0,99009900990099;1
726;258,03372609766;462,729257373536;0,99009900990099;1
727;259,073374067308;605,451519861459;0,99009900990099;1
728;260,768755676325;640,445103956972;0,99009900990099;1
729;264,303635808158;622,97475624519;0,99009900990099;1
730;264,303974714687;572,138487825338;0,99009900990099;1
731;259,366755772502;546,448630969446;0,99009900990099;1
732;262,931648228714;673,602178357286;0,99009900990099;1
733;261,287210307608;612,967362246782;0,99009900990099;1
734;262,161782063515;631,060924188719;0,99009900990099;1
735;254,302459697655;481,952561731098;0,99009900990099;1
736;253,31518366721;565,34788786777;0,99009900990099;1
737;256,908399124243;474,19191915385;0,99009900990099;1
738;257,002592558786;646,409350645125;0,99009900990099;1
739;257,172101943582;574,979058925024;0,99009900990099;1
740;260,888903237233;688,497457398795;0,99009900990099;1
741;261,624203288894;725,781364325678;0,99009900990099;1
742;255,137769630564;464,280477078295;0,99009900990099;1
743;261,109033063263;607,002322880126;0,99009900990099;1
744;260,427771463767;541,010196588228;0,99009900990099;1
745;262,013464200858;520,749346381675;0,99009900990099;1
746;261,266061180046;509,426782171519;0,99009900990099;1
747;261,330641286904;700,649327163926;0,99009900990099;1
748;261,293569754323;529,398224894082;0,99009900990099;1
749;252,764278455674;491,838215764434;0,99009900990099;1
750;235;501,925442990906;0,96039603960396;0,97029702970297
751;255,785567861717;535,331517102344;0,99009900990099;1
752;260,173544599078;562,343115448273;0,99009900990099;1
753;258,425201054992;640,338411651854;0,99009900990099;1
754;260,51073966405;639,000222510361;0,99009900990099;1
755;252,481827146848;492,674982575623;0,99009900990099;1
756;256,533898755645;661,676624190382;0,99009900990099;1
757;256,622043204992;567,145255221692;0,99009900990099;1
758;254,683969794514;470,114575875984;0,99009900990099;1
759;257,708690229936;563,740624452202;0,99009900990099;1
760;259,158168802461;489,676898236403;0,99009900990099;1
761;253,672839117966;460,900432410164;0,99009900990099;1
762;255,108013931371;547,473234519885;0,99009900990099;1
763;257,003040094569;615,998019241259;0,99009900990099;1
764;262,19190828336;645,22367440681;0,99009900990099;1
765;258,384319161916;667,989700042982;0,99009900990099;1
766;254,463183437412;631,47813225659;0,99009900990099;1
767;261,904420523902;552,09560481631;0,99009900990099;1
768;259,909364656171;680,111556032776;0,99009900990099;1
769;257,453871674559;588,349507629028;0,99009900990099;1
770;260,945298953894;670,662298802103;0,99009900990099;1
771;255,335842349728;464,410051941474;0,99009900990099;1
772;257,818428944778;421,443742473334;0,99009900990099;1
773;260,209479427931;544,739007096907;0,99009900990099;1
774;257,426962018399;647,772029001045;0,99009900990099;1
775;265,249952815947;718,595980865255;0,99009900990099;1
776;260,142070878679;539,675047418565;0,99009900990099;1
777;258,955770206105;563,694803835763;0,99009900990099;1
778;263,88183919762;676,936791079206;0,99009900990099;1
779;257,121977701551;473,137516071964;0,99009900990099;1
780;254,726392903443;652,092094971532;0,99009900990099;1
781;255,570368605793;477,377955962241;0,99009900990099;1
782;257,653188874424;486,625073153385;0,99009900990099;1
783;259,366250772533;510,555846139513;0,99009900990099;1
784;259,949881503373;605,715761716967;0,99009900990099;1
785;257,321141914507;553,437231384415;0,99009900990099;1
786;257,698336208402;515,365469352515;0,99009900990099;1
787;257,039194826104;502,480246709474;0,99009900990099;1
788;268,320285247495;757,750019594994;0,99009900990099;1
789;259,825794803953;624,786622697808;0,99009900990099;1
790;257,868160611805;527,087608136054;0,99009900990099;1
791;260,945174234712;538,392787825441;0,99009900990099;1
792;263,540542869684;647,958652131915;0,99009900990099;1
793;254,819147258313;549,027313750409;0,99009900990099;1
794;257,285666527027;684,715006644244;0,99009900990099;1
795;263,152041510825;856,198838966275;0,99009900990099;1
796;260,501539416137;685,599512136233;0,99009900990099;1
797;260,63965089135;515,450340746044;0,99009900990099;1
798;255,598124549556;576,052997362723;0,99009900990099;1
799;258,05234312091;573,0223747803;0,99009900990099;1
800;257,282089274295;611,155548232696;0,99009900990099;1
801;256,973050155034;455,314717458805;0,99009900990099;1
802;253,592365174511;429,490339295754;0,99009900990099;1
803;257,475251142855;558,119473555641;0,99009900990099;1
804;254,854793768727;448,61395618041;0,99009900990099;1
805;260,388923866648;624,853305032875;0,99009900990099;1
806;252,866723308924;377,482612987534;0,99009900990099;1
807;260,054701950444;548,836357896896;0,99009900990099;1
808;258,134345265384;722,241939936729;0,99009900990099;1
809;260,654885421248;646,42855983657;0,99009900990099;1
810;260,42497990162;637,927293191985;0,99009900990099;1
811;260,177928502059;549,582632613051;0,99009900990099;1
812;257,827006349743;643,26255580768;0,99009900990099;1
813;259,080980436617;563,685893065516;0,99009900990099;1
814;256,701440956924;461,544389354768;0,99009900990099;1
815;256,968456668328;564,453544556413;0,99009900990099;1
816;256,713833794058;524,501276546438;0,99009900990099;1
817;256,234155192601;575,2053251699;0,99009900990099;1
818;257,612785739076;513,245386482223;0,99009900990099;1
819;256,527702607527;599,814374457418;0,99009900990099;1
820;254,601994726599;581,671535571354;0,99009900990099;1
821;253,152587145038;542,878295488046;0,99009900990099;1
822;256,183693924805;507,216905897426;0,99009900990099;1
823;259,781008405444;605,239642333457;0,99009900990099;1
824;259,717490366167;660,481217384304;0,99009900990099;1
825;261,005412994576;607,474706874995;0,99009900990099;1
826;252,592280572528;478,652313869526;0,99009900990099;1
827;259,678947001814;545,29349317798;0,99009900990099;1
828;255,089662734468;512,790651015909;0,99009900990099;1
829;260,992403552264;605,049493373233;0,99009900990099;1
830;253,664199127498;459,677989625848;0,99009900990099;1
831;255,856688268446;560,261776744452;0,99009900990099;1
832;256,173800045412;491,953999951106;0,99009900990099;1
833;255,437417524987;387,982282846274;0,99009900990099;1
834;260,471680675994;662,696994679918;0,99009900990099;1
835;255,064662484449;611,286502229324;0,99009900990099;1
836;262,309209760904;492,12717981002;0,99009900990099;1
837;254,608980050029;512,951410063534;0,99009900990099;1
838;261,279925419152;626,500090783601;0,99009900990099;1
839;254,653391657959;503,52432256147;0,99009900990099;1
840;252,39875671978;493,184289681377;0,99009900990099;1
841;256,942446967887;646,397991145868;0,99009900990099;1
842;263,876681869366;600,808510562383;0,99009900990099;1
843;254,081453156521;576,276974970122;0,99009900990099;1
844;235;576,726922352846;0,96039603960396;0,97029702970297
845;259,078645462253;709,776260454904;0,99009900990099;1
846;255,168533732759;527,975762134554;0,99009900990099;1
847;264,612255944851;748,135881698821;0,99009900990099;1
848;235;407,027974875912;0,643564356435644;0,653465346534653
849;258,621464538905;771,374684284254;0,99009900990099;1
850;253,745001688711;559,278401469217;0,99009900990099;1
851;260,482991290629;725,283154880179;0,99009900990099;1
852;253,83196727657;465,95259152741;0,99009900990099;1
853;262,267446685514;672,799823618565;0,99009900990099;1
854;255,693751816256;662,810659543186;0,99009900990099;1
855;254,437231956199;488,397353804532;0,99009900990099;1
856;254,419661352845;590,880466946453;0,99009900990099;1
857;254,032119658971;578,471934419322;0,99009900990099;1
858;260,495733968886;646,528476843952;0,99009900990099;1
859;253,526582246902;517,508819981091;0,99009900990099;1
860;260,286969753344;543,318873344146;0,99009900990099;1
861;265,10242899941;682,646959995441;0,99009900990099;1
862;259,858958781682;674,279795541642;0,99009900990099;1
863;260,327757879785;586,557974756145;0,99009900990099;1
864;258,671683044038;650,656576432514;0,99009900990099;1
865;255,387035852653;557,963097432652;0,99009900990099;1
866;255,565504158919;528,041384509195;0,99009900990099;1
867;261,163556591562;640,794501842834;0,99009900990099;1
868;261,352847386951;602,133083763762;0,99009900990099;1
869;258,681986231481;660,626990738861;0,99009900990099;1
870;260,390922642415;631,088583238807;0,99009900990099;1
871;257,84466875215;538,311300041171;0,99009900990099;1
872;255,055348384964;499,718274720939;0,99009900990099;1
873;235;467,823799879854;0,712871287128713;0,722772277227723
874;256,02433141047;714,584508067527;0,99009900990099;1
875;260,774285222776;755,204169456039;0,99009900990099;1
876;253,417783597687;460,759988757733;0,99009900990099;1
877;255,487683492079;669,57831373969;0,99009900990099;1
878;256,041270227339;536,46531552059;0,99009900990099;1
879;259,217707532893;498,706152704951;0,99009900990099;1
880;259,694472061282;546,074705730757;0,99009900990099;1
881;266,161200245091;895,820932465673;0,99009900990099;1
882;252,885216929593;528,780025973494;0,99009900990099;1
883;252,894153487527;474,356564768636;0,99009900990099;1
884;263,002997672547;719,051156806327;0,99009900990099;1
885;261,534838402744;479,555397749832;0,99009900990099;1
886;256,830760956369;524,683794376974;0,99009900990099;1
887;263,125613571167;597,612971612311;0,99009900990099;1
888;255,173621695408;549,142226321051;0,99009900990099;1
889;255,708355840669;537,513377010202;0,99009900990099;1
890;260,226441952938;495,238018805891;0,99009900990099;1
891;255,989878134244;454,561056083282;0,99009900990099;1
892;258,436421106837;561,665719371411;0,99009900990099;1
893;259,850061167114;575,930418179667;0,99009900990099;1
894;261,037886836852;587,597493827282;0,99009900990099;1
895;257,869716693503;542,205750688001;0,99009900990099;1
896;256,700819682221;412,856447678549;0,99009900990099;1
897;255,910849513643;534,394122399328;0,99009900990099;1
898;260,56938045748;721,909642737103;0,99009900990099;1
899;259,630812551907;778,267232944124;0,99009900990099;1
900;256,869195844663;506,4608780158;0,99009900990099;1
901;255,754658358506;525,981728472319;0,99009900990099;1
902;254,462448305809;519,826407552593;0,99009900990099;1
903;254,148357296407;517,381589515909;0,99009900990099;1
904;259,348140293041;649,239292995145;0,99009900990099;1
905;256,10743783277;576,72680698686;0,99009900990099;1
906;268,640585209111;922,744325956151;0,99009900990099;1
907;253,12228938632;506,314493860186;0,99009900990099;1
908;260,417973766381;859,706312803054;0,99009900990099;1
909;253,13937329078;440,315361418603;0,99009900990099;1
910;261,671440054883;580,609289028038;0,99009900990099;1
911;253,573501070316;467,625732585671;0,99009900990099;1
912;254,163476195951;572,352770500365;0,99009900990099;1
913;256,211622338557;636,91511358698;0,99009900990099;1
914;261,216475057775;729,270228873029;0,99009900990099;1
915;261,153598771477;668,997446324699;0,99009900990099;1
916;255,947183035181;528,674508322557;0,99009900990099;1
917;260,585252831362;652,764606672762;0,99009900990099;1
918;259,139716808262;747,708040582344;0,99009900990099;1
919;255,665788570779;620,711330365126;0,99009900990099;1
920;257,504016438247;606,120285993254;0,99009900990099;1
921;259,094468654935;640,546099773806;0,99009900990099;1
922;256,984976831293;611,237248823203;0,99009900990099;1
923;258,184295219105;572,839873173677;0,99009900990099;1
924;254,527793923087;546,158531862819;0,99009900990099;1
925;257,698328410897;605,142785047635;0,99009900990099;1
926;258,728377394053;666,620061789215;0,99009900990099;1
927;252,524153635054;486,809229093562;0,99009900990099;1
928;257,47920809318;661,505991605239;0,99009900990099;1
929;255,41602448678;598,335987919984;0,99009900990099;1
930;255,628848697243;579,331854741107;0,99009900990099;1
931;256,124958887831;642,281766571075;0,99009900990099;1
932;254,029988020433;481,912802837801;0,99009900990099;1
933;235;418,807759352086;0,910891089108911;0,920792079207921
934;265,28942931552;729,503099524003;0,99009900990099;1
935;255,011087505795;401,599475830412;0,99009900990099;1
936;260,331617511549;665,208780825012;0,99009900990099;1
937;258,233706586691;482,72924350628;0,99009900990099;1
938;262,627597491647;539,092421078396;0,99009900990099;1
939;254,157409352407;365,675123844284;0,99009900990099;1
940;259,225308295264;565,05775097583;0,99009900990099;1
941;257,155267021769;565,031785711072;0,99009900990099;1
942;256,514355476358;560,644921673766;0,99009900990099;1
943;260,722611819922;553,739462845888;0,99009900990099;1
944;255,181088932797;535,075689410216;0,99009900990099;1
945;262,862844836266;623,11485240705;0,99009900990099;1
946;267,448181850121;928,872400548217;0,99009900990099;1
947;254,063871870215;439,067765670993;0,99009900990099;1
948;262,197752882699;621,01659760446;0,99009900990099;1
949;259,474073198928;488,807067556815;0,99009900990099;1
950;256,162148257727;502,041859451096;0,99009900990099;1
951;253,894976953832;499,384128353698;0,99009900990099;1
952;264,150881783499;710,685674627805;0,99009900990099;1
953;256,263533681828;448,002703421407;0,99009900990099;1
954;257,091677596602;557,386037939911;0,99009900990099;1
955;255,578685090498;599,387883760566;0,99009900990099;1
956;235;461,080719978884;0,910891089108911;0,920792079207921
957;258,834167055914;617,378698747201;0,99009900990099;1
958;257,590457543474;473,773071458294;0,99009900990099;1
959;252,83474581605;507,620547180371;0,99009900990099;1
960;258,486808703519;549,541692445723;0,99009900990099;1
961;257,642082513683;524,664549363187;0,99009900990099;1
962;257,18591004142;493,174270953021;0,99009900990099;1
963;255,739890275706;599,259943542584;0,99009900990099;1
964;255,307844078001;524,015611939966;0,99009900990099;1
965;262,879210832231;758,219170038872;0,99009900990099;1
966;255,667676643554;477,021644031783;0,99009900990099;1
967;259,469089074479;709,952370482901;0,99009900990099;1
968;260,068869362349;513,018233437465;0,99009900990099;1
969;258,353524726474;712,120201477943;0,99009900990099;1
970;261,988090876962;785,51382716512;0,99009900990099;1
971;257,919097896487;644,287399166221;0,99009900990099;1
972;257,799556338658;545,625448802103;0,99009900990099;1
973;252,132533022495;597,15695521281;0,99009900990099;1
974;255,570327254448;668,832813281055;0,99009900990099;1
975;265,217265146628;747,662390753175;0,99009900990099;1
976;259,392186001615;576,012285331672;0,99009900990099;1
977;255,317690428175;571,885602881392;0,99009900990099;1
978;254,223535841155;556,886305600327;0,99009900990099;1
979;253,214927872454;509,833440563194;0,99009900990099;1
980;254,766545138769;502,740967692818;0,99009900990099;1
981;257,014811331261;486,048737142707;0,99009900990099;1
982;259,7336806868;683,636247210748;0,99009900990099;1
983;264,790153937864;795,719151657687;0,99009900990099;1
984;256,636111427846;518,844293870161;0,99009900990099;1
985;255,959615144406;560,874608456336;0,99009900990099;1
986;255,747135960506;509,45279573757;0,99009900990099;1
987;262,852353768684;668,256745498081;0,99009900990099;1
988;258,60114341885;533,293875641066;0,99009900990099;1
989;253,896333844949;547,020302791045;0,99009900990099;1
990;260,160285773839;684,367200739335;0,99009900990099;1
991;261,340680878395;685,222037075242;0,99009900990099;1
992;258,265440226309;575,558279592753;0,99009900990099;1
993;259,171759489783;540,013197086743;0,99009900990099;1
994;259,873372836604;610,217638011909;0,99009900990099;1
995;265,230402247099;745,050994377622;0,99009900990099;1
996;252,966210616537;509,557374323687;0,99009900990099;1
997;258,474504706511;734,378464602866;0,99009900990099;1
998;264,926591445636;747,387273785915;0,99009900990099;1
999;256,211836427481;513,899860714587;0,99009900990099;1
