0;145,569122789359;563,178563216886;0,99009900990099;1
1;144,617798400926;570,327148273685;0,99009900990099;0,99009900990099
2;146,761284470861;591,237628911154;0,99009900990099;1
3;142,77830646989;531,182479020905;0,99009900990099;0,99009900990099
4;143,594405146263;551,754533403164;0,99009900990099;1
5;136,491216164877;598,790023905542;0,930693069306931;0,930693069306931
6;144,827219877292;573,153133620647;0,99009900990099;1
7;143,463788806813;594,556330226095;0,99009900990099;1
8;147,667731363035;592,638780870266;0,99009900990099;1
9;143,963595812023;571,036434914799;0,99009900990099;1
10;140,496373100896;546,585049427911;0,99009900990099;0,99009900990099
11;149,589385960794;569,089792733309;0,99009900990099;0,99009900990099
12;143,408628553037;559,497519255593;0,99009900990099;0,99009900990099
13;149,962246898042;571,667854613376;0,99009900990099;0,99009900990099
14;143,984647671269;599,404008678737;0,99009900990099;0,99009900990099
15;143,440947068538;541,671188985595;0,99009900990099;1
16;147,718632061048;592,328101627643;0,99009900990099;0,99009900990099
17;147,113702249961;566,272280491089;0,99009900990099;0,99009900990099
18;145,66811654133;534,119762890892;0,99009900990099;0,99009900990099
19;141,990146754637;598,195324846376;0,99009900990099;0,99009900990099
20;150,141438744791;573,578252349673;0,99009900990099;0,99009900990099
21;142,131210201973;562,817884322123;0,99009900990099;1
22;145,546883465581;569,942198103301;0,99009900990099;0,99009900990099
23;147,437749758736;557,308433087555;0,99009900990099;1
24;141,714068188961;545,331097298048;0,99009900990099;0,99009900990099
25;145,829383328295;559,48110891247;0,99009900990099;1
26;144,662771593573;573,552955748765;0,99009900990099;0,99009900990099
27;142,855611116877;560,789942242679;0,99009900990099;0,99009900990099
28;146,358341389547;617,559232166956;0,99009900990099;0,99009900990099
29;146,886059084709;621,380699888978;0,99009900990099;0,99009900990099
30;143,664260917926;560,811941216847;0,99009900990099;0,99009900990099
31;143,381678741141;513,172404044505;0,99009900990099;1
32;147,481448098908;556,129102679552;0,99009900990099;1
33;144,192419605531;536,410068198988;0,99009900990099;0,99009900990099
34;146,93919290013;662,214319423415;0,99009900990099;0,99009900990099
35;147,095594439612;584,009528085826;0,99009900990099;0,99009900990099
36;146,530917409486;555,363568591705;0,99009900990099;0,99009900990099
37;141,473680611576;554,740020718998;0,99009900990099;0,99009900990099
38;144,94005285144;553,190690286144;0,99009900990099;1
39;142,869093909763;527,743798982348;0,99009900990099;0,99009900990099
40;142,748063322416;517,025495810401;0,99009900990099;1
41;150,530390927268;600,937959202926;0,99009900990099;1
42;142,317990377193;596,44739779355;0,99009900990099;0,99009900990099
43;147,28740241542;606,085689317418;0,99009900990099;1
44;146,047443705813;570,556903268682;0,99009900990099;0,99009900990099
45;150,204377161013;604,712947419598;0,99009900990099;1
46;141,815158774521;556,886052586739;0,99009900990099;1
47;147,517094347558;544,217723282508;0,99009900990099;0,99009900990099
48;142,920312578585;586,772009292637;0,99009900990099;1
49;142,520778110508;545,749490736199;0,99009900990099;1
50;147,47397460144;541,591536653942;0,99009900990099;1
51;147,073257603957;588,632262127188;0,99009900990099;0,99009900990099
52;147,261297065428;627,465605512325;0,99009900990099;1
53;148,763943020152;555,414511884196;0,99009900990099;1
54;144,00545189394;591,513657224613;0,99009900990099;0,99009900990099
55;144,097774856048;529,066848838717;0,99009900990099;1
56;142,764638973648;522,847300492938;0,99009900990099;0,99009900990099
57;142,95139094474;566,901536620531;0,99009900990099;0,99009900990099
58;143,950755432831;567,651558354099;0,99009900990099;1
59;143,987146707769;549,843724609335;0,99009900990099;1
60;143,981641249336;542,114315506158;0,99009900990099;1
61;143,254226954301;530,951143847862;0,99009900990099;0,99009900990099
62;144,850762190399;575,709606145188;0,99009900990099;1
63;143,222805806246;557,326731995859;0,99009900990099;0,99009900990099
64;146,798967739804;622,560141748215;0,99009900990099;1
65;147,814045264891;586,593925473914;0,99009900990099;0,99009900990099
66;144,660231670858;563,527058266109;0,99009900990099;1
67;144,488355381535;570,363070022886;0,99009900990099;1
68;143,06802266075;561,789387277313;0,99009900990099;1
69;141,337440321204;578,791170923099;0,99009900990099;0,99009900990099
70;143,038503045198;553,666337651521;0,99009900990099;1
71;145,974799002938;589,551277184325;0,99009900990099;1
72;145,114836603381;615,46190281231;0,99009900990099;1
73;141,745302878001;538,747997844622;0,99009900990099;1
74;142,228678364121;562,308460018112;0,99009900990099;0,99009900990099
75;146,210871762442;579,372310312492;0,99009900990099;1
76;145,145941628938;580,598274077694;0,99009900990099;0,99009900990099
77;142,909413880271;571,033014258481;0,99009900990099;1
78;145,986326552409;612,153848717404;0,99009900990099;0,99009900990099
79;143,996814098912;567,528660855488;0,99009900990099;0,99009900990099
80;149,744713921772;621,866716154014;0,99009900990099;0,99009900990099
81;146,362482099228;566,674357707807;0,99009900990099;0,99009900990099
82;142,531022700825;571,175134981131;0,99009900990099;0,99009900990099
83;148,247469967264;659,484391923797;0,99009900990099;1
84;147,500066452257;648,292110903576;0,99009900990099;0,99009900990099
85;141,557655024942;531,777698768575;0,99009900990099;0,99009900990099
86;144,168614798276;587,751412711217;0,99009900990099;0,99009900990099
87;145,883221428949;614,437244852541;0,99009900990099;1
88;142,37755421968;583,542637770852;0,99009900990099;0,99009900990099
89;148,288558661087;614,146215118826;0,99009900990099;0,99009900990099
90;148,433179664994;565,336744683704;0,99009900990099;0,99009900990099
91;142,888389732659;572,079984385567;0,99009900990099;0,99009900990099
92;141,946894338962;566,901136889507;0,99009900990099;0,99009900990099
93;145,662918698334;580,823371755381;0,99009900990099;1
94;147,811131776368;549,567847421829;0,99009900990099;0,99009900990099
95;146,217890003139;517,39645950846;0,99009900990099;0,99009900990099
96;146,441833203522;562,549822870967;0,99009900990099;0,99009900990099
97;144,317226788713;594,99176722403;0,99009900990099;1
98;147,3490255523;560,576474208576;0,99009900990099;1
99;145,42655092028;552,808882767117;0,99009900990099;0,99009900990099
100;148,317682711135;608,840128548781;0,99009900990099;1
101;151,022041249603;651,333673294617;0,99009900990099;0,99009900990099
102;143,173225060718;548,528477076224;0,99009900990099;1
103;144,827244695384;585,07278445855;0,99009900990099;0,99009900990099
104;144,253991397165;566,869001692968;0,99009900990099;1
105;144,845203229348;580,478619362468;0,99009900990099;0,99009900990099
106;144,275799632888;594,557711390143;0,99009900990099;0,99009900990099
107;147,557921709883;566,691779487269;0,99009900990099;1
108;149,34213974723;589,50935773607;0,99009900990099;0,99009900990099
109;141,953651479661;529,946262726772;0,99009900990099;1
110;149,638539954158;671,002097044643;0,99009900990099;1
111;145,762278689289;594,85797318271;0,99009900990099;0,99009900990099
112;147,717117033072;558,585410128267;0,99009900990099;0,99009900990099
113;146,910746093181;542,304760514483;0,99009900990099;1
114;134,653050237304;609,689812566953;0,930693069306931;0,930693069306931
115;146,673593185341;593,981448593079;0,99009900990099;0,99009900990099
116;143,282337271951;586,317735055672;0,99009900990099;1
117;143,168749682009;516,757487479619;0,99009900990099;0,99009900990099
118;150,095806420505;626,054263502996;0,99009900990099;0,99009900990099
119;144,224343546825;528,406960921421;0,99009900990099;1
120;149,101946998897;575,915411446327;0,99009900990099;1
121;143,784205326695;539,242332576297;0,99009900990099;1
122;145,861532348462;576,893513273536;0,99009900990099;0,99009900990099
123;142,354989726001;549,375287876923;0,99009900990099;1
124;147,299422881378;607,769043971177;0,99009900990099;1
125;146,698466104477;621,077759571386;0,99009900990099;1
126;143,004245664399;569,504900059859;0,99009900990099;0,99009900990099
127;143,794303814783;571,246898479169;0,99009900990099;0,99009900990099
128;143,550233704938;595,037127306961;0,99009900990099;1
129;142,902215336047;606,99677152945;0,99009900990099;1
130;154,477732901919;578,315152568841;0,99009900990099;0,99009900990099
131;143,181526173668;627,377246297567;0,99009900990099;1
132;149,728425894665;560,477204132531;0,99009900990099;1
133;146,14613706901;558,233193996007;0,99009900990099;0,99009900990099
134;142,487869767304;554,430373932049;0,99009900990099;1
135;144,29641346411;576,116276945885;0,99009900990099;0,99009900990099
136;146,305270078806;592,629427634128;0,99009900990099;1
137;148,499458163715;554,534993483668;0,99009900990099;0,99009900990099
138;144,575298202749;570,646099259938;0,99009900990099;1
139;147,7339434375;631,909942356052;0,99009900990099;0,99009900990099
140;145,143289590433;557,160797282153;0,99009900990099;0,99009900990099
141;142,607058927104;612,914808907238;0,99009900990099;0,99009900990099
142;142,758781895703;575,769939014216;0,99009900990099;0,99009900990099
143;146,425515433449;574,855135107025;0,99009900990099;1
144;139,189097190064;578,816173650158;0,930693069306931;0,940594059405941
145;149,05409895962;593,992264161369;0,99009900990099;0,99009900990099
146;142,209255428709;587,262897460657;0,99009900990099;1
147;140,388060241868;567,92542789101;0,99009900990099;1
148;143,284575204584;572,174460843203;0,99009900990099;0,99009900990099
149;147,735938494507;567,904580992112;0,99009900990099;0,99009900990099
150;142,797453041567;580,794141273295;0,99009900990099;1
151;144,010960892989;602,819608462186;0,99009900990099;1
152;146,901893014477;536,333453395325;0,99009900990099;0,99009900990099
153;143,734495206003;591,005791578716;0,99009900990099;1
154;146,821831923882;571,303681252844;0,99009900990099;0,99009900990099
155;141,879690638323;580,098126116864;0,99009900990099;0,99009900990099
156;146,290812443926;590,550575489915;0,99009900990099;0,99009900990099
157;143,185662093041;542,680533835446;0,99009900990099;0,99009900990099
158;143,212463666344;525,003599795953;0,99009900990099;0,99009900990099
159;144,426586452672;542,108044760113;0,99009900990099;1
160;146,63593457351;546,650325702004;0,99009900990099;0,99009900990099
161;146,920344863083;619,418595568716;0,99009900990099;1
162;144,18355238422;579,639020613445;0,99009900990099;0,99009900990099
163;142,487496903431;605,796115427963;0,99009900990099;0,99009900990099
164;145,973783208147;560,283920141261;0,99009900990099;1
165;145,660292523119;609,946199779819;0,99009900990099;0,99009900990099
166;144,362446029244;633,491699015532;0,99009900990099;0,99009900990099
167;145,678401571055;546,671303384974;0,99009900990099;0,99009900990099
168;144,494271107068;577,200957061289;0,99009900990099;0,99009900990099
169;143,701009844031;604,881349016134;0,99009900990099;1
170;142,962093945513;569,513353684953;0,99009900990099;1
171;146,240175212553;578,98011466337;0,99009900990099;0,99009900990099
172;142,482018709011;561,724067923397;0,99009900990099;1
173;146,001111084763;587,051112395794;0,99009900990099;1
174;144,305365696274;580,393326722865;0,99009900990099;1
175;143,67970042546;577,44435978249;0,99009900990099;0,99009900990099
176;143,557029706918;527,534879598202;0,920792079207921;0,920792079207921
177;145,948687705397;621,603699490328;0,99009900990099;0,99009900990099
178;147,446858539863;580,644026337958;0,99009900990099;0,99009900990099
179;144,47674290606;570,002032151762;0,99009900990099;1
180;142,025083927444;566,906654214991;0,99009900990099;0,99009900990099
181;145,796016930493;598,799465869008;0,99009900990099;1
182;147,611814957976;575,74186641876;0,99009900990099;0,99009900990099
183;150,063614774274;631,451511958494;0,99009900990099;0,99009900990099
184;148,807989626643;564,637948690366;0,99009900990099;0,99009900990099
185;148,933990927214;576,767072805252;0,99009900990099;0,99009900990099
186;148,629490263507;582,948828874195;0,99009900990099;0,99009900990099
187;143,018886882614;586,238569114352;0,99009900990099;0,99009900990099
188;146,908282603606;600,510041920161;0,99009900990099;0,99009900990099
189;144,987283117031;539,452578067096;0,99009900990099;0,99009900990099
190;148,732662499314;567,634690146321;0,99009900990099;0,99009900990099
191;144,758731596198;631,6258496113;0,99009900990099;1
192;142,439544314426;586,752913641283;0,99009900990099;0,99009900990099
193;143,024561571051;613,60907585921;0,99009900990099;0,99009900990099
194;142,906539985963;574,31352003372;0,99009900990099;0,99009900990099
195;146,384814471373;569,511776324661;0,99009900990099;1
196;144,895606153741;561,328690709392;0,99009900990099;1
197;147,191894055925;575,366935637059;0,99009900990099;1
198;146,969937528567;610,272399727438;0,99009900990099;1
199;143,96009202934;545,059344572834;0,99009900990099;1
200;146,288868326159;567,779328282333;0,99009900990099;1
201;147,413334639568;572,05958229683;0,99009900990099;1
202;144,24895439556;573,005787355349;0,99009900990099;1
203;148,165561900331;599,375606705245;0,99009900990099;0,99009900990099
204;146,150114549437;559,878926252533;0,99009900990099;0,99009900990099
205;146,577956051919;569,264737062248;0,99009900990099;1
206;144,153124013754;519,382167166317;0,99009900990099;1
207;144,099664381798;543,391375547037;0,99009900990099;0,99009900990099
208;143,223646187982;596,942295761911;0,99009900990099;1
209;145,751519766457;583,124280583021;0,99009900990099;0,99009900990099
210;145,843827023839;583,260551661166;0,99009900990099;0,99009900990099
211;143,182026592118;552,268578526237;0,99009900990099;1
212;144,137544910686;550,798680589299;0,99009900990099;1
213;144,802175947642;552,604405481747;0,99009900990099;0,99009900990099
214;149,446075688976;641,879280814562;0,99009900990099;0,99009900990099
215;149,206943806983;612,538843335922;0,99009900990099;1
216;147,315129106259;611,589736657027;0,99009900990099;0,99009900990099
217;142,752852959494;620,896153839143;0,99009900990099;1
218;144,7111860969;536,077337198369;0,99009900990099;0,99009900990099
219;134,468640951158;521,874271913939;0,930693069306931;0,940594059405941
220;142,71860653044;561,390255583846;0,99009900990099;1
221;147,708854183357;569,690096355584;0,99009900990099;1
222;148,312344226002;598,876130588383;0,99009900990099;1
223;145,083544223902;547,333091139708;0,99009900990099;1
224;144,755598345427;590,024268500272;0,99009900990099;0,99009900990099
225;146,188747789971;533,858749632609;0,99009900990099;0,99009900990099
226;142,45079881898;528,914868611137;0,99009900990099;0,99009900990099
227;146,562765925518;571,86379522199;0,99009900990099;0,99009900990099
228;140,34426321064;568,674035115293;0,99009900990099;1
229;148,360670390309;562,283674892431;0,99009900990099;0,99009900990099
230;147,062243882301;615,180918532172;0,99009900990099;1
231;148,456873656946;595,272443072393;0,99009900990099;0,99009900990099
232;142,935231081136;556,942379278732;0,99009900990099;1
233;142,923923683324;541,137126244055;0,99009900990099;1
234;142,167164192153;582,902721635441;0,99009900990099;0,99009900990099
235;142,466414081383;558,96269465633;0,99009900990099;1
236;145,167612302908;569,089004446042;0,99009900990099;0,99009900990099
237;143,136509650221;576,993998517435;0,99009900990099;0,99009900990099
238;146,839616236011;592,973713359611;0,99009900990099;1
239;148,828267082245;590,15931041177;0,96039603960396;0,96039603960396
240;142,216166317533;601,570931825605;0,99009900990099;0,99009900990099
241;142,973984661572;552,798712084186;0,99009900990099;0,99009900990099
242;145,19852804909;585,616178302157;0,99009900990099;0,99009900990099
243;144,918093490252;577,4954569857;0,99009900990099;1
244;144,362797166001;613,236385046671;0,99009900990099;1
245;142,711610432965;570,819425019614;0,99009900990099;0,99009900990099
246;146,477343851641;576,277588088982;0,99009900990099;1
247;143,129866935888;571,936728928298;0,99009900990099;0,99009900990099
248;142,96938561036;592,086911366861;0,99009900990099;1
249;144,936234334175;576,461904554512;0,99009900990099;1
250;146,074855943491;569,85061554438;0,99009900990099;1
251;147,688716448891;570,098906926635;0,99009900990099;0,99009900990099
252;147,583159452651;618,232307201875;0,99009900990099;1
253;141,854961707503;556,340527029509;0,99009900990099;0,99009900990099
254;148,953138303263;608,591579723259;0,99009900990099;0,99009900990099
255;148,466612308616;590,575991636613;0,99009900990099;1
256;144,467305187411;592,409529101817;0,99009900990099;1
257;144,704913574849;588,381926597992;0,99009900990099;0,99009900990099
258;147,81473219854;619,877098153775;0,99009900990099;1
259;144,461547230748;564,542847968043;0,99009900990099;0,99009900990099
260;145,961178335363;669,677860356799;0,99009900990099;1
261;142,505160473605;536,214534792416;0,99009900990099;0,99009900990099
262;140,862747394823;533,716186622782;0,99009900990099;0,99009900990099
263;142,513097073307;578,504470322439;0,99009900990099;1
264;147,127492370898;532,69598995513;0,99009900990099;0,99009900990099
265;145,151342362393;587,467321595954;0,99009900990099;1
266;145,384933389456;589,946693146253;0,99009900990099;0,99009900990099
267;145,976324094275;563,944972100437;0,99009900990099;0,99009900990099
268;140,84324783756;542,574447092807;0,99009900990099;1
269;148,23448445598;568,886646506872;0,99009900990099;1
270;146,484023591443;570,709495915392;0,99009900990099;0,99009900990099
271;143,604273767193;578,910362866928;0,99009900990099;0,99009900990099
272;142,922884828794;570,830476704139;0,99009900990099;0,99009900990099
273;147,155353937113;572,948489233769;0,99009900990099;1
274;146,472537126309;556,517698752894;0,99009900990099;1
275;144,519798178759;546,607258143295;0,99009900990099;0,99009900990099
276;140,736099204931;560,132557063254;0,99009900990099;0,99009900990099
277;146,364093025596;609,186815631516;0,99009900990099;1
278;143,814579867588;510,332882123872;0,99009900990099;1
279;147,751236565446;561,617278904131;0,99009900990099;0,99009900990099
280;142,358933605231;573,612391653762;0,99009900990099;1
281;148,060805488997;605,946277815704;0,99009900990099;0,99009900990099
282;144,511464717445;616,244315781624;0,99009900990099;0,99009900990099
283;144,394718567081;641,120031205234;0,99009900990099;0,99009900990099
284;150,89102302833;586,993114533402;0,99009900990099;1
285;145,514043894748;654,416963967473;0,99009900990099;1
286;145,89374571655;601,236354919294;0,99009900990099;0,99009900990099
287;143,079281091002;549,871507226354;0,99009900990099;1
288;146,258762396724;562,570473903734;0,99009900990099;0,99009900990099
289;142,069975047076;583,887251641577;0,99009900990099;0,99009900990099
290;145,276307872016;550,60468353831;0,99009900990099;0,99009900990099
291;144,455576510964;559,662891794332;0,99009900990099;0,99009900990099
292;144,326335411761;578,824208861941;0,99009900990099;1
293;147,280684666693;627,744694111218;0,99009900990099;1
294;148,682587822894;593,897020840735;0,99009900990099;1
295;144,778018901011;542,73296276599;0,99009900990099;1
296;138,867573003829;590,797777069279;0,930693069306931;0,930693069306931
297;141,825981404254;556,712596493729;0,99009900990099;0,99009900990099
298;144,703937914524;525,620478102747;0,99009900990099;1
299;150,375134999214;594,056982048207;0,99009900990099;1
300;144,557104218755;587,255680950706;0,99009900990099;1
301;144,106692303266;607,199021365887;0,99009900990099;1
302;146,202727301323;554,608991708425;0,99009900990099;1
303;148,247912027201;605,713294044662;0,99009900990099;0,99009900990099
304;139,580956177741;597,207828083642;0,99009900990099;1
305;143,568228719152;578,718574131933;0,99009900990099;0,99009900990099
306;144,731322145021;582,480956335814;0,99009900990099;1
307;146,488023296004;583,860107065111;0,99009900990099;0,99009900990099
308;140,699880617851;577,330309484657;0,99009900990099;0,99009900990099
309;143,360717436435;592,799005946163;0,99009900990099;1
310;144,9196927638;571,587104561553;0,99009900990099;1
311;143,588254835246;538,15032031048;0,99009900990099;1
312;140,144864764855;606,760649720819;0,99009900990099;0,99009900990099
313;142,949182119681;564,263115104545;0,99009900990099;1
314;143,681710404026;586,627043827578;0,99009900990099;1
315;143,251744951872;585,046016845337;0,99009900990099;0,99009900990099
316;149,018061848211;554,280447194815;0,99009900990099;1
317;145,423908462881;585,616660609249;0,99009900990099;1
318;143,337077551509;518,960811675231;0,99009900990099;0,99009900990099
319;141,760004847153;554,477993353145;0,99009900990099;1
320;143,934400068962;531,686843679317;0,99009900990099;0,99009900990099
321;143,850409638464;599,334353957833;0,99009900990099;1
322;144,438051350795;551,254895911297;0,99009900990099;0,99009900990099
323;142,514710962271;585,957021034232;0,99009900990099;0,99009900990099
324;144,476194525019;578,310357013586;0,99009900990099;1
325;144,58469208124;560,34714427133;0,99009900990099;0,99009900990099
326;145,015881839533;568,910541503181;0,99009900990099;0,99009900990099
327;146,382984857494;572,185172322881;0,99009900990099;0,99009900990099
328;150,387562882188;688,826854647837;0,99009900990099;0,99009900990099
329;145,547594154641;535,980127228742;0,99009900990099;0,99009900990099
330;148,966350089776;607,215773853089;0,99009900990099;0,99009900990099
331;144,504035244366;623,955953664982;0,99009900990099;1
332;146,784258006441;592,084289758445;0,99009900990099;1
333;145,127442595861;620,128227481943;0,99009900990099;1
334;145,062431661287;613,416534246264;0,99009900990099;0,99009900990099
335;144,456879798038;582,559421810953;0,99009900990099;0,99009900990099
336;143,717155331969;610,594635969888;0,99009900990099;1
337;145,089480467177;552,672573798579;0,99009900990099;1
338;149,730040469842;572,246021868042;0,99009900990099;0,99009900990099
339;143,096144198211;583,078636891409;0,99009900990099;0,99009900990099
340;144,405194228458;605,208332351754;0,99009900990099;1
341;147,178448788375;582,643291568503;0,99009900990099;1
342;148,545041562509;577,672203773369;0,99009900990099;1
343;140,911849523704;587,931895952565;0,99009900990099;1
344;148,722189930795;567,651448018087;0,99009900990099;0,99009900990099
345;144,77130915201;534,91011160682;0,99009900990099;1
346;144,4659739558;540,670095051265;0,99009900990099;1
347;144,326955288025;550,212420970398;0,99009900990099;0,99009900990099
348;144,413720949862;545,100015702959;0,99009900990099;1
349;149,293813240013;575,759009779126;0,99009900990099;0,99009900990099
350;140,362545618557;550,844551029727;0,99009900990099;0,99009900990099
351;142,107257160176;574,944262400965;0,99009900990099;1
352;144,583535359325;579,839229133138;0,99009900990099;1
353;145,047141456118;549,271786826512;0,99009900990099;0,99009900990099
354;143,834562625304;607,565181600195;0,99009900990099;0,99009900990099
355;146,299511085789;581,097935416068;0,99009900990099;1
356;144,476481407147;599,991978937955;0,99009900990099;0,99009900990099
357;141,791408153807;553,49338810917;0,99009900990099;1
358;147,373548706604;567,99353026695;0,99009900990099;0,99009900990099
359;141,636260439191;531,848043965214;0,99009900990099;1
360;145,744411244944;547,414098834773;0,99009900990099;1
361;145,583926208181;582,992716723762;0,99009900990099;0,99009900990099
362;143,19355670552;581,879464620573;0,99009900990099;1
363;141,240311743678;479,739430356521;0,99009900990099;0,99009900990099
364;146,839183841792;601,956031722251;0,99009900990099;1
365;144,295943183033;583,314427326007;0,99009900990099;0,99009900990099
366;144,537261435642;570,11188992078;0,99009900990099;0,99009900990099
367;152,511997901838;559,527434813718;0,99009900990099;0,99009900990099
368;142,327568697327;563,631705242826;0,99009900990099;0,99009900990099
369;143,973077657851;599,435755716355;0,99009900990099;0,99009900990099
370;145,566684581157;587,598675587737;0,99009900990099;1
371;142,474830449924;504,453772478611;0,99009900990099;1
372;142,462718219941;534,982889767568;0,99009900990099;1
373;155,899520781421;606,408939308955;0,99009900990099;1
374;145,572209442766;565,205027320832;0,99009900990099;0,99009900990099
375;146,136066151279;597,84352851098;0,99009900990099;0,99009900990099
376;144,911745278676;582,027197393528;0,99009900990099;0,99009900990099
377;142,125073553187;609,68191601258;0,99009900990099;1
378;146,405006397059;607,101927529161;0,99009900990099;1
379;149,921690701419;567,731247734592;0,99009900990099;1
380;143,523885218004;568,530476941045;0,99009900990099;1
381;144,815935411633;600,961845762122;0,99009900990099;1
382;136,018591907037;555,553147302806;0,930693069306931;0,940594059405941
383;145,536525818834;564,312207492088;0,99009900990099;0,99009900990099
384;142,080035825733;551,243846624565;0,99009900990099;1
385;142,793257289489;533,821666902835;0,99009900990099;1
386;142,385041135855;514,825117033435;0,99009900990099;0,99009900990099
387;145,031473834664;561,234573404544;0,99009900990099;1
388;145,049735462449;583,404241522731;0,99009900990099;1
389;143,924942837465;632,223005838423;0,99009900990099;1
390;141,728787014561;554,140613372903;0,99009900990099;1
391;145,416459018098;547,94841475123;0,99009900990099;0,99009900990099
392;144,583910969349;540,295827805243;0,99009900990099;1
393;150,315770630427;592,940597620896;0,99009900990099;0,99009900990099
394;140,822236710617;588,175615261154;0,930693069306931;0,930693069306931
395;142,631981085288;567,693966740871;0,99009900990099;1
396;144,362536522957;602,372393542517;0,99009900990099;1
397;145,906191336256;536,225278295652;0,99009900990099;1
398;146,77219960766;576,892739061517;0,99009900990099;1
399;145,940267425753;598,773240514905;0,99009900990099;0,99009900990099
400;149,315111687221;597,185405872721;0,99009900990099;1
401;148,051149656244;580,315290589618;0,99009900990099;1
402;145,210283410985;586,544450015109;0,99009900990099;0,99009900990099
403;146,01740696169;615,462771273991;0,99009900990099;1
404;143,762475206574;578,757685893501;0,99009900990099;0,99009900990099
405;144,268269979965;614,190126574595;0,99009900990099;0,99009900990099
406;145,019606853795;529,085748479604;0,99009900990099;1
407;143,314266116548;522,440192332963;0,99009900990099;0,99009900990099
408;145,23616081094;562,04388345139;0,99009900990099;0,99009900990099
409;143,500719309721;609,205840098897;0,99009900990099;0,99009900990099
410;148,142599367399;589,18651161772;0,99009900990099;0,99009900990099
411;141,226129102593;552,337474333728;0,99009900990099;0,99009900990099
412;141,020471849073;558,130936528635;0,99009900990099;1
413;149,441143827375;586,510432031104;0,99009900990099;0,99009900990099
414;147,119247013848;643,174294653301;0,99009900990099;0,99009900990099
415;144,969140051605;597,248847067339;0,99009900990099;1
416;143,722747919802;515,740064941303;0,96039603960396;0,96039603960396
417;145,666355247181;536,963109756131;0,99009900990099;0,99009900990099
418;144,903750155438;550,51167279367;0,99009900990099;0,99009900990099
419;147,998607689375;635,334154447952;0,99009900990099;1
420;144,146983943698;588,696222431588;0,99009900990099;1
421;146,703195488198;601,833942138893;0,99009900990099;1
422;144,099398253205;563,576326116712;0,99009900990099;1
423;143,346866119188;534,514732063522;0,96039603960396;0,96039603960396
424;143,123839452059;576,715928630932;0,99009900990099;0,99009900990099
425;147,65390314307;638,782612437091;0,99009900990099;1
426;143,596542578378;600,603476753199;0,99009900990099;0,99009900990099
427;148,036589842589;565,681169454521;0,99009900990099;1
428;142,918461884323;602,131668867348;0,99009900990099;1
429;143,13483395113;609,609277667957;0,99009900990099;0,99009900990099
430;146,458923017868;539,427222954946;0,99009900990099;1
431;145,071311637327;585,228423513336;0,99009900990099;0,99009900990099
432;149,638313161372;583,200712168223;0,99009900990099;1
433;144,584393934725;611,519951431558;0,99009900990099;0,99009900990099
434;144,869504848293;582,199842646462;0,99009900990099;0,99009900990099
435;142,53488634581;555,897760271279;0,99009900990099;0,99009900990099
436;143,247855210204;539,140308806929;0,99009900990099;1
437;147,16578835236;583,980763946832;0,99009900990099;1
438;144,88473226614;578,857557996875;0,99009900990099;1
439;144,510376220019;559,244926089977;0,99009900990099;0,99009900990099
440;144,785922925072;548,546592652271;0,99009900990099;0,99009900990099
441;148,088459308058;567,871212258062;0,99009900990099;1
442;142,523077333534;547,576776237509;0,99009900990099;0,99009900990099
443;148,200478612828;629,0312946608;0,99009900990099;0,99009900990099
444;144,287009387133;608,507426511739;0,99009900990099;1
445;149,289298403743;634,895565843124;0,99009900990099;1
446;146,728045285022;548,269528081855;0,99009900990099;0,99009900990099
447;146,275605116636;631,316411719053;0,99009900990099;1
448;143,79957822904;531,187583434995;0,99009900990099;1
449;142,642753556542;622,023111263321;0,99009900990099;1
450;145,73173773844;560,789950116643;0,99009900990099;1
451;144,45408909884;532,888992844788;0,99009900990099;1
452;145,115299993947;592,233812283296;0,99009900990099;1
453;143,849726189296;513,315080579873;0,99009900990099;0,99009900990099
454;150,835003196913;608,354991443992;0,99009900990099;1
455;142,4800090344;550,282280543844;0,99009900990099;0,99009900990099
456;145,549400251525;609,048446202826;0,99009900990099;1
457;144,984302341667;559,278403810459;0,99009900990099;0,99009900990099
458;145,905358019933;584,888629629768;0,99009900990099;0,99009900990099
459;145,324989743767;591,79966313804;0,99009900990099;1
460;145,816303342228;516,412020315078;0,99009900990099;1
461;144,118567248044;573,014708843716;0,99009900990099;1
462;147,974947477354;626,669434555909;0,99009900990099;0,99009900990099
463;142,935099839764;519,862054152398;0,99009900990099;0,99009900990099
464;144,638090463653;566,768155055678;0,99009900990099;0,99009900990099
465;142,729225134432;543,500624411828;0,99009900990099;1
466;143,467315924378;538,119331979795;0,99009900990099;0,99009900990099
467;143,990586305246;530,197423013635;0,99009900990099;1
468;143,00518490345;546,076787416987;0,99009900990099;1
469;146,113139715607;569,599450269161;0,99009900990099;0,99009900990099
470;143,329416206929;498,70802461473;0,99009900990099;0,99009900990099
471;144,021566939286;524,781759001002;0,99009900990099;0,99009900990099
472;143,575582506871;546,896905196145;0,99009900990099;0,99009900990099
473;143,465015910434;588,629996816661;0,99009900990099;0,99009900990099
474;148,163876268247;623,393551047676;0,99009900990099;1
475;142,506837356262;507,348689487677;0,99009900990099;1
476;143,312773858878;549,775857620647;0,99009900990099;0,99009900990099
477;140,985048384096;542,831486185785;0,99009900990099;0,99009900990099
478;145,564830770641;593,245918228899;0,99009900990099;1
479;146,265384226769;626,121072562293;0,99009900990099;0,99009900990099
480;142,440685726011;552,09903260655;0,99009900990099;1
481;149,498091289762;605,770480563126;0,99009900990099;1
482;142,491906172551;611,184292753474;0,99009900990099;1
483;144,57501004501;552,203392525333;0,99009900990099;1
484;143,181337112352;565,001549598259;0,99009900990099;0,99009900990099
485;149,978944402525;563,908296874953;0,99009900990099;0,99009900990099
486;146,860192337721;555,780727753516;0,99009900990099;1
487;145,187000031314;606,66195502977;0,99009900990099;1
488;145,558784034115;610,220858852735;0,99009900990099;0,99009900990099
489;143,59020727412;554,883634680918;0,99009900990099;0,99009900990099
490;145,311087465537;595,998586342989;0,99009900990099;1
491;145,876779007867;653,407775305462;0,99009900990099;0,99009900990099
492;145,510136653714;618,940010754469;0,99009900990099;0,99009900990099
493;143,307774464298;577,200787004043;0,99009900990099;1
494;142,860477441515;525,393749278116;0,99009900990099;1
495;149,774032278825;599,065437169695;0,99009900990099;1
496;140,350010601364;541,066255967096;0,99009900990099;1
497;142,706988507147;530,961922454851;0,99009900990099;1
498;146,772816261438;597,544952614668;0,99009900990099;0,99009900990099
499;143,850727217472;549,876334097613;0,99009900990099;1
500;149,549840582737;630,059396021346;0,99009900990099;1
501;144,379350583908;562,55171269148;0,99009900990099;0,99009900990099
502;141,643553293154;537,060794669738;0,99009900990099;1
503;148,671219093998;567,340054825977;0,99009900990099;0,99009900990099
504;145,581209195943;559,229915426042;0,99009900990099;0,99009900990099
505;148,940443353206;598,891143273055;0,99009900990099;1
506;146,28184009218;575,877817932629;0,99009900990099;1
507;146,722435494713;550,137854380988;0,96039603960396;0,96039603960396
508;149,201368298315;575,810773080266;0,99009900990099;1
509;140,83601040907;558,207014305394;0,99009900990099;0,99009900990099
510;146,068334131367;566,062362873922;0,99009900990099;0,99009900990099
511;143,899841790432;536,343917255844;0,99009900990099;1
512;144,332935469739;610,468349233198;0,99009900990099;1
513;143,271190649827;585,738760428841;0,99009900990099;0,99009900990099
514;143,092944985497;564,614697160859;0,99009900990099;0,99009900990099
515;147,324086656423;593,976591625968;0,99009900990099;0,99009900990099
516;152,40427513486;630,248685422111;0,99009900990099;1
517;144,54136499548;553,190060218786;0,99009900990099;1
518;147,195250676167;617,954529304028;0,99009900990099;1
519;144,173490952197;584,071398399666;0,99009900990099;0,99009900990099
520;144,981870205623;566,79292655497;0,99009900990099;0,99009900990099
521;143,813702494677;612,72159995427;0,99009900990099;1
522;141,049045852555;558,513138413709;0,99009900990099;1
523;141,636963870042;523,218825638433;0,99009900990099;1
524;146,627385135741;585,46313596195;0,99009900990099;0,99009900990099
525;145,234658700949;567,468249789966;0,99009900990099;1
526;149,899489849811;539,744430736451;0,99009900990099;0,99009900990099
527;149,722485773184;576,592354455445;0,99009900990099;1
528;148,037607298892;616,336796267937;0,99009900990099;1
529;148,006347104636;601,078377161725;0,99009900990099;0,99009900990099
530;143,944633084838;569,387450121388;0,99009900990099;1
531;148,316416069642;584,961542162531;0,99009900990099;0,99009900990099
532;145,211714857963;546,248896218325;0,99009900990099;0,99009900990099
533;144,519193756278;533,942708307326;0,99009900990099;1
534;144,286450891194;580,230457983657;0,99009900990099;1
535;144,250786031383;564,027355877866;0,99009900990099;0,99009900990099
536;149,156406576595;567,081879817499;0,99009900990099;1
537;140,80210392112;539,906886624784;0,99009900990099;1
538;142,394848499007;534,50169270763;0,99009900990099;1
539;148,391679219529;586,385243981797;0,99009900990099;0,99009900990099
540;142,476171711934;513,047012674747;0,99009900990099;0,99009900990099
541;145,066939602437;561,125588651822;0,99009900990099;1
542;146,868342967793;565,256849198995;0,99009900990099;1
543;143,588399157437;545,987212768546;0,99009900990099;1
544;145,265427139088;612,887624801356;0,99009900990099;1
545;147,233933435357;603,533683021925;0,99009900990099;0,99009900990099
546;145,430698953372;609,701322954384;0,99009900990099;0,99009900990099
547;146,209508303152;607,971060066929;0,99009900990099;1
548;145,611452149562;550,966403031159;0,99009900990099;0,99009900990099
549;145,749816272423;575,602873833592;0,99009900990099;1
550;146,935887417591;616,290754589847;0,99009900990099;0,99009900990099
551;146,717046805262;590,219393243055;0,99009900990099;1
552;144,042958730121;587,953028194188;0,99009900990099;0,99009900990099
553;146,89942584752;547,561332212318;0,96039603960396;0,97029702970297
554;151,281264325587;553,532022959608;0,99009900990099;1
555;140,797909817316;559,912265674384;0,99009900990099;1
556;147,069569855519;570,384815727677;0,99009900990099;0,99009900990099
557;145,507691641771;591,920315842802;0,99009900990099;1
558;144,293047402228;584,497730464451;0,99009900990099;1
559;146,643688345706;600,171413940121;0,99009900990099;0,99009900990099
560;145,162194355848;574,301404457027;0,99009900990099;1
561;149,320603854813;618,321409361151;0,99009900990099;1
562;150,074208837055;653,320462696262;0,99009900990099;1
563;144,901057868701;566,175839496693;0,99009900990099;1
564;149,31448950361;618,187592240598;0,99009900990099;0,99009900990099
565;145,009547473984;533,707004869254;0,99009900990099;1
566;144,102116838421;558,150755202263;0,99009900990099;1
567;148,9689818481;603,045060145959;0,99009900990099;0,99009900990099
568;144,357042473792;595,031598246238;0,99009900990099;1
569;144,87001147629;565,083431913086;0,99009900990099;0,99009900990099
570;147,540054149044;627,948613822457;0,99009900990099;1
571;141,854047471338;527,787928582246;0,99009900990099;1
572;149,613826396689;564,306010608681;0,96039603960396;0,97029702970297
573;144,215534772951;639,54920623977;0,99009900990099;0,99009900990099
574;144,94810735983;523,675225703426;0,99009900990099;1
575;147,037069457955;602,712325063227;0,99009900990099;0,99009900990099
576;145,669600169745;569,40534774227;0,99009900990099;1
577;144,460647295;619,384313458709;0,99009900990099;0,99009900990099
578;142,283560097967;515,858394043582;0,99009900990099;0,99009900990099
579;142,329172175;581,964200956928;0,99009900990099;0,99009900990099
580;142,277102648129;580,969908770319;0,99009900990099;0,99009900990099
581;146,154553062602;602,358735262264;0,99009900990099;1
582;142,937213865117;572,620892959972;0,99009900990099;0,99009900990099
583;148,096368306618;627,430353276488;0,99009900990099;1
584;143,522541911516;553,858763431194;0,99009900990099;0,99009900990099
585;147,616822195155;638,818587452123;0,99009900990099;1
586;141,77345992172;516,024542003967;0,99009900990099;0,99009900990099
587;142,373881023323;609,286195082049;0,99009900990099;1
588;141,834577157307;542,947783255492;0,99009900990099;0,99009900990099
589;142,725269935518;538,353466806377;0,99009900990099;0,99009900990099
590;142,880104717997;504,608532241678;0,99009900990099;0,99009900990099
591;144,37608317043;558,492403909426;0,99009900990099;1
592;145,26052853757;556,706851425813;0,99009900990099;1
593;144,802615834222;485,975636506966;0,99009900990099;1
594;143,147412467331;621,973891770679;0,99009900990099;1
595;141,643143036045;582,564226335491;0,99009900990099;0,99009900990099
596;141,406556477766;555,62834951808;0,99009900990099;1
597;145,590446619881;519,56150549568;0,99009900990099;1
598;142,555068093627;572,286850399275;0,99009900990099;1
599;147,187340995174;602,88626821077;0,99009900990099;0,99009900990099
600;143,679976621316;537,349445602508;0,99009900990099;1
601;143,66757169867;658,059507544308;0,99009900990099;0,99009900990099
602;149,328635193149;554,712969995162;0,99009900990099;0,99009900990099
603;146,168861583515;597,829878121969;0,99009900990099;0,99009900990099
604;147,321639069106;561,13574088708;0,99009900990099;0,99009900990099
605;145,951347704714;542,293034431202;0,99009900990099;0,99009900990099
606;145,318900073365;551,528875842059;0,99009900990099;0,99009900990099
607;143,905291645657;533,748139209143;0,99009900990099;1
608;145,775294905085;582,026210529933;0,99009900990099;1
609;146,704898012319;572,121373485702;0,99009900990099;1
610;146,848959806097;570,390055050937;0,99009900990099;0,99009900990099
611;147,579865415126;621,229168527663;0,99009900990099;0,99009900990099
612;145,220052983127;554,681059891886;0,99009900990099;0,99009900990099
613;144,787288984815;518,795369834296;0,99009900990099;0,99009900990099
614;143,088102841913;603,264009074289;0,99009900990099;1
615;144,258930867029;543,407124081315;0,99009900990099;1
616;146,06174414435;548,398917242278;0,99009900990099;0,99009900990099
617;143,072240849223;617,646854765688;0,99009900990099;0,99009900990099
618;144,363018463533;619,800742532865;0,99009900990099;0,99009900990099
619;144,457222772532;577,268071408649;0,99009900990099;0,99009900990099
620;146,093874749391;591,964944628203;0,99009900990099;0,99009900990099
621;140,515242611796;570,163728081458;0,99009900990099;0,99009900990099
622;146,759021238242;577,702959355153;0,99009900990099;0,99009900990099
623;149,06160628537;647,716212808946;0,99009900990099;1
624;147,698846682208;615,923968028538;0,99009900990099;1
625;148,416898889576;639,669641162314;0,99009900990099;1
626;142,851902852081;539,383378989;0,99009900990099;0,99009900990099
627;145,875850988301;599,12108939874;0,99009900990099;1
628;144,313510561921;543,898355664109;0,99009900990099;1
629;150,337054762741;598,712623656127;0,99009900990099;0,99009900990099
630;142,080031632543;599,058444233295;0,99009900990099;1
631;146,418558280261;573,56825344399;0,99009900990099;1
632;138,482467124102;635,80481504257;0,930693069306931;0,930693069306931
633;144,792237543281;551,549914876184;0,99009900990099;0,99009900990099
634;143,07513196715;559,259899648888;0,99009900990099;1
635;146,146882574115;523,901501324859;0,99009900990099;0,99009900990099
636;142,922365331745;609,912647859323;0,99009900990099;1
637;148,559779719823;597,110430918238;0,99009900990099;1
638;147,595110459529;647,809322466982;0,99009900990099;1
639;143,024689562611;633,29351029521;0,99009900990099;0,99009900990099
640;143,075368814611;548,470925230873;0,99009900990099;1
641;143,922644151501;588,618759049515;0,99009900990099;0,99009900990099
642;142,26536042827;578,068536265167;0,99009900990099;1
643;147,221389543703;593,980064681213;0,99009900990099;1
644;146,493682313391;616,192283833558;0,99009900990099;1
645;148,821384221571;562,689215269894;0,99009900990099;1
646;142,344174343662;612,517500435078;0,99009900990099;0,99009900990099
647;147,302350475582;579,343466601721;0,99009900990099;0,99009900990099
648;148,664485157635;565,195548374833;0,99009900990099;0,99009900990099
649;146,111185466082;563,386620854831;0,99009900990099;1
650;144,737537123663;591,695204060067;0,99009900990099;1
651;143,416033882827;550,608699742172;0,99009900990099;1
652;146,872252277588;545,014854509482;0,99009900990099;1
653;149,385461558302;570,800439311431;0,99009900990099;1
654;144,415156588482;547,891243278114;0,99009900990099;1
655;144,228257595339;587,534634169266;0,99009900990099;1
656;140,714345882824;575,234018679481;0,99009900990099;0,99009900990099
657;149,104357779637;603,453132550267;0,99009900990099;0,99009900990099
658;142,904701585891;533,743196904718;0,99009900990099;1
659;145,778952878687;557,647838311065;0,99009900990099;0,99009900990099
660;147,327448282539;627,723820189222;0,99009900990099;1
661;144,900948841041;597,782343514876;0,99009900990099;1
662;144,96927374358;595,379090051367;0,99009900990099;0,99009900990099
663;144,531325957826;579,25435701447;0,99009900990099;1
664;140,202657594091;596,811924215714;0,99009900990099;1
665;143,866425006029;524,075487524543;0,99009900990099;0,99009900990099
666;148,425273104038;580,453525974038;0,99009900990099;1
667;144,204207197967;575,504774424626;0,99009900990099;0,99009900990099
668;141,316291152984;595,175611384443;0,99009900990099;1
669;144,5727469892;542,733091117368;0,99009900990099;1
670;149,760183726752;620,62054290653;0,99009900990099;1
671;144,592943900809;523,528394952172;0,99009900990099;0,99009900990099
672;149,505832046089;573,303494158066;0,99009900990099;1
673;143,038923007454;618,23555570887;0,99009900990099;1
674;149,279859082158;635,246404253122;0,99009900990099;0,99009900990099
675;146,48946948252;564,218356362248;0,99009900990099;1
676;145,593629269875;532,580350786253;0,99009900990099;0,99009900990099
677;140,769045080786;530,827239834678;0,99009900990099;1
678;143,835360486635;520,774522602864;0,99009900990099;1
679;144,443165663941;577,701627786576;0,99009900990099;1
680;146,442380458349;589,417975731589;0,99009900990099;0,99009900990099
681;145,115728423506;575,091801086608;0,99009900990099;0,99009900990099
682;147,965860062945;574,820949309658;0,99009900990099;0,99009900990099
683;147,001405991197;548,091819789302;0,99009900990099;0,99009900990099
684;142,247619158195;558,460881008579;0,99009900990099;1
685;145,925080842356;563,65008577554;0,99009900990099;0,99009900990099
686;144,836892312854;532,711339078408;0,99009900990099;0,99009900990099
687;146,269990100937;581,30916273012;0,99009900990099;0,99009900990099
688;147,805535202187;612,83731716778;0,99009900990099;1
689;146,515167766309;603,803185130115;0,99009900990099;0,99009900990099
690;143,952125061828;597,06202705178;0,99009900990099;0,99009900990099
691;140,135255865507;538,462957645416;0,99009900990099;0,99009900990099
692;142,801811784988;516,267790504291;0,99009900990099;1
693;147,62636829869;573,116693190841;0,99009900990099;0,99009900990099
694;142,934702027967;532,693033376495;0,99009900990099;0,99009900990099
695;151,21055732748;650,601530300024;0,99009900990099;1
696;145,601395794108;635,448180353544;0,99009900990099;0,99009900990099
697;146,079036149941;603,451523452427;0,99009900990099;0,99009900990099
698;140,699575385152;594,893189551686;0,99009900990099;0,99009900990099
699;143,467492862224;586,50820356445;0,99009900990099;1
700;146,105354980062;638,562918946783;0,99009900990099;1
701;143,692381906245;599,371846901393;0,99009900990099;0,99009900990099
702;147,466122608187;634,658284371168;0,99009900990099;1
703;149,543520745204;589,097061273102;0,99009900990099;0,99009900990099
704;144,317842116538;535,274559211861;0,99009900990099;1
705;144,455813455708;551,085835891877;0,99009900990099;0,99009900990099
706;142,406448662612;564,464972112824;0,99009900990099;1
707;141,963506309418;525,438728493428;0,99009900990099;1
708;141,851278529207;619,750862661625;0,99009900990099;0,99009900990099
709;145,208697669603;609,780941524414;0,99009900990099;1
710;146,385896062241;561,270279636399;0,99009900990099;1
711;143,332929699849;541,698865687238;0,99009900990099;1
712;145,663022070481;544,282971829252;0,99009900990099;0,99009900990099
713;145,15493308367;572,739277445186;0,99009900990099;0,99009900990099
714;143,077631502008;543,276307099158;0,99009900990099;1
715;148,27609186877;612,92950069624;0,99009900990099;1
716;142,163121671157;502,067719648262;0,99009900990099;1
717;146,595007348799;528,444102786139;0,96039603960396;0,96039603960396
718;145,999650695622;634,495402557119;0,99009900990099;0,99009900990099
719;143,60590980184;589,505816130104;0,99009900990099;1
720;144,57149175751;563,644834617532;0,99009900990099;1
721;148,444971513912;569,076092041339;0,99009900990099;1
722;147,327509715494;603,305705570474;0,99009900990099;1
723;148,024219882496;595,254314868127;0,99009900990099;0,99009900990099
724;142,626014659873;580,894377913431;0,99009900990099;1
725;144,574765209953;558,115858239858;0,99009900990099;1
726;145,816128264286;560,107930981689;0,99009900990099;1
727;140,617166985143;553,759663474907;0,99009900990099;0,99009900990099
728;145,61125413635;582,622360388687;0,99009900990099;0,99009900990099
729;148,62013808433;575,540677196118;0,99009900990099;1
730;143,156078982892;537,78508978024;0,99009900990099;0,99009900990099
731;145,128188992189;577,291228558725;0,99009900990099;0,99009900990099
732;145,201298522738;528,863311600489;0,99009900990099;0,99009900990099
733;143,178339214518;487,543772831391;0,99009900990099;1
734;146,938537817206;584,777921825895;0,99009900990099;1
735;145,350590130654;581,441653519039;0,99009900990099;1
736;147,313512096925;621,028528435974;0,99009900990099;1
737;148,892695539921;656,469336225854;0,99009900990099;0,99009900990099
738;148,688016807001;654,768555596244;0,99009900990099;1
739;143,447427556147;534,075995261068;0,99009900990099;1
740;141,268743332742;552,805440115425;0,99009900990099;0,99009900990099
741;145,791287928832;593,020376342155;0,99009900990099;1
742;143,31857233199;565,086806720197;0,99009900990099;1
743;148,818980369799;601,814634020864;0,99009900990099;1
744;142,948019083736;547,753944556102;0,99009900990099;0,99009900990099
745;148,299902046369;625,795679081869;0,99009900990099;0,99009900990099
746;142,523495086323;568,577127293858;0,99009900990099;0,99009900990099
747;143,509918235642;549,072212873214;0,99009900990099;0,99009900990099
748;149,905285168551;623,262205852688;0,99009900990099;1
749;144,928310267748;596,54957007144;0,99009900990099;0,99009900990099
750;142,241659800281;610,493007953151;0,99009900990099;1
751;148,789585106714;594,013926199834;0,99009900990099;1
752;143,43273829663;553,569961020775;0,99009900990099;1
753;145,003568031616;600,393332613852;0,99009900990099;1
754;141,175011372313;534,180187864931;0,99009900990099;1
755;143,903581221662;561,999187765118;0,99009900990099;1
756;141,640784614633;582,008367246434;0,99009900990099;0,99009900990099
757;146,22248505018;589,676546011178;0,99009900990099;0,99009900990099
758;142,279079984634;627,335308873308;0,99009900990099;0,99009900990099
759;147,547111551692;603,841316989237;0,96039603960396;0,96039603960396
760;149,137687449785;578,398018079719;0,99009900990099;1
761;147,878778018212;568,812390582817;0,99009900990099;1
762;140,478907350805;583,978143306452;0,99009900990099;1
763;143,009056854548;536,720387578054;0,99009900990099;1
764;143,56030671155;574,477867729101;0,99009900990099;0,99009900990099
765;144,244478749924;578,097632113086;0,99009900990099;0,99009900990099
766;143,237502829193;544,30988956784;0,99009900990099;1
767;143,066746714437;538,459160169729;0,99009900990099;1
768;148,768676132869;627,232519359421;0,99009900990099;1
769;144,263294750632;561,731241768243;0,99009900990099;1
770;145,056645108296;547,279295339058;0,99009900990099;0,99009900990099
771;142,025744254636;557,61158306886;0,99009900990099;0,99009900990099
772;145,479585416795;578,344374729047;0,99009900990099;0,99009900990099
773;145,746779261561;566,802646031781;0,99009900990099;0,99009900990099
774;142,919869167456;587,066777948468;0,99009900990099;0,99009900990099
775;144,357524571764;531,319507709252;0,99009900990099;0,99009900990099
776;144,02676251882;558,164004782319;0,99009900990099;1
777;147,927988042914;574,484101013352;0,99009900990099;0,99009900990099
778;143,326127799014;596,739164446285;0,99009900990099;1
779;147,250321737323;596,404952046209;0,99009900990099;0,99009900990099
780;140,601795108995;608,237812750398;0,99009900990099;0,99009900990099
781;146,589780014043;628,71237435279;0,99009900990099;1
782;149,01818557983;600,466323574231;0,99009900990099;0,99009900990099
783;145,321364852473;564,709120335777;0,99009900990099;1
784;147,908813199991;602,288365568411;0,99009900990099;1
785;148,284781504436;543,222885720572;0,99009900990099;1
786;140,401761483029;547,207210991509;0,99009900990099;0,99009900990099
787;142,262644484369;531,268949562555;0,99009900990099;0,99009900990099
788;145,98259468918;584,623841105853;0,99009900990099;1
789;148,785677522171;584,96085179888;0,99009900990099;1
790;149,45469777674;597,748955174209;0,99009900990099;0,99009900990099
791;141,029095083018;568,354066736961;0,99009900990099;1
792;134,68970051607;533,675859883675;0,930693069306931;0,940594059405941
793;147,636321633378;554,054925517008;0,99009900990099;0,99009900990099
794;141,26681724912;550,803827954369;0,99009900990099;0,99009900990099
795;143,910878823868;651,273341961702;0,99009900990099;1
796;147,15973448619;598,571716151358;0,99009900990099;1
797;145,870310160283;565,840970239159;0,99009900990099;1
798;144,326592532162;571,317045887756;0,99009900990099;0,99009900990099
799;148,131776083453;578,371590058964;0,99009900990099;1
800;147,131310056042;561,480810357951;0,99009900990099;1
801;144,783076784695;567,687576256699;0,99009900990099;0,99009900990099
802;146,923374422573;597,316806484557;0,99009900990099;1
803;146,220953677098;583,455420187502;0,99009900990099;0,99009900990099
804;143,703488183521;557,934710337992;0,99009900990099;1
805;144,300021500399;581,983970866342;0,99009900990099;0,99009900990099
806;141,822219150666;576,374009551578;0,99009900990099;1
807;144,784691349562;579,764129342078;0,99009900990099;1
808;145,787030958384;562,767294954155;0,99009900990099;1
809;144,097154446501;588,437131566938;0,99009900990099;0,99009900990099
810;143,609145524421;556,592747275956;0,99009900990099;1
811;150,984706323833;611,161341051865;0,99009900990099;0,99009900990099
812;143,786736486652;547,16431796639;0,99009900990099;0,99009900990099
813;144,530480845724;572,588605007221;0,99009900990099;0,99009900990099
814;146,582754263824;602,657173680422;0,99009900990099;0,99009900990099
815;145,083561655401;555,696673660793;0,99009900990099;1
816;142,891048129036;617,790933161591;0,99009900990099;1
817;148,265883565928;622,048755287167;0,99009900990099;1
818;152,38771411793;619,239898337041;0,99009900990099;0,99009900990099
819;146,393201421951;584,387363784019;0,99009900990099;1
820;137,799266268408;529,385310340701;0,930693069306931;0,940594059405941
821;148,277748067052;641,216825977032;0,99009900990099;1
822;143,946445410906;563,214137429048;0,99009900990099;1
823;144,590246322858;565,418477894247;0,99009900990099;0,99009900990099
824;146,365023570315;594,6063070188;0,99009900990099;0,99009900990099
825;145,145045072545;615,787039803091;0,99009900990099;1
826;147,216095085462;547,41451079154;0,99009900990099;0,99009900990099
827;146,26992864939;568,615673447665;0,99009900990099;0,99009900990099
828;148,819492520287;619,831542047228;0,99009900990099;1
829;143,210627109934;512,065107442218;0,96039603960396;0,97029702970297
830;144,291551660317;612,229067235129;0,99009900990099;0,99009900990099
831;146,54715585138;609,421639522384;0,99009900990099;0,99009900990099
832;142,309945646937;495,11595550415;0,99009900990099;0,99009900990099
833;138,043157396074;551,753271674773;0,930693069306931;0,930693069306931
834;148,872598394541;559,749117517089;0,99009900990099;0,99009900990099
835;146,225317006115;574,343263831427;0,99009900990099;1
836;144,592705509239;581,475363270989;0,99009900990099;0,99009900990099
837;141,826290052903;565,337621280594;0,99009900990099;1
838;145,362844168499;572,172877857957;0,99009900990099;1
839;142,752526487202;619,661851448747;0,99009900990099;0,99009900990099
840;144,951171327239;537,103081668981;0,99009900990099;1
841;144,954541645609;563,080651873718;0,99009900990099;0,99009900990099
842;143,836063531056;574,126174172529;0,99009900990099;0,99009900990099
843;144,942651290405;552,184219789216;0,99009900990099;1
844;148,577276075886;578,622669673317;0,99009900990099;1
845;142,345645346985;548,630931318464;0,99009900990099;1
846;148,989458317995;539,479392755926;0,99009900990099;0,99009900990099
847;145,674568758491;560,11139050984;0,99009900990099;0,99009900990099
848;143,818298137263;524,395080896833;0,99009900990099;1
849;144,529011084789;571,144270988516;0,99009900990099;1
850;146,402406103757;644,549714886897;0,99009900990099;1
851;146,314715147939;573,935276886545;0,99009900990099;1
852;149,719648475548;594,72174248551;0,99009900990099;1
853;148,170578383154;598,736345976576;0,99009900990099;1
854;146,624741682943;591,216969016643;0,99009900990099;0,99009900990099
855;148,714683612803;626,286092216743;0,99009900990099;1
856;140,715513510346;600,204614685716;0,99009900990099;0,99009900990099
857;142,414591401047;591,406183598915;0,99009900990099;1
858;144,20382431614;573,771454270877;0,99009900990099;0,99009900990099
859;139,372468510249;594,585208515274;0,99009900990099;0,99009900990099
860;146,122087983013;621,729165039233;0,99009900990099;1
861;142,819578427618;588,609181387333;0,99009900990099;1
862;144,920482822217;617,400217310754;0,99009900990099;1
863;142,001755224812;550,993842054485;0,99009900990099;1
864;143,555155818533;588,919239981862;0,99009900990099;1
865;144,475661383637;585,463945645387;0,99009900990099;1
866;144,894208853719;610,302988498305;0,99009900990099;1
867;148,22617506196;586,164143721274;0,99009900990099;0,99009900990099
868;148,701406269498;606,768012729726;0,99009900990099;0,99009900990099
869;146,797335653466;548,90873635758;0,99009900990099;0,99009900990099
870;145,099276722861;568,011887765761;0,99009900990099;1
871;149,603513063385;591,328344350128;0,99009900990099;1
872;143,564457039747;587,383315533197;0,99009900990099;1
873;145,555693975451;587,510691512615;0,99009900990099;1
874;136,959869270306;530,311176455195;0,930693069306931;0,940594059405941
875;143,382799414099;582,326938675428;0,99009900990099;1
876;145,166371473582;573,74647341894;0,99009900990099;1
877;144,881369271753;593,854317415211;0,99009900990099;1
878;148,274803414468;604,948196008645;0,99009900990099;1
879;144,119128134747;577,799047379142;0,99009900990099;1
880;148,736145998386;621,086624894536;0,99009900990099;1
881;150,609371351918;598,625070150568;0,99009900990099;0,99009900990099
882;141,886933928629;507,37766259162;0,99009900990099;1
883;144,684787971028;557,928927644041;0,99009900990099;0,99009900990099
884;145,714225838485;616,350805448478;0,99009900990099;0,99009900990099
885;143,0971563635;562,353991245439;0,99009900990099;0,99009900990099
886;144,267284750193;550,952404761089;0,99009900990099;0,99009900990099
887;143,258545337851;566,356405473752;0,99009900990099;0,99009900990099
888;145,231556011481;604,028868460582;0,99009900990099;1
889;145,335640471728;593,417899311524;0,99009900990099;1
890;145,577536115085;561,782333083045;0,99009900990099;0,99009900990099
891;144,986413860053;583,914666525888;0,99009900990099;1
892;145,022708498532;611,416443056535;0,99009900990099;1
893;143,281676426477;543,136689385784;0,99009900990099;0,99009900990099
894;145,140023983149;558,815929462664;0,99009900990099;1
895;141,557186003794;589,563934420487;0,99009900990099;1
896;150,199720202725;595,802685301511;0,99009900990099;0,99009900990099
897;147,655163812725;602,255942081361;0,99009900990099;1
898;145,24300050698;572,056045596391;0,99009900990099;1
899;149,562189879932;570,98329380316;0,99009900990099;1
900;142,960713356377;578,910042140962;0,99009900990099;0,99009900990099
901;148,389850199268;599,602194974455;0,99009900990099;0,99009900990099
902;143,573216936245;541,834399010437;0,99009900990099;1
903;142,12021343255;591,20713755185;0,99009900990099;1
904;146,28146458699;613,265358294052;0,99009900990099;1
905;148,361666747818;572,49327452454;0,99009900990099;1
906;145,350592158397;530,886671466204;0,99009900990099;1
907;142,247124043537;579,37602080553;0,99009900990099;0,99009900990099
908;147,745785134871;602,598885260686;0,99009900990099;0,99009900990099
909;143,191676453584;560,044801433681;0,99009900990099;0,99009900990099
910;143,955886906507;639,807444743927;0,99009900990099;0,99009900990099
911;145,642737651166;630,671640800009;0,99009900990099;0,99009900990099
912;146,382034480394;629,329170676767;0,99009900990099;1
913;142,490330028925;564,028169390056;0,99009900990099;1
914;145,50949687672;548,076629035481;0,99009900990099;0,99009900990099
915;142,787575100837;552,497884578765;0,99009900990099;0,99009900990099
916;146,740538547641;633,623567911667;0,99009900990099;1
917;146,870714091359;621,505760606525;0,99009900990099;0,99009900990099
918;142,10370459401;527,384687774641;0,99009900990099;0,99009900990099
919;150,58445767297;561,704812756833;0,99009900990099;0,99009900990099
920;148,316025549744;619,64856036622;0,99009900990099;0,99009900990099
921;145,357801638789;521,501931166036;0,99009900990099;0,99009900990099
922;150,891817400164;627,392299182957;0,99009900990099;1
923;149,116833784278;640,207727020514;0,99009900990099;1
924;146,599297964043;559,29426111914;0,99009900990099;0,99009900990099
925;150,168699461048;637,538833236277;0,99009900990099;1
926;141,922653206276;512,535021892616;0,99009900990099;1
927;142,131035875425;566,232713077252;0,99009900990099;0,99009900990099
928;144,221389527347;571,368191469229;0,99009900990099;1
929;144,96321908691;576,667416673583;0,99009900990099;0,99009900990099
930;142,099109976999;546,882559841867;0,99009900990099;1
931;148,398956234735;580,041215545836;0,99009900990099;1
932;143,461082100973;551,181611986829;0,99009900990099;0,99009900990099
933;144,256144676139;544,280877076877;0,99009900990099;1
934;141,428483770552;550,103293814304;0,99009900990099;1
935;143,25810667393;537,783884613314;0,99009900990099;1
936;143,969441302247;515,110407224297;0,99009900990099;1
937;143,241181337798;586,588806676036;0,99009900990099;1
938;143,277405380316;605,327404002895;0,99009900990099;1
939;147,629560340807;610,701055627697;0,99009900990099;1
940;144,134303209594;590,867922394707;0,99009900990099;1
941;145,317430543753;589,955385925476;0,99009900990099;1
942;142,353324746519;537,376938875487;0,99009900990099;1
943;149,257039536226;606,028622850156;0,99009900990099;0,99009900990099
944;144,525368857391;544,230004078417;0,99009900990099;0,99009900990099
945;147,050489981452;605,77568075732;0,99009900990099;0,99009900990099
946;141,920365205279;517,605146441579;0,99009900990099;0,99009900990099
947;146,162704224085;629,140856453775;0,99009900990099;1
948;145,465456374745;557,775338706819;0,99009900990099;1
949;142,251597750714;598,321670440697;0,99009900990099;0,99009900990099
950;148,546658922823;626,387312409561;0,99009900990099;1
951;145,754850766473;571,678170292171;0,99009900990099;0,99009900990099
952;141,543634473186;525,675196637844;0,99009900990099;0,99009900990099
953;133,531268742706;513,250926087049;0,930693069306931;0,930693069306931
954;153,956060112347;616,69366579099;0,99009900990099;1
955;148,064090608698;568,350463888081;0,99009900990099;0,99009900990099
956;144,243336350642;590,810720297253;0,99009900990099;1
957;144,508246078166;605,65984669694;0,99009900990099;1
958;144,70423155521;615,079422656432;0,99009900990099;0,99009900990099
959;145,659937595655;572,622834125962;0,99009900990099;0,99009900990099
960;147,374995079712;612,025593735121;0,99009900990099;1
961;148,449051172771;614,435438098612;0,99009900990099;0,99009900990099
962;146,444239436035;610,374753253106;0,99009900990099;1
963;146,031669066171;579,520151929317;0,99009900990099;1
964;142,711240139343;557,458130278765;0,99009900990099;1
965;141,540373107724;568,111780976022;0,99009900990099;0,99009900990099
966;143,15150186248;555,988945793184;0,99009900990099;0,99009900990099
967;147,972715498445;599,718041369409;0,99009900990099;0,99009900990099
968;144,903010551109;579,927797475331;0,99009900990099;1
969;151,844912994859;606,538817469288;0,99009900990099;1
970;149,508534227537;575,132064424314;0,99009900990099;1
971;147,578390529353;598,523937716992;0,99009900990099;1
972;148,307697941655;653,747829423147;0,99009900990099;1
973;142,091811354698;556,674933701107;0,99009900990099;1
974;145,31776586156;600,37316904131;0,99009900990099;0,99009900990099
975;141,28051374647;544,662297074917;0,99009900990099;0,99009900990099
976;143,958842077365;526,258795826783;0,99009900990099;1
977;145,014522468186;572,53442911632;0,99009900990099;1
978;144,933373508833;635,214830284558;0,99009900990099;1
979;143,570215605702;612,632809259454;0,99009900990099;1
980;149,457035932945;623,818983683834;0,99009900990099;0,99009900990099
981;144,213531886666;580,917075026423;0,99009900990099;1
982;142,813988929553;571,653328270408;0,99009900990099;1
983;143,81782491332;581,775148327688;0,99009900990099;1
984;150,050805478759;570,395715858328;0,99009900990099;1
985;145,454115953844;623,309198713563;0,99009900990099;1
986;145,53339068656;570,997861863308;0,99009900990099;0,99009900990099
987;139,835332844233;552,971718557318;0,99009900990099;0,99009900990099
988;145,37449081037;591,162935180887;0,99009900990099;0,99009900990099
989;145,093030562042;591,21569502884;0,99009900990099;0,99009900990099
990;144,263033064949;544,340826108383;0,99009900990099;0,99009900990099
991;139,577643072455;571,400397492866;0,930693069306931;0,930693069306931
992;143,81207696706;515,736767890759;0,99009900990099;0,99009900990099
993;144,767189782127;545,559863792501;0,99009900990099;0,99009900990099
994;144,704868931735;526,579523858347;0,99009900990099;1
995;144,660158450539;549,225785649205;0,99009900990099;1
996;149,49306741686;569,100163922963;0,99009900990099;1
997;143,286024887833;588,447021709817;0,99009900990099;0,99009900990099
998;145,929156738751;608,449436118188;0,99009900990099;1
999;142,465377046007;556,465633696415;0,99009900990099;1
