0;91;3,64357052698411;0,483870967741936;0,483870967741936
1;91;13,8856920944427;0,483870967741936;0,483870967741936
2;102,938975973825;23,9471576613891;0,967741935483871;0,967741935483871
3;91;6,27140969819164;0,483870967741936;0,483870967741936
4;91;13,8921155571146;0,483870967741936;0,483870967741936
5;103,942084997959;26,2868129570151;0,967741935483871;0,967741935483871
6;106,006320218119;28,3694422159266;0,967741935483871;0,967741935483871
7;91;3,38263919897613;0,483870967741936;0,483870967741936
8;91;20,4467024275263;0,483870967741936;0,483870967741936
9;104,598162124323;15,7730962244366;0,967741935483871;0,967741935483871
10;91;20,1745781438379;0,483870967741936;0,483870967741936
11;91;24,8219312815777;0,483870967741936;0,483870967741936
12;91;4,74508407924911;0,483870967741936;0,483870967741936
13;91;7,45399582106587;0,483870967741936;0,483870967741936
14;105,43789499789;23,0587682275847;0,967741935483871;0,967741935483871
15;91;10,1288579005867;0,483870967741936;0,483870967741936
16;103,992805078628;20,3869550232729;0,967741935483871;0,967741935483871
17;103,202257709899;27,4707703281157;0,967741935483871;0,967741935483871
18;91;5,89115094044776;0,483870967741936;0,483870967741936
19;105,685657436943;33,0200613382401;0,967741935483871;0,967741935483871
20;102,74725083753;11,8501477938914;0,967741935483871;0,967741935483871
21;106,798372932349;26,5266115031839;0,967741935483871;0,967741935483871
22;91;9,03074741134224;0,483870967741936;0,483870967741936
23;91;4,45744197526053;0,483870967741936;0,483870967741936
24;91;12,4482150234044;0,483870967741936;0,483870967741936
25;104,793011409011;3,38383318961897;0,967741935483871;0,967741935483871
26;91;1,32719487367277;0,483870967741936;0,483870967741936
27;91;7,03641057552231;0,483870967741936;0,483870967741936
28;91;12,7441370799771;0,483870967741936;0,483870967741936
29;91;5,87685982281171;0,483870967741936;0,483870967741936
30;91;19,0348809705981;0,483870967741936;0,483870967741936
31;91;22,4759773441097;0,483870967741936;0,483870967741936
32;91;4,30243163126945;0,483870967741936;0,483870967741936
33;91;8,92557482330001;0,483870967741936;0,483870967741936
34;107,710879561693;37,8538313303007;0,967741935483871;0,967741935483871
35;91;7,87197938091289;0,483870967741936;0,483870967741936
36;103,918432647421;21,5905285205136;0,967741935483871;0,967741935483871
37;104,003778275639;41,4322246798446;0,967741935483871;0,967741935483871
38;106,841968783186;27,1113816041317;0,967741935483871;0,967741935483871
39;107,572332260733;53,7542260179979;0,967741935483871;0,967741935483871
40;104,720892667806;26,5827302316128;0,967741935483871;0,967741935483871
41;106,259098672015;40,3723244068001;0,967741935483871;0,967741935483871
42;106,356701840217;43,0879441330296;0,967741935483871;0,967741935483871
43;91;20,5728964901058;0,483870967741936;0,483870967741936
44;105,262453077728;34,4751096827064;0,967741935483871;0,967741935483871
45;91;6,8323157767314;0,483870967741936;0,483870967741936
46;91;4,46991762642313;0,483870967741936;0,483870967741936
47;91;5,67091419002799;0,483870967741936;0,483870967741936
48;91;7,96934032128811;0,483870967741936;0,483870967741936
49;91;14,2909300379196;0,483870967741936;0,483870967741936
50;104,029421645332;32,3290180572161;0,967741935483871;0,967741935483871
51;91;14,3041821660087;0,483870967741936;0,483870967741936
52;105,640810922428;13,5132251479626;0,967741935483871;0,967741935483871
53;104,486518600524;19,2487600730575;0,967741935483871;0,967741935483871
54;103,962063671612;36,0135195306462;0,967741935483871;0,967741935483871
55;91;6,33156655567802;0,483870967741936;0,483870967741936
56;91;13,1546947846327;0,483870967741936;0,483870967741936
57;91;4,25283937045903;0,483870967741936;0,483870967741936
58;107,958236235021;46,0818496133081;0,967741935483871;0,967741935483871
59;104,238101525182;32,0665557016565;0,967741935483871;0,967741935483871
60;91;9,47226941856604;0,483870967741936;0,483870967741936
61;91;10,1830670272221;0,483870967741936;0,483870967741936
62;91;11,3613083253395;0,483870967741936;0,483870967741936
63;91;11,2037518044994;0,483870967741936;0,483870967741936
64;103,788685922427;35,3995702928877;0,967741935483871;0,967741935483871
65;91;8,87167964196124;0,483870967741936;0,483870967741936
66;91;14,1081266695759;0,483870967741936;0,483870967741936
67;105,900519543304;32,2864007835445;0,967741935483871;0,967741935483871
68;91;5,10261441599885;0,483870967741936;0,483870967741936
69;91;7,37479739764096;0,483870967741936;0,483870967741936
70;109,749835391815;79,4917423028385;0,967741935483871;0,967741935483871
71;91;3,63752447765767;0,483870967741936;0,483870967741936
72;103,34738645857;15,9776170558284;0,967741935483871;0,967741935483871
73;91;3,8311575262136;0,483870967741936;0,483870967741936
74;106,98003719886;37,000302183304;0,967741935483871;0,967741935483871
75;103,790406964318;10,5775435237938;0,967741935483871;0,967741935483871
76;105,799462113622;26,0136723215734;0,967741935483871;0,967741935483871
77;91;4,66511914496574;0,483870967741936;0,483870967741936
78;106,829880363535;54,4497693100568;0,967741935483871;0,967741935483871
79;105,866719688314;32,6694413553884;0,967741935483871;0,967741935483871
80;108,254398569573;43,4813005650912;0,967741935483871;0,967741935483871
81;110,825321561331;52,7394066690342;0,967741935483871;0,967741935483871
82;104,489471644196;12,7585229756716;0,967741935483871;0,967741935483871
83;103,962351975271;10,829090077985;0,967741935483871;0,967741935483871
84;105,457916035982;44,6712210487528;0,967741935483871;0,967741935483871
85;91;2,24702656304037;0,483870967741936;0,483870967741936
86;104,654736379829;4,59050809843525;0,967741935483871;0,967741935483871
87;102,365184670044;8,28837415891295;0,967741935483871;0,967741935483871
88;91;4,12948062092287;0,483870967741936;0,483870967741936
89;104,005350367134;11,4632313732358;0,967741935483871;0,967741935483871
90;105,188941880772;15,7786604625826;0,967741935483871;0,967741935483871
91;106,194998004032;45,2955359039946;0,967741935483871;0,967741935483871
92;91;11,6394310450462;0,483870967741936;0,483870967741936
93;107,377158797697;70,2929984186791;0,967741935483871;0,967741935483871
94;91;5,76910572442521;0,483870967741936;0,483870967741936
95;91;3,46392119023844;0,483870967741936;0,483870967741936
96;91;4,48324711948797;0,483870967741936;0,483870967741936
97;104,371725664683;14,6676502361882;0,967741935483871;0,967741935483871
98;104,849202663955;17,8014773198906;0,967741935483871;0,967741935483871
99;91;25,6249264351704;0,483870967741936;0,483870967741936
100;106,861467345223;73,3243225510164;0,967741935483871;0,967741935483871
101;105,202372555804;27,3449888040217;0,967741935483871;0,967741935483871
102;104,988870263418;14,4243566198494;0,967741935483871;0,967741935483871
103;91;3,44567536355232;0,483870967741936;0,483870967741936
104;91;18,4513267905082;0,483870967741936;0,483870967741936
105;91;8,19633964177316;0,483870967741936;0,483870967741936
106;91;6,38904051625792;0,483870967741936;0,483870967741936
107;104,110196487689;21,3264433559293;0,967741935483871;0,967741935483871
108;110,751774982065;83,4043435704185;0,967741935483871;0,967741935483871
109;91;14,2724512408498;0,483870967741936;0,483870967741936
110;91;13,8836980721965;0,483870967741936;0,483870967741936
111;91;5,23306596744283;0,483870967741936;0,483870967741936
112;104,84670764917;27,3110330487623;0,967741935483871;0,967741935483871
113;91;4,29865495191503;0,483870967741936;0,483870967741936
114;91;4,04389394649667;0,483870967741936;0,483870967741936
115;91;2,02945982611353;0,483870967741936;0,483870967741936
116;108,578105265071;48,2648891647585;0,967741935483871;0,967741935483871
117;91;5,5216607629247;0,483870967741936;0,483870967741936
118;91;17,8639025179538;0,483870967741936;0,483870967741936
119;91;16,9421155039956;0,483870967741936;0,483870967741936
120;105,886931015756;37,5944901527299;0,967741935483871;0,967741935483871
121;91;6,16000925867327;0,483870967741936;0,483870967741936
122;107,280166699674;47,342312421458;0,967741935483871;0,967741935483871
123;106,249457897205;27,8198961541651;0,967741935483871;0,967741935483871
124;107,921767359623;53,424338193462;0,967741935483871;0,967741935483871
125;91;9,53310960770204;0,483870967741936;0,483870967741936
126;104,500423172903;16,1849623840148;0,967741935483871;0,967741935483871
127;91;17,5364943471135;0,483870967741936;0,483870967741936
128;105,994456142592;57,7280143625329;0,967741935483871;0,967741935483871
129;105,293523962852;9,78592926096157;0,967741935483871;0,967741935483871
130;91;25,0311056596823;0,483870967741936;0,483870967741936
131;104,502993263273;27,6785483137897;0,967741935483871;0,967741935483871
132;104,552426927985;15,8559790739099;0,967741935483871;0,967741935483871
133;102,982301194989;6,51438494860762;0,967741935483871;0,967741935483871
134;91;7,46351025674267;0,483870967741936;0,483870967741936
135;105,407285411093;12,2986503255081;0,967741935483871;0,967741935483871
136;91;12,0325779879743;0,483870967741936;0,483870967741936
137;91;4,17499052538137;0,483870967741936;0,483870967741936
138;91;3,63829377611195;0,483870967741936;0,483870967741936
139;91;4,57802167166581;0,483870967741936;0,483870967741936
140;104,493511197148;12,8571984347983;0,967741935483871;0,967741935483871
141;91;4,87899966913147;0,483870967741936;0,483870967741936
142;103,934601277248;5,99723403357187;0,967741935483871;0,967741935483871
143;105,167088055135;9,3238668981845;0,967741935483871;0,967741935483871
144;104,568630571021;30,6640633465232;0,967741935483871;0,967741935483871
145;106,586519144733;26,778411199355;0,967741935483871;0,967741935483871
146;104,039001547422;10,701210342137;0,967741935483871;0,967741935483871
147;91;11,9236448095173;0,483870967741936;0,483870967741936
148;103,626510752613;5,31278376169508;0,967741935483871;0,967741935483871
149;105,709207819593;18,9464961352418;0,967741935483871;0,967741935483871
150;103,974190177419;15,4064579095558;0,967741935483871;0,967741935483871
151;104,76541593162;11,3613968147229;0,967741935483871;0,967741935483871
152;107,380974409906;27,5046944159075;0,967741935483871;0,967741935483871
153;104,282928760375;30,4003134198356;0,967741935483871;0,967741935483871
154;91;2,34249042527157;0,483870967741936;0,483870967741936
155;91;11,1101927702472;0,483870967741936;0,483870967741936
156;105,985286489518;5,63768465359451;0,967741935483871;0,967741935483871
157;105,203945823;23,99390761195;0,967741935483871;0,967741935483871
158;103,606794229168;22,1750765303616;0,967741935483871;0,967741935483871
159;91;3,06234223331997;0,483870967741936;0,483870967741936
160;91;7,96749595893435;0,483870967741936;0,483870967741936
161;91;6,97392638059941;0,483870967741936;0,483870967741936
162;102,674977705543;13,3979200360056;0,967741935483871;0,967741935483871
163;91;20,9769549500347;0,483870967741936;0,483870967741936
164;103,116490054786;16,2923922744989;0,967741935483871;0,967741935483871
165;103,256709205286;31,3024466063236;0,967741935483871;0,967741935483871
166;106,308020992033;34,8494358440954;0,967741935483871;0,967741935483871
167;91;2,84700146897332;0,483870967741936;0,483870967741936
168;103,067961861077;7,10871217948549;0,967741935483871;0,967741935483871
169;91;3,55291156143227;0,483870967741936;0,483870967741936
170;106,07195026355;24,7145929270993;0,967741935483871;0,967741935483871
171;91;4,08675817369291;0,483870967741936;0,483870967741936
172;104,23215261076;47,4162625557686;0,967741935483871;0,967741935483871
173;105,251718924585;41,2201554999548;0,967741935483871;0,967741935483871
174;108,382768355515;53,206126144486;0,967741935483871;0,967741935483871
175;105,176621744766;9,53183139819891;0,967741935483871;0,967741935483871
176;106,515428128588;28,6483184590525;0,967741935483871;0,967741935483871
177;108,701514239435;50,0705574935576;0,967741935483871;0,967741935483871
178;103,695041903278;15,5363948125893;0,967741935483871;0,967741935483871
179;106,539282969944;21,0321796818042;0,967741935483871;0,967741935483871
180;91;14,6959920970555;0,483870967741936;0,483870967741936
181;91;12,378958557096;0,483870967741936;0,483870967741936
182;91;3,88193598761339;0,483870967741936;0,483870967741936
183;105,230205184849;11,435720948426;0,967741935483871;0,967741935483871
184;91;12,0806061734307;0,483870967741936;0,483870967741936
185;91;3,67073120736084;0,483870967741936;0,483870967741936
186;91;8,2589272964901;0,483870967741936;0,483870967741936
187;91;0;0,483870967741936;0,483870967741936
188;91;7,00053471966407;0,483870967741936;0,483870967741936
189;91;7,95441498347503;0,483870967741936;0,483870967741936
190;106,503549668829;22,0689482638689;0,967741935483871;0,967741935483871
191;104,552631769782;13,4979894506637;0,967741935483871;0,967741935483871
192;91;8,57909756881907;0,483870967741936;0,483870967741936
193;104,208700208488;24,2180301769579;0,967741935483871;0,967741935483871
194;106,621273229922;55,6186539036707;0,967741935483871;0,967741935483871
195;108,378684715546;56,2517154915352;0,967741935483871;0,967741935483871
196;105,40838443611;16,3713398645242;0,967741935483871;0,967741935483871
197;105,404410167667;10,0673572835246;0,967741935483871;0,967741935483871
198;91;4,84798364843442;0,483870967741936;0,483870967741936
199;91;5,60163042821138;0,483870967741936;0,483870967741936
200;105,700532875395;37,0526926396086;0,967741935483871;0,967741935483871
201;91;5,21102865514671;0,483870967741936;0,483870967741936
202;91;14,7666601667796;0,483870967741936;0,483870967741936
203;91;8,9377415624132;0,483870967741936;0,483870967741936
204;103,911736580597;6,36487207601785;0,967741935483871;0,967741935483871
205;91;16,7451192256392;0,483870967741936;0,483870967741936
206;91;4,99215128140301;0,483870967741936;0,483870967741936
207;91;0,581477624187254;0,483870967741936;0,483870967741936
208;91;6,94867695231807;0,483870967741936;0,483870967741936
209;108,901010652584;50,7908226635562;0,967741935483871;0,967741935483871
210;91;2,44226507863614;0,483870967741936;0,483870967741936
211;91;12,1701601497903;0,483870967741936;0,483870967741936
212;103,822487710038;13,5451128762279;0,967741935483871;0,967741935483871
213;105,064861415626;15,1894780707101;0,967741935483871;0,967741935483871
214;91;4,66111829610593;0,483870967741936;0,483870967741936
215;106,184231704696;43,8049141335169;0,967741935483871;0,967741935483871
216;105,671444255632;38,0864848285823;0,967741935483871;0,967741935483871
217;102,158190661521;14,1215104199922;0,967741935483871;0,967741935483871
218;91;17,9788743481199;0,483870967741936;0,483870967741936
219;91;0,517635164095879;0,483870967741936;0,483870967741936
220;106,717548587785;51,8403055572489;0,967741935483871;0,967741935483871
221;91;5,82324058704892;0,483870967741936;0,483870967741936
222;91;9,12343275535158;0,483870967741936;0,483870967741936
223;105,846581323639;35,5719106363557;0,967741935483871;0,967741935483871
224;91;5,79068363820898;0,483870967741936;0,483870967741936
225;91;12,9576929019175;0,483870967741936;0,483870967741936
226;104,203828307442;24,0652031503831;0,967741935483871;0,967741935483871
227;104,934417706696;12,7093719535051;0,967741935483871;0,967741935483871
228;106,429380682561;34,521000250673;0,967741935483871;0,967741935483871
229;91;13,831366416717;0,483870967741936;0,483870967741936
230;103,433128674523;35,406852598602;0,967741935483871;0,967741935483871
231;91;6,99231784098843;0,483870967741936;0,483870967741936
232;91;11,6095447541796;0,483870967741936;0,483870967741936
233;91;1,73273599466242;0,483870967741936;0,483870967741936
234;91;5,6750044856729;0,483870967741936;0,483870967741936
235;104,706976102934;15,9157467653945;0,967741935483871;0,967741935483871
236;104,29666162051;13,1444375816312;0,967741935483871;0,967741935483871
237;105,911687284059;28,150342350897;0,967741935483871;0,967741935483871
238;91;0,924722275374087;0,483870967741936;0,483870967741936
239;107,688069513357;15,1882779331277;0,967741935483871;0,967741935483871
240;91;4,71170282759287;0,483870967741936;0,483870967741936
241;91;3,77558697618953;0,483870967741936;0,483870967741936
242;107,604158268116;49,3594957727892;0,967741935483871;0,967741935483871
243;91;5,50988588419139;0,483870967741936;0,483870967741936
244;112,515215913286;88,7052611913383;0,967741935483871;0,967741935483871
245;102,275724707217;16,6909080186441;0,967741935483871;0,967741935483871
246;91;13,649563540993;0,483870967741936;0,483870967741936
247;105,103614493445;27,40914792421;0,967741935483871;0,967741935483871
248;91;27,961936767257;0,483870967741936;0,483870967741936
249;105,094582633799;25,0612407882966;0,967741935483871;0,967741935483871
250;91;2,52047111071965;0,483870967741936;0,483870967741936
251;104,276156298389;22,0914448775848;0,967741935483871;0,967741935483871
252;105,648708100096;11,0609957686757;0,967741935483871;0,967741935483871
253;103,645830639758;23,1369378758542;0,967741935483871;0,967741935483871
254;108,300013877203;36,223006929756;0,967741935483871;0,967741935483871
255;110,246554715068;59,7269554273151;0,967741935483871;0,967741935483871
256;91;3,41395762634626;0,483870967741936;0,483870967741936
257;104,319880433003;22,0817822944022;0,967741935483871;0,967741935483871
258;109,328014386113;36,9881933134221;0,967741935483871;0,967741935483871
259;91;2,96571882901053;0,483870967741936;0,483870967741936
260;104,74975986794;6,23734088137017;0,967741935483871;0,967741935483871
261;103,043880841061;12,8399194779178;0,967741935483871;0,967741935483871
262;91;3,37813797388543;0,483870967741936;0,483870967741936
263;106,638558853646;6,90300909378536;0,967741935483871;0,967741935483871
264;105,393468551173;33,0258304452523;0,967741935483871;0,967741935483871
265;91;7,37582143624808;0,483870967741936;0,483870967741936
266;103,774054101281;19,4307542425301;0,967741935483871;0,967741935483871
267;91;5,86201773613147;0,483870967741936;0,483870967741936
268;91;1,56292627034171;0,483870967741936;0,483870967741936
269;103,2033183108;8,34357525555845;0,967741935483871;0,967741935483871
270;91;5,09078620117731;0,483870967741936;0,483870967741936
271;108,751343531075;94,6199892996178;0,967741935483871;0,967741935483871
272;91;5,45326101130487;0,483870967741936;0,483870967741936
273;91;1,83802946172832;0,483870967741936;0,483870967741936
274;91;22,3193322448064;0,483870967741936;0,483870967741936
275;109,427802236872;29,2260475934961;0,967741935483871;0,967741935483871
276;91;2,78607216120355;0,483870967741936;0,483870967741936
277;105,315491604672;23,88741101438;0,967741935483871;0,967741935483871
278;104,671447355261;22,9845021123564;0,967741935483871;0,967741935483871
279;91;6,07563876452173;0,483870967741936;0,483870967741936
280;108,554420506366;63,1435227852155;0,967741935483871;0,967741935483871
281;91;7,41301427036538;0,483870967741936;0,483870967741936
282;91;3,34236624534545;0,483870967741936;0,483870967741936
283;91;0,917941085950893;0,483870967741936;0,483870967741936
284;105,302415053781;9,58614699280304;0,967741935483871;0,967741935483871
285;91;6,5937515858117;0,483870967741936;0,483870967741936
286;91;1,53830084115102;0,483870967741936;0,483870967741936
287;91;3,77175952913063;0,483870967741936;0,483870967741936
288;105,095922898648;21,4912033390668;0,967741935483871;0,967741935483871
289;106,719603908083;61,7514976839979;0,967741935483871;0,967741935483871
290;91;6,66173177596751;0,483870967741936;0,483870967741936
291;91;5,533686579594;0,483870967741936;0,483870967741936
292;106,608021828135;40,2082477834587;0,967741935483871;0,967741935483871
293;107,250139596602;78,9941892334863;0,967741935483871;0,967741935483871
294;91;7,34865341816242;0,483870967741936;0,483870967741936
295;105,203876568547;62,9895542192177;0,967741935483871;0,967741935483871
296;107,220440940522;33,0925452127454;0,967741935483871;0,967741935483871
297;91;16,4868051066325;0,483870967741936;0,483870967741936
298;103,587494663738;8,03049994125821;0,967741935483871;0,967741935483871
299;91;4,8236701152335;0,483870967741936;0,483870967741936
300;109,159828193481;62,3159523683242;0,967741935483871;0,967741935483871
301;105,064201639242;15,629486599442;0,967741935483871;0,967741935483871
302;91;13,8901165872718;0,483870967741936;0,483870967741936
303;107,904311231776;39,9335512543547;0,967741935483871;0,967741935483871
304;91;1,1818549639319;0,483870967741936;0,483870967741936
305;91;10,9148098795072;0,483870967741936;0,483870967741936
306;110,332858479097;76,7535290274282;0,967741935483871;0,967741935483871
307;91;18,4355272072933;0,483870967741936;0,483870967741936
308;91;5,87013862001912;0,483870967741936;0,483870967741936
309;108,367292989348;34,0130308581564;0,967741935483871;0,967741935483871
310;91;20,7304310625775;0,483870967741936;0,483870967741936
311;103,375490681008;32,4172632443125;0,967741935483871;0,967741935483871
312;91;7,21998300702953;0,483870967741936;0,483870967741936
313;103,885394645746;17,2449649990699;0,967741935483871;0,967741935483871
314;105,453453286258;17,7332035842266;0,967741935483871;0,967741935483871
315;105,625339508836;32,3978195809239;0,967741935483871;0,967741935483871
316;105,611824748888;34,64000237146;0,967741935483871;0,967741935483871
317;91;5,70370077085812;0,483870967741936;0,483870967741936
318;105,562719075401;44,3774308854068;0,967741935483871;0,967741935483871
319;91;8,78087102551824;0,483870967741936;0,483870967741936
320;104,420496134688;10,153205570416;0,967741935483871;0,967741935483871
321;91;4,41462884753967;0,483870967741936;0,483870967741936
322;91;4,01019802538607;0,483870967741936;0,483870967741936
323;91;7,8350459931402;0,483870967741936;0,483870967741936
324;106,859143315948;39,8886630603492;0,967741935483871;0,967741935483871
325;105,567683488456;11,4786962664566;0,967741935483871;0,967741935483871
326;91;12,3715017640583;0,483870967741936;0,483870967741936
327;104,465988078702;13,4694039932712;0,967741935483871;0,967741935483871
328;106,081699474686;27,861675593206;0,967741935483871;0,967741935483871
329;103,892358812464;48,9262423704876;0,967741935483871;0,967741935483871
330;105,738169849866;46,2321344457234;0,967741935483871;0,967741935483871
331;91;5,89631982602442;0,483870967741936;0,483870967741936
332;103,636020592964;19,7736572549545;0,967741935483871;0,967741935483871
333;91;9,34191999908711;0,483870967741936;0,483870967741936
334;91;7,81229919845432;0,483870967741936;0,483870967741936
335;91;6,39802894217748;0,483870967741936;0,483870967741936
336;105,690415791554;12,8245806286284;0,967741935483871;0,967741935483871
337;105,202338865922;10,0896342562242;0,967741935483871;0,967741935483871
338;107,204143501186;24,608968803127;0,967741935483871;0,967741935483871
339;104,527451573543;19,3845764888826;0,967741935483871;0,967741935483871
340;103,875422296772;27,8012477034785;0,967741935483871;0,967741935483871
341;91;17,1005750901474;0,483870967741936;0,483870967741936
342;107,660848029768;79,7050740626546;0,967741935483871;0,967741935483871
343;106,959687032711;31,7504935685395;0,967741935483871;0,967741935483871
344;107,94142414945;24,8671428474498;0,967741935483871;0,967741935483871
345;108,114838607149;31,6225602868357;0,967741935483871;0,967741935483871
346;91;2,84922081241007;0,483870967741936;0,483870967741936
347;91;13,3176904605918;0,483870967741936;0,483870967741936
348;106,081734416079;14,135041135607;0,967741935483871;0,967741935483871
349;91;9,14961938647313;0,483870967741936;0,483870967741936
350;91;2,92139023124071;0,483870967741936;0,483870967741936
351;106,692009054778;19,8678377661252;0,967741935483871;0,967741935483871
352;91;0,323697669533281;0,483870967741936;0,483870967741936
353;91;3,75071876070666;0,483870967741936;0,483870967741936
354;102,444150218817;11,063460105764;0,967741935483871;0,967741935483871
355;102,862808350436;9,2765860527692;0,967741935483871;0,967741935483871
356;91;12,285272339884;0,483870967741936;0,483870967741936
357;102,569694305246;25,8350187450065;0,967741935483871;0,967741935483871
358;104,01528780651;9,22998998314511;0,967741935483871;0,967741935483871
359;91;2,61813398180229;0,483870967741936;0,483870967741936
360;106,043491799282;44,101821899976;0,967741935483871;0,967741935483871
361;91;20,8177374412199;0,483870967741936;0,483870967741936
362;110,661809866788;62,5251368001169;0,967741935483871;0,967741935483871
363;104,974413474822;15,0463772028381;0,967741935483871;0,967741935483871
364;91;20,7731526132541;0,483870967741936;0,483870967741936
365;91;9,59222487239982;0,483870967741936;0,483870967741936
366;108,186565067764;27,5774563253083;0,967741935483871;0,967741935483871
367;91;7,20683737256268;0,483870967741936;0,483870967741936
368;91;6,72465646718458;0,483870967741936;0,483870967741936
369;103,138082163887;4,69071077427168;0,967741935483871;0,967741935483871
370;105,422465945728;45,7473115616872;0,967741935483871;0,967741935483871
371;104,091371317728;18,6747267669686;0,967741935483871;0,967741935483871
372;91;6,70080840125541;0,483870967741936;0,483870967741936
373;91;16,666762350982;0,483870967741936;0,483870967741936
374;104,491171861195;28,150023573041;0,967741935483871;0,967741935483871
375;103,936949541707;36,0536620662268;0,967741935483871;0,967741935483871
376;91;8,62806561441039;0,483870967741936;0,483870967741936
377;105,076689302158;12,3014189845563;0,967741935483871;0,967741935483871
378;102,284585449988;22,5362477501174;0,967741935483871;0,967741935483871
379;104,837352336017;25,6116540812688;0,967741935483871;0,967741935483871
380;107,04706191154;34,6724349156441;0,967741935483871;0,967741935483871
381;91;5,36669727437699;0,483870967741936;0,483870967741936
382;91;16,6300933060195;0,483870967741936;0,483870967741936
383;91;1,78712088219988;0,483870967741936;0,483870967741936
384;103,302786672724;9,05159351509021;0,967741935483871;0,967741935483871
385;104,828797596526;25,2577216881251;0,967741935483871;0,967741935483871
386;91;14,0428291153043;0,483870967741936;0,483870967741936
387;106,729966484509;20,090426436188;0,967741935483871;0,967741935483871
388;91;7,08837743226073;0,483870967741936;0,483870967741936
389;91;1,80420533378622;0,483870967741936;0,483870967741936
390;109,331388418045;51,277608643354;0,967741935483871;0,967741935483871
391;105,388767853601;32,4578207783302;0,967741935483871;0,967741935483871
392;91;6,75631064755303;0,483870967741936;0,483870967741936
393;111,571638692426;90,869788040798;0,967741935483871;0,967741935483871
394;104,007910646811;26,3452046862909;0,967741935483871;0,967741935483871
395;103,52085835608;26,8940045718691;0,967741935483871;0,967741935483871
396;103,825352829563;35,1948180833185;0,967741935483871;0,967741935483871
397;91;6,30206622782823;0,483870967741936;0,483870967741936
398;91;9,87576171357103;0,483870967741936;0,483870967741936
399;105,00387096848;26,2124340021307;0,967741935483871;0,967741935483871
400;91;7,06372674437799;0,483870967741936;0,483870967741936
401;91;10,2456565009201;0,483870967741936;0,483870967741936
402;103,472120060692;9,99633412290837;0,967741935483871;0,967741935483871
403;91;6,04630023634869;0,483870967741936;0,483870967741936
404;104,449622387166;15,3905134541276;0,967741935483871;0,967741935483871
405;91;4,49757335361237;0,483870967741936;0,483870967741936
406;91;6,53142551426509;0,483870967741936;0,483870967741936
407;91;19,3145945440381;0,483870967741936;0,483870967741936
408;102,594504765697;28,138662884563;0,967741935483871;0,967741935483871
409;108,626967207623;27,7962587763877;0,967741935483871;0,967741935483871
410;103,720968523034;13,0026943167069;0,967741935483871;0,967741935483871
411;91;12,3679614025515;0,483870967741936;0,483870967741936
412;91;9,47515453496153;0,483870967741936;0,483870967741936
413;105,468447439281;18,8478859355073;0,967741935483871;0,967741935483871
414;104,53680424942;17,5253047411625;0,967741935483871;0,967741935483871
415;103,491401822011;8,85170314776202;0,967741935483871;0,967741935483871
416;105,1931828795;21,5158498982545;0,967741935483871;0,967741935483871
417;104,607690925108;6,79274439790989;0,967741935483871;0,967741935483871
418;104,379966218323;23,2528023703084;0,967741935483871;0,967741935483871
419;105,381973110105;42,7990055181078;0,967741935483871;0,967741935483871
420;106,191365891733;10,7757653687293;0,967741935483871;0,967741935483871
421;104,175284528349;19,1612038685353;0,967741935483871;0,967741935483871
422;106,787048153759;42,0272610997451;0,967741935483871;0,967741935483871
423;102,499057785389;16,6167389240624;0,967741935483871;0,967741935483871
424;91;10,0574587909308;0,483870967741936;0,483870967741936
425;105,973082220362;31,0893085232975;0,967741935483871;0,967741935483871
426;105,328195608154;29,0692719726301;0,967741935483871;0,967741935483871
427;108,101431483907;30,218051146149;0,967741935483871;0,967741935483871
428;108,200662772199;28,0350473552268;0,967741935483871;0,967741935483871
429;106,041627096838;37,8581307119381;0,967741935483871;0,967741935483871
430;103,971154730225;28,5558474263754;0,967741935483871;0,967741935483871
431;105,963299224976;4,64858024759728;0,967741935483871;0,967741935483871
432;105,592232069703;25,044047656299;0,967741935483871;0,967741935483871
433;107,04018945821;55,8609015237993;0,967741935483871;0,967741935483871
434;91;8,58056212389492;0,483870967741936;0,483870967741936
435;91;6,74787227588068;0,483870967741936;0,483870967741936
436;91;0,22299291624963;0,483870967741936;0,483870967741936
437;91;5,7174371065429;0,483870967741936;0,483870967741936
438;106,09847636179;17,562834758327;0,967741935483871;0,967741935483871
439;106,617617351356;18,2098619854078;0,967741935483871;0,967741935483871
440;91;9,81781684274354;0,483870967741936;0,483870967741936
441;91;0,736118488494036;0,483870967741936;0,483870967741936
442;91;1,84769142639298;0,483870967741936;0,483870967741936
443;91;6,6155747534031;0,483870967741936;0,483870967741936
444;91;27,0969189320222;0,483870967741936;0,483870967741936
445;104,026694130868;22,2470270111966;0,967741935483871;0,967741935483871
446;91;2,00077928069919;0,483870967741936;0,483870967741936
447;91;9,0880399352784;0,483870967741936;0,483870967741936
448;91;12,3299535629201;0,483870967741936;0,483870967741936
449;91;6,02874028843678;0,483870967741936;0,483870967741936
450;91;2,93265290205435;0,483870967741936;0,483870967741936
451;91;5,70064460354051;0,483870967741936;0,483870967741936
452;91;6,33742093407877;0,483870967741936;0,483870967741936
453;91;8,24139818394799;0,483870967741936;0,483870967741936
454;107,147420138519;26,3826508324481;0,967741935483871;0,967741935483871
455;106,881643969742;9,2444705379133;0,967741935483871;0,967741935483871
456;91;23,0376094561097;0,483870967741936;0,483870967741936
457;105,38481078322;26,0300254143103;0,967741935483871;0,967741935483871
458;91;4,9292785373388;0,483870967741936;0,483870967741936
459;91;4,89913807135606;0,483870967741936;0,483870967741936
460;105,651480744821;42,0351920909385;0,967741935483871;0,967741935483871
461;108,921238911191;62,8740137417581;0,967741935483871;0,967741935483871
462;107,721230850562;52,7495993455342;0,967741935483871;0,967741935483871
463;91;15,8859923397596;0,483870967741936;0,483870967741936
464;104,262710499804;21,9199665059056;0,967741935483871;0,967741935483871
465;106,101823227905;12,3629048907611;0,967741935483871;0,967741935483871
466;109,201239060663;67,0519269869818;0,967741935483871;0,967741935483871
467;91;14,6450637991341;0,483870967741936;0,483870967741936
468;91;7,66053808620224;0,483870967741936;0,483870967741936
469;106,375831605756;32,0567842780353;0,967741935483871;0,967741935483871
470;107,836159412208;51,0847557416413;0,967741935483871;0,967741935483871
471;104,119526841263;33,1366440555853;0,967741935483871;0,967741935483871
472;91;4,38363209835029;0,483870967741936;0,483870967741936
473;106,869131126937;37,4987585116574;0,967741935483871;0,967741935483871
474;91;5,14202467077404;0,483870967741936;0,483870967741936
475;91;4,99756261260222;0,483870967741936;0,483870967741936
476;106,524923930926;81,5524803492028;0,967741935483871;0,967741935483871
477;104,817052159473;9,89164281857666;0,967741935483871;0,967741935483871
478;91;1,26473452334887;0,483870967741936;0,483870967741936
479;104,767274602956;12,1711957551307;0,967741935483871;0,967741935483871
480;106,618412093645;57,5396765694606;0,967741935483871;0,967741935483871
481;104,925908514842;38,6588210036818;0,967741935483871;0,967741935483871
482;102,851199274421;10,0634321724886;0,967741935483871;0,967741935483871
483;107,222743050524;62,5894578111364;0,967741935483871;0,967741935483871
484;104,372218097433;16,1315231637094;0,967741935483871;0,967741935483871
485;103,647427987534;14,2592966266447;0,967741935483871;0,967741935483871
486;103,657616012827;23,0957825046975;0,967741935483871;0,967741935483871
487;91;9,80052146757858;0,483870967741936;0,483870967741936
488;106,515233516922;33,0529312656089;0,967741935483871;0,967741935483871
489;105,663193297649;47,57003035241;0,967741935483871;0,967741935483871
490;105,841233643013;3,91244795660445;0,967741935483871;0,967741935483871
491;91;10,9295418282968;0,483870967741936;0,483870967741936
492;108,724317170404;41,3385987290477;0,967741935483871;0,967741935483871
493;103,827994446458;16,2906611945711;0,967741935483871;0,967741935483871
494;91;15,0726927159988;0,483870967741936;0,483870967741936
495;108,504243986911;48,8817150011552;0,967741935483871;0,967741935483871
496;91;3,2266845329725;0,483870967741936;0,483870967741936
497;91;17,3044148075111;0,483870967741936;0,483870967741936
498;104,49415800169;38,4725319424627;0,967741935483871;0,967741935483871
499;91;4,70964186591819;0,483870967741936;0,483870967741936
500;103,489340105686;17,3024036209496;0,967741935483871;0,967741935483871
501;105,238703090929;21,2055739623828;0,967741935483871;0,967741935483871
502;105,396861314236;42,4002609269093;0,967741935483871;0,967741935483871
503;103,880814307626;14,0636922728096;0,967741935483871;0,967741935483871
504;105,428495282504;26,5631455659362;0,967741935483871;0,967741935483871
505;91;11,5421871005068;0,483870967741936;0,483870967741936
506;102,573057215017;14,1189303418889;0,967741935483871;0,967741935483871
507;91;3,58471111038079;0,483870967741936;0,483870967741936
508;91;10,598390757359;0,483870967741936;0,483870967741936
509;104,955248644903;44,0684627698448;0,967741935483871;0,967741935483871
510;91;11,5386252621311;0,483870967741936;0,483870967741936
511;105,907319264023;48,1813161394765;0,967741935483871;0,967741935483871
512;91;18,1725424277591;0,483870967741936;0,483870967741936
513;91;17,7735987506808;0,483870967741936;0,483870967741936
514;105,30581935397;49,6753821100794;0,967741935483871;0,967741935483871
515;91;2,59508255064759;0,483870967741936;0,483870967741936
516;103,208998993753;8,34191541892071;0,967741935483871;0,967741935483871
517;91;5,45270440020969;0,483870967741936;0,483870967741936
518;91;11,9707555399498;0,483870967741936;0,483870967741936
519;91;5,05716077248157;0,483870967741936;0,483870967741936
520;91;8,24377364300013;0,483870967741936;0,483870967741936
521;105,455489317813;17,7040326846332;0,967741935483871;0,967741935483871
522;107,692419802857;30,5533034876038;0,967741935483871;0,967741935483871
523;91;12,1288708406291;0,483870967741936;0,483870967741936
524;102,689838705304;27,3079671084538;0,967741935483871;0,967741935483871
525;91;11,8759200652664;0,483870967741936;0,483870967741936
526;105,953713038989;12,4848773430347;0,967741935483871;0,967741935483871
527;108,587852035581;64,9618592857594;0,967741935483871;0,967741935483871
528;91;20,1358359957608;0,483870967741936;0,483870967741936
529;91;18,6149927706205;0,483870967741936;0,483870967741936
530;111,783041353234;100,934930293802;0,967741935483871;0,967741935483871
531;106,893170430518;34,1455968945797;0,967741935483871;0,967741935483871
532;91;3,93209624470369;0,483870967741936;0,483870967741936
533;91;1,50866396479283;0,483870967741936;0,483870967741936
534;91;7,57841678582878;0,483870967741936;0,483870967741936
535;91;3,21830277482302;0,483870967741936;0,483870967741936
536;91;5,45776100509203;0,483870967741936;0,483870967741936
537;109,543784857193;48,8192423471481;0,967741935483871;0,967741935483871
538;103,916490410968;21,7461977976649;0,967741935483871;0,967741935483871
539;91;4,92640272045196;0,483870967741936;0,483870967741936
540;103,333028941086;10,2770362264785;0,967741935483871;0,967741935483871
541;91;15,2062054419043;0,483870967741936;0,483870967741936
542;91;28,7495359743542;0,483870967741936;0,483870967741936
543;105,046314853074;9,21493285914836;0,967741935483871;0,967741935483871
544;91;8,75320708477929;0,483870967741936;0,483870967741936
545;91;23,962524239987;0,483870967741936;0,483870967741936
546;109,846633383212;35,6225192922663;0,967741935483871;0,967741935483871
547;91;11,4345391644906;0,483870967741936;0,483870967741936
548;104,157149462674;15,1926303947374;0,967741935483871;0,967741935483871
549;91;13,592998408842;0,483870967741936;0,483870967741936
550;91;3,91798515296198;0,483870967741936;0,483870967741936
551;103,424957500075;16,62728083658;0,967741935483871;0,967741935483871
552;106,434744323283;16,2489017662505;0,967741935483871;0,967741935483871
553;91;10,1666509562824;0,483870967741936;0,483870967741936
554;104,196113633844;14,6566494794295;0,967741935483871;0,967741935483871
555;91;13,4350073237271;0,483870967741936;0,483870967741936
556;91;2,48612523022688;0,483870967741936;0,483870967741936
557;91;15,8269909640766;0,483870967741936;0,483870967741936
558;104,451599642281;24,3161035210734;0,967741935483871;0,967741935483871
559;106,649216362116;62,840188958105;0,967741935483871;0,967741935483871
560;91;5,17461006469476;0,483870967741936;0,483870967741936
561;103,47592795552;27,4964587016071;0,967741935483871;0,967741935483871
562;91;21,2937392310451;0,483870967741936;0,483870967741936
563;103,641829685543;35,9135348263705;0,967741935483871;0,967741935483871
564;108,886846396521;43,3545195100989;0,967741935483871;0,967741935483871
565;91;7,26054184282572;0,483870967741936;0,483870967741936
566;91;3,5348740999939;0,483870967741936;0,483870967741936
567;91;3,88726728508071;0,483870967741936;0,483870967741936
568;103,369753008583;37,3625865978303;0,967741935483871;0,967741935483871
569;91;10,2259401693601;0,483870967741936;0,483870967741936
570;91;3,56631300095795;0,483870967741936;0,483870967741936
571;106,742332595684;40,6806294764419;0,967741935483871;0,967741935483871
572;105,181271476567;15,0047838004047;0,967741935483871;0,967741935483871
573;105,213821990808;27,9459368206928;0,967741935483871;0,967741935483871
574;106,244806677419;26,6272506454798;0,967741935483871;0,967741935483871
575;105,722878122849;10,5103680392413;0,967741935483871;0,967741935483871
576;103,316122862474;30,2273791214472;0,967741935483871;0,967741935483871
577;104,157974027711;15,2785031515153;0,967741935483871;0,967741935483871
578;91;16,5111912874969;0,483870967741936;0,483870967741936
579;106,643300624863;31,8131265799934;0,967741935483871;0,967741935483871
580;91;4,15399668412834;0,483870967741936;0,483870967741936
581;102,512333664632;19,4122083280499;0,967741935483871;0,967741935483871
582;104,244539870447;14,3628031062328;0,967741935483871;0,967741935483871
583;91;10,9544519628725;0,483870967741936;0,483870967741936
584;106,534419978575;11,3434840503744;0,967741935483871;0,967741935483871
585;91;9,73862997229257;0,483870967741936;0,483870967741936
586;110,151519354834;64,7203984858415;0,967741935483871;0,967741935483871
587;91;7,73175903093324;0,483870967741936;0,483870967741936
588;108,165889800589;67,8913670379939;0,967741935483871;0,967741935483871
589;91;15,4066755967943;0,483870967741936;0,483870967741936
590;103,962741881085;21,0093409463256;0,967741935483871;0,967741935483871
591;106,528824291992;31,0929268258799;0,967741935483871;0,967741935483871
592;91;7,83634935320091;0,483870967741936;0,483870967741936
593;91;7,91974783991967;0,483870967741936;0,483870967741936
594;91;10,9345366552636;0,483870967741936;0,483870967741936
595;91;11,0885632481914;0,483870967741936;0,483870967741936
596;105,94941313302;65,0822794552804;0,967741935483871;0,967741935483871
597;91;1,99243529231437;0,483870967741936;0,483870967741936
598;104,112460079343;33,9065710388375;0,967741935483871;0,967741935483871
599;112,472510792059;64,4337678237295;0,967741935483871;0,967741935483871
600;106,437708189606;38,7462220360111;0,967741935483871;0,967741935483871
601;91;8,40005629460919;0,483870967741936;0,483870967741936
602;107,088865225135;46,9724551632939;0,967741935483871;0,967741935483871
603;91;7,31958025271373;0,483870967741936;0,483870967741936
604;109,515707608569;72,9401473497881;0,967741935483871;0,967741935483871
605;102,932774728218;19,8886827736151;0,967741935483871;0,967741935483871
606;103,679391031654;27,1093676657668;0,967741935483871;0,967741935483871
607;107,96813403059;23,921827211075;0,967741935483871;0,967741935483871
608;109,123952592106;33,1866744137356;0,967741935483871;0,967741935483871
609;106,199397964281;40,6981155164309;0,967741935483871;0,967741935483871
610;91;2,47882970029967;0,483870967741936;0,483870967741936
611;91;14,9115258645565;0,483870967741936;0,483870967741936
612;105,873875191713;50,7749653278819;0,967741935483871;0,967741935483871
613;91;3,42265373700904;0,483870967741936;0,483870967741936
614;91;8,91513903187271;0,483870967741936;0,483870967741936
615;91;14,4255171572846;0,483870967741936;0,483870967741936
616;91;1,66304620342378;0,483870967741936;0,483870967741936
617;107,362384299458;25,1213390221932;0,967741935483871;0,967741935483871
618;91;6,12271455479391;0,483870967741936;0,483870967741936
619;105,726192733421;35,7104702410638;0,967741935483871;0,967741935483871
620;91;16,379069316811;0,483870967741936;0,483870967741936
621;105,817448172491;40,4547736229326;0,967741935483871;0,967741935483871
622;91;2,75243915325576;0,483870967741936;0,483870967741936
623;91;4,18726405386891;0,483870967741936;0,483870967741936
624;105,890176541901;42,3834778973857;0,967741935483871;0,967741935483871
625;91;4,52823337261687;0,483870967741936;0,483870967741936
626;105,691355337244;48,6780272609813;0,967741935483871;0,967741935483871
627;91;7,25922444636187;0,483870967741936;0,483870967741936
628;106,650953940323;46,4452903656977;0,967741935483871;0,967741935483871
629;91;27,8812648515411;0,483870967741936;0,483870967741936
630;104,923654097972;7,45100590295967;0,967741935483871;0,967741935483871
631;107,360400900121;53,7255732515452;0,967741935483871;0,967741935483871
632;103,731248130224;19,5157727921567;0,967741935483871;0,967741935483871
633;91;13,5040869572339;0,483870967741936;0,483870967741936
634;91;5,79749941897697;0,483870967741936;0,483870967741936
635;91;14,3408122328113;0,483870967741936;0,483870967741936
636;91;8,65602302268191;0,483870967741936;0,483870967741936
637;91;6,94395403625325;0,483870967741936;0,483870967741936
638;91;13,9377904164098;0,483870967741936;0,483870967741936
639;104,740677297994;29,5588246118182;0,967741935483871;0,967741935483871
640;104,094314657262;23,142252353945;0,967741935483871;0,967741935483871
641;91;12,5719477727667;0,483870967741936;0,483870967741936
642;106,304236853293;30,9433043891792;0,967741935483871;0,967741935483871
643;91;10,8503450113391;0,483870967741936;0,483870967741936
644;104,345568523946;44,1597339575324;0,967741935483871;0,967741935483871
645;104,833850320502;17,6617897350298;0,967741935483871;0,967741935483871
646;102,096333103003;33,2063993716357;0,967741935483871;0,967741935483871
647;105,602478293147;38,6864309864335;0,967741935483871;0,967741935483871
648;91;18,2908893129218;0,483870967741936;0,483870967741936
649;106,338131463386;62,1412774336219;0,967741935483871;0,967741935483871
650;91;13,5284533740767;0,483870967741936;0,483870967741936
651;106,268971011609;31,8296108783295;0,967741935483871;0,967741935483871
652;104,352551482922;14,7704693774428;0,967741935483871;0,967741935483871
653;102,457114707459;19,2385718663192;0,967741935483871;0,967741935483871
654;104,742448108921;24,5710401097279;0,967741935483871;0,967741935483871
655;111,092587761981;74,567007462174;0,967741935483871;0,967741935483871
656;91;3,12733222856666;0,483870967741936;0,483870967741936
657;91;7,51142072149641;0,483870967741936;0,483870967741936
658;91;19,5297775769056;0,483870967741936;0,483870967741936
659;105,47160162202;51,035904470427;0,967741935483871;0,967741935483871
660;91;0,986272049486416;0,483870967741936;0,483870967741936
661;91;12,2652789194373;0,483870967741936;0,483870967741936
662;91;5,05518875996218;0,483870967741936;0,483870967741936
663;108,303224457936;64,8210410903977;0,967741935483871;0,967741935483871
664;91;8,02834244444041;0,483870967741936;0,483870967741936
665;91;6,90400213047021;0,483870967741936;0,483870967741936
666;106,992159232125;21,0623570108275;0,967741935483871;0,967741935483871
667;91;2,67705846408902;0,483870967741936;0,483870967741936
668;105,333998262833;37,427881875833;0,967741935483871;0,967741935483871
669;108,798582068751;34,705502470214;0,967741935483871;0,967741935483871
670;91;4,9921287979536;0,483870967741936;0,483870967741936
671;103,986979154826;9,9734535631408;0,967741935483871;0,967741935483871
672;91;5,03189784328679;0,483870967741936;0,483870967741936
673;91;4,61581096658176;0,483870967741936;0,483870967741936
674;103,890285512068;19,5754650142092;0,967741935483871;0,967741935483871
675;105,84214608596;37,2357920866676;0,967741935483871;0,967741935483871
676;107,794256999677;56,912161176912;0,967741935483871;0,967741935483871
677;105,248282829792;44,9137283773312;0,967741935483871;0,967741935483871
678;105,96752813635;56,1564499517188;0,967741935483871;0,967741935483871
679;91;8,86126220676033;0,483870967741936;0,483870967741936
680;91;8,39136534833442;0,483870967741936;0,483870967741936
681;102,640266663559;14,7151776298267;0,967741935483871;0,967741935483871
682;105,463042041161;35,7609179776179;0,967741935483871;0,967741935483871
683;105,005277987877;38,769533446112;0,967741935483871;0,967741935483871
684;104,116076249106;30,1821473937587;0,967741935483871;0,967741935483871
685;91;1,09185864601036;0,483870967741936;0,483870967741936
686;108,661459741793;36,1963029208385;0,967741935483871;0,967741935483871
687;91;7,57156333390625;0,483870967741936;0,483870967741936
688;107,224192720567;39,2289605040671;0,967741935483871;0,967741935483871
689;91;7,45100873218231;0,483870967741936;0,483870967741936
690;91;13,1220753862771;0,483870967741936;0,483870967741936
691;105,117929659939;7,23216713269343;0,967741935483871;0,967741935483871
692;104,343627766882;22,9657344650736;0,967741935483871;0,967741935483871
693;91;6,59751921910973;0,483870967741936;0,483870967741936
694;91;13,7705748758477;0,483870967741936;0,483870967741936
695;91;2,76774523320946;0,483870967741936;0,483870967741936
696;91;4,32199413221779;0,483870967741936;0,483870967741936
697;107,86878922972;62,6107313084451;0,967741935483871;0,967741935483871
698;91;1,17033323113503;0,483870967741936;0,483870967741936
699;91;8,78526650641054;0,483870967741936;0,483870967741936
700;91;19,8677591549125;0,483870967741936;0,483870967741936
701;106,145218226218;33,7926881583335;0,967741935483871;0,967741935483871
702;91;12,2008958362052;0,483870967741936;0,483870967741936
703;105,753440883283;6,20551332013163;0,967741935483871;0,967741935483871
704;91;12,7610051894757;0,483870967741936;0,483870967741936
705;91;9,97524701230041;0,483870967741936;0,483870967741936
706;91;27,1526440843606;0,483870967741936;0,483870967741936
707;91;15,2920030843437;0,483870967741936;0,483870967741936
708;91;6,93619501017296;0,483870967741936;0,483870967741936
709;105,69303387359;26,571627263448;0,967741935483871;0,967741935483871
710;105,08346660061;34,6619105234476;0,967741935483871;0,967741935483871
711;91;21,1615763222193;0,483870967741936;0,483870967741936
712;91;1,51290253364979;0,483870967741936;0,483870967741936
713;102,401511429003;10,3029273479779;0,967741935483871;0,967741935483871
714;103,86223650347;12,4904694879346;0,967741935483871;0,967741935483871
715;105,193917467389;13,7766834463879;0,967741935483871;0,967741935483871
716;103,928752219009;33,4577852930778;0,967741935483871;0,967741935483871
717;108,714828632938;64,3295403748446;0,967741935483871;0,967741935483871
718;108,5676710918;47,7621255780552;0,967741935483871;0,967741935483871
719;105,464939594504;32,3852023396708;0,967741935483871;0,967741935483871
720;104,040438485579;10,9863216111893;0,967741935483871;0,967741935483871
721;91;2,05702249883107;0,483870967741936;0,483870967741936
722;103,59157074394;15,8929192387676;0,967741935483871;0,967741935483871
723;105,320184959681;28,3102525218241;0,967741935483871;0,967741935483871
724;91;3,06790363276652;0,483870967741936;0,483870967741936
725;91;16,7852870225437;0,483870967741936;0,483870967741936
726;104,164519421455;51,0473967416498;0,967741935483871;0,967741935483871
727;91;6,48743014926303;0,483870967741936;0,483870967741936
728;91;3,53378714310384;0,483870967741936;0,483870967741936
729;107,036698571379;36,4064900722108;0,967741935483871;0,967741935483871
730;91;4,61843678277037;0,483870967741936;0,483870967741936
731;103,771937128385;24,8256652648993;0,967741935483871;0,967741935483871
732;91;5,25385077148918;0,483870967741936;0,483870967741936
733;91;4,35305164434113;0,483870967741936;0,483870967741936
734;91;8,92742113336674;0,483870967741936;0,483870967741936
735;107,729997964314;14,2421552566308;0,967741935483871;0,967741935483871
736;105,625535720355;30,4350265349675;0,967741935483871;0,967741935483871
737;91;4,02982522865326;0,483870967741936;0,483870967741936
738;91;11,5820829144585;0,483870967741936;0,483870967741936
739;91;14,7408851146488;0,483870967741936;0,483870967741936
740;108,611356115108;56,4881252357629;0,967741935483871;0,967741935483871
741;91;16,4777474467343;0,483870967741936;0,483870967741936
742;105,730323427525;9,03013448665301;0,967741935483871;0,967741935483871
743;91;3,22867357879757;0,483870967741936;0,483870967741936
744;105,624466306824;24,3875318947016;0,967741935483871;0,967741935483871
745;91;17,2616919368313;0,483870967741936;0,483870967741936
746;91;7,75955734696922;0,483870967741936;0,483870967741936
747;109,419949617613;39,016944764661;0,967741935483871;0,967741935483871
748;91;11,5904339940096;0,483870967741936;0,483870967741936
749;91;6,75388051323478;0,483870967741936;0,483870967741936
750;91;6,95320930124035;0,483870967741936;0,483870967741936
751;104,65047416392;52,3373416295587;0,967741935483871;0,967741935483871
752;104,86127062383;13,2842971776014;0,967741935483871;0,967741935483871
753;107,241621859429;23,9222150800595;0,967741935483871;0,967741935483871
754;91;6,44626759179179;0,483870967741936;0,483870967741936
755;105,411327887643;10,7090390157119;0,967741935483871;0,967741935483871
756;91;5,54350034011053;0,483870967741936;0,483870967741936
757;91;5,30873474296242;0,483870967741936;0,483870967741936
758;91;1,46812974232464;0,483870967741936;0,483870967741936
759;106,021090954187;18,0052539753858;0,967741935483871;0,967741935483871
760;103,508170593;5,9765885294928;0,967741935483871;0,967741935483871
761;105,945508248027;19,8279022054047;0,967741935483871;0,967741935483871
762;103,681004552858;15,4220930889149;0,967741935483871;0,967741935483871
763;108,572175120287;28,5325835764284;0,967741935483871;0,967741935483871
764;91;20,7293733229717;0,483870967741936;0,483870967741936
765;103,46812449359;26,0698752489159;0,967741935483871;0,967741935483871
766;91;12,707925580626;0,483870967741936;0,483870967741936
767;106,26792214346;55,1303308559156;0,967741935483871;0,967741935483871
768;91;5,2174579027486;0,483870967741936;0,483870967741936
769;91;15,7190578808985;0,483870967741936;0,483870967741936
770;91;13,082145595369;0,483870967741936;0,483870967741936
771;103,766241417198;18,2871226885446;0,967741935483871;0,967741935483871
772;91;4,27738876472673;0,483870967741936;0,483870967741936
773;103,156881563402;23,8732377096027;0,967741935483871;0,967741935483871
774;91;8,04169238258004;0,483870967741936;0,483870967741936
775;91;15,0101830011716;0,483870967741936;0,483870967741936
776;91;4,95441878499777;0,483870967741936;0,483870967741936
777;91;1,72893828439999;0,483870967741936;0,483870967741936
778;91;6,44104754998679;0,483870967741936;0,483870967741936
779;91;17,8159607529795;0,483870967741936;0,483870967741936
780;105,735584713883;39,5407757283539;0,967741935483871;0,967741935483871
781;91;1,54034338817061;0,483870967741936;0,483870967741936
782;113,318985600521;98,2029442841768;0,967741935483871;0,967741935483871
783;91;10,9243845670537;0,483870967741936;0,483870967741936
784;91;8,25037157451909;0,483870967741936;0,483870967741936
785;108,255681164839;54,213560486998;0,967741935483871;0,967741935483871
786;105,656565760788;22,1678048810535;0,967741935483871;0,967741935483871
787;106,731039730494;63,5498262526193;0,967741935483871;0,967741935483871
788;91;3,01416646913635;0,483870967741936;0,483870967741936
789;107,426780005734;45,5909679830589;0,967741935483871;0,967741935483871
790;104,863627983726;16,7262897931338;0,967741935483871;0,967741935483871
791;104,699807998167;5,84062591087842;0,967741935483871;0,967741935483871
792;91;6,52196462623468;0,483870967741936;0,483870967741936
793;108,315688734017;39,0480597142581;0,967741935483871;0,967741935483871
794;91;3,24119291975794;0,483870967741936;0,483870967741936
795;105,040157726426;15,437162293039;0,967741935483871;0,967741935483871
796;104,969952061231;34,4703749853585;0,967741935483871;0,967741935483871
797;104,947544994441;5,64185763576328;0,967741935483871;0,967741935483871
798;91;6,0202750752727;0,483870967741936;0,483870967741936
799;91;1,20106788718961;0,483870967741936;0,483870967741936
800;91;10,2422827466818;0,483870967741936;0,483870967741936
801;103,738768937377;26,9647832271904;0,967741935483871;0,967741935483871
802;103,784644493758;21,3882495649762;0,967741935483871;0,967741935483871
803;103,436376147657;16,0485078467951;0,967741935483871;0,967741935483871
804;102,240921804818;20,6834166790638;0,967741935483871;0,967741935483871
805;104,787718654087;28,7950588605412;0,967741935483871;0,967741935483871
806;91;2,41905777711889;0,483870967741936;0,483870967741936
807;103,885814013819;11,5952667241315;0,967741935483871;0,967741935483871
808;105,473886867783;53,7260945326967;0,967741935483871;0,967741935483871
809;91;9,23622658704711;0,483870967741936;0,483870967741936
810;104,880930187829;12,259427582744;0,967741935483871;0,967741935483871
811;91;21,596080171362;0,483870967741936;0,483870967741936
812;91;4,61937509977741;0,483870967741936;0,483870967741936
813;102,44470943097;16,2571894054895;0,967741935483871;0,967741935483871
814;105,379294695939;22,1128829509216;0,967741935483871;0,967741935483871
815;102,186628406261;33,0545655833391;0,967741935483871;0,967741935483871
816;91;1,04494489504786;0,483870967741936;0,483870967741936
817;91;6,29983264908044;0,483870967741936;0,483870967741936
818;106,079590339966;15,5063121456238;0,967741935483871;0,967741935483871
819;105,468894074463;23,1931125179646;0,967741935483871;0,967741935483871
820;103,872899429134;18,7776251820081;0,967741935483871;0,967741935483871
821;104,760905315578;16,7296024549675;0,967741935483871;0,967741935483871
822;91;16,746558295993;0,483870967741936;0,483870967741936
823;104,883382588613;18,6099695251719;0,967741935483871;0,967741935483871
824;104,424806807937;15,7788572138868;0,967741935483871;0,967741935483871
825;106,143234652842;17,7325721765122;0,967741935483871;0,967741935483871
826;105,963496260698;29,4485597406348;0,967741935483871;0,967741935483871
827;91;3,99031083644831;0,483870967741936;0,483870967741936
828;91;5,37123649924097;0,483870967741936;0,483870967741936
829;91;4,98995719974345;0,483870967741936;0,483870967741936
830;91;4,89144690258535;0,483870967741936;0,483870967741936
831;91;7,36704092151759;0,483870967741936;0,483870967741936
832;91;7,42289277294034;0,483870967741936;0,483870967741936
833;104,121888255437;22,5097184054818;0,967741935483871;0,967741935483871
834;108,554431168559;52,4900157774533;0,967741935483871;0,967741935483871
835;91;2,60959960847947;0,483870967741936;0,483870967741936
836;91;4,74570319959436;0,483870967741936;0,483870967741936
837;105,614879654347;10,6875528563625;0,967741935483871;0,967741935483871
838;91;6,63412866575275;0,483870967741936;0,483870967741936
839;104,401881986913;13,001321044148;0,967741935483871;0,967741935483871
840;104,563667003321;4,1538799059497;0,967741935483871;0,967741935483871
841;107,797217736949;18,4179084976442;0,967741935483871;0,967741935483871
842;91;2,74143529299544;0,483870967741936;0,483870967741936
843;91;5,20290069744952;0,483870967741936;0,483870967741936
844;91;7,65244483001875;0,483870967741936;0,483870967741936
845;104,370804162094;59,2699122914571;0,967741935483871;0,967741935483871
846;91;3,3802912057112;0,483870967741936;0,483870967741936
847;105,991722968529;53,9789523731339;0,967741935483871;0,967741935483871
848;107,517321205734;30,762305149354;0,967741935483871;0,967741935483871
849;91;16,8823744149157;0,483870967741936;0,483870967741936
850;91;6,76087135158433;0,483870967741936;0,483870967741936
851;104,019411224549;18,3683363922496;0,967741935483871;0,967741935483871
852;91;1,06114153399684;0,483870967741936;0,483870967741936
853;91;1,46776114005121;0,483870967741936;0,483870967741936
854;106,839720884918;23,7109268412734;0,967741935483871;0,967741935483871
855;104,854775858997;22,3411259745911;0,967741935483871;0,967741935483871
856;104,949051841179;9,79296290754262;0,967741935483871;0,967741935483871
857;104,304523806399;37,7962402442503;0,967741935483871;0,967741935483871
858;91;8,98331287003494;0,483870967741936;0,483870967741936
859;91;3,05998490346148;0,483870967741936;0,483870967741936
860;91;14,2885231365335;0,483870967741936;0,483870967741936
861;91;0,528507792388698;0,483870967741936;0,483870967741936
862;104,519920206146;31,809223995991;0,967741935483871;0,967741935483871
863;91;4,95014021550334;0,483870967741936;0,483870967741936
864;103,861201225624;9,18479310542986;0,967741935483871;0,967741935483871
865;104,60049564206;11,8978401902958;0,967741935483871;0,967741935483871
866;91;0,0672184265470435;0,483870967741936;0,483870967741936
867;104,997056263781;6,69163212060221;0,967741935483871;0,967741935483871
868;91;4,2462603348348;0,483870967741936;0,483870967741936
869;103,773111640594;14,9103384379173;0,967741935483871;0,967741935483871
870;91;16,6926186930146;0,483870967741936;0,483870967741936
871;91;4,00209810731752;0,483870967741936;0,483870967741936
872;106,65052342379;30,0530723965523;0,967741935483871;0,967741935483871
873;91;27,552982502676;0,483870967741936;0,483870967741936
874;91;4,28365476218774;0,483870967741936;0,483870967741936
875;91;20,362900046632;0,483870967741936;0,483870967741936
876;105,043940690923;20,5543855468218;0,967741935483871;0,967741935483871
877;91;26,8402942196712;0,483870967741936;0,483870967741936
878;103,198851860966;12,0380310006864;0,967741935483871;0,967741935483871
879;91;3,47325933102357;0,483870967741936;0,483870967741936
880;91;24,5171487502499;0,483870967741936;0,483870967741936
881;108,581383075216;29,6017689068759;0,967741935483871;0,967741935483871
882;91;28,6307616420158;0,483870967741936;0,483870967741936
883;91;9,50101626780721;0,483870967741936;0,483870967741936
884;107,497220041349;21,9591970891425;0,967741935483871;0,967741935483871
885;107,515718497014;41,5477337170934;0,967741935483871;0,967741935483871
886;91;5,97793648883384;0,483870967741936;0,483870967741936
887;91;1,71307855002874;0,483870967741936;0,483870967741936
888;105,672478912554;40,3830763258448;0,967741935483871;0,967741935483871
889;105,205823162407;20,8441173197572;0,967741935483871;0,967741935483871
890;91;26,6707223991973;0,483870967741936;0,483870967741936
891;91;7,20930364415351;0,483870967741936;0,483870967741936
892;104,600043313839;18,3586782617619;0,967741935483871;0,967741935483871
893;91;11,9213917670944;0,483870967741936;0,483870967741936
894;91;17,633185363845;0,483870967741936;0,483870967741936
895;91;5,61164631821277;0,483870967741936;0,483870967741936
896;103,287747035708;22,9397059089494;0,967741935483871;0,967741935483871
897;91;1,82784881017108;0,483870967741936;0,483870967741936
898;91;5,73013472283873;0,483870967741936;0,483870967741936
899;91;6,96322117664583;0,483870967741936;0,483870967741936
900;91;14,9212593150004;0,483870967741936;0,483870967741936
901;103,395916607813;4,51746372660857;0,967741935483871;0,967741935483871
902;109,460109127945;44,6899740443904;0,967741935483871;0,967741935483871
903;91;9,95715322442454;0,483870967741936;0,483870967741936
904;91;12,5792190759877;0,483870967741936;0,483870967741936
905;104,871047229703;8,92191787417898;0,967741935483871;0,967741935483871
906;91;2,20555163299218;0,483870967741936;0,483870967741936
907;103,93531020238;15,1852691454417;0,967741935483871;0,967741935483871
908;91;4,54960002730958;0,483870967741936;0,483870967741936
909;91;5,5932782385582;0,483870967741936;0,483870967741936
910;91;4,54965708188168;0,483870967741936;0,483870967741936
911;91;12,748813045019;0,483870967741936;0,483870967741936
912;105,78724885782;33,281394849953;0,967741935483871;0,967741935483871
913;108,966879419075;45,5861329501082;0,967741935483871;0,967741935483871
914;91;5,92211352937717;0,483870967741936;0,483870967741936
915;107,05276752763;35,5432885789941;0,967741935483871;0,967741935483871
916;105,169675081512;23,961559357709;0,967741935483871;0,967741935483871
917;105,572675422296;52,2633947126287;0,967741935483871;0,967741935483871
918;91;15,5450534541767;0,483870967741936;0,483870967741936
919;106,026989452017;9,86447009218651;0,967741935483871;0,967741935483871
920;91;9,6858224802239;0,483870967741936;0,483870967741936
921;91;5,50742124604621;0,483870967741936;0,483870967741936
922;104,036209906646;9,07611849382374;0,967741935483871;0,967741935483871
923;103,940984418458;32,983783476259;0,967741935483871;0,967741935483871
924;91;1,50031908971756;0,483870967741936;0,483870967741936
925;91;2,06558658273281;0,483870967741936;0,483870967741936
926;91;2,54629793088251;0,483870967741936;0,483870967741936
927;103,852001966912;48,1528429883132;0,967741935483871;0,967741935483871
928;91;3,25587038973067;0,483870967741936;0,483870967741936
929;91;7,12609832654531;0,483870967741936;0,483870967741936
930;91;3,2503708307956;0,483870967741936;0,483870967741936
931;108,811725973856;40,5292407904404;0,967741935483871;0,967741935483871
932;91;7,20679139496858;0,483870967741936;0,483870967741936
933;107,260885047583;33,5767020023958;0,967741935483871;0,967741935483871
934;104,893716736007;6,74679443950493;0,967741935483871;0,967741935483871
935;103,462677780988;28,5841218624616;0,967741935483871;0,967741935483871
936;105,939786926765;25,7718866513674;0,967741935483871;0,967741935483871
937;91;7,53585509748316;0,483870967741936;0,483870967741936
938;91;15,4657650383397;0,483870967741936;0,483870967741936
939;91;6,43904109662528;0,483870967741936;0,483870967741936
940;104,289000957916;22,5088653978193;0,967741935483871;0,967741935483871
941;91;2,10278489403749;0,483870967741936;0,483870967741936
942;91;8,34619268745965;0,483870967741936;0,483870967741936
943;91;9,6124627206443;0,483870967741936;0,483870967741936
944;91;0,158992549724367;0,483870967741936;0,483870967741936
945;91;1,98216821351276;0,483870967741936;0,483870967741936
946;91;3,49118338351109;0,483870967741936;0,483870967741936
947;91;10,9912637457965;0,483870967741936;0,483870967741936
948;91;9,67123693006993;0,483870967741936;0,483870967741936
949;91;12,3308622912361;0,483870967741936;0,483870967741936
950;102,906976564378;21,1006354687237;0,967741935483871;0,967741935483871
951;91;22,4140191630881;0,483870967741936;0,483870967741936
952;108,851340125457;62,2385066655154;0,967741935483871;0,967741935483871
953;104,989404217286;35,8190196817774;0,967741935483871;0,967741935483871
954;107,119234442215;17,8559079180795;0,967741935483871;0,967741935483871
955;91;6,03607066759518;0,483870967741936;0,483870967741936
956;91;10,6448798181559;0,483870967741936;0,483870967741936
957;91;11,2100104984042;0,483870967741936;0,483870967741936
958;109,075032879425;56,3786375360909;0,967741935483871;0,967741935483871
959;104,407353420094;34,6967389421881;0,967741935483871;0,967741935483871
960;91;5,20993556751986;0,483870967741936;0,483870967741936
961;91;5,13694972934712;0,483870967741936;0,483870967741936
962;103,313719515656;21,1598451864814;0,967741935483871;0,967741935483871
963;91;17,1766491441845;0,483870967741936;0,483870967741936
964;91;6,50033791783486;0,483870967741936;0,483870967741936
965;91;14,1357228637802;0,483870967741936;0,483870967741936
966;91;3,31312279464657;0,483870967741936;0,483870967741936
967;107,895687671347;43,6261595728747;0,967741935483871;0,967741935483871
968;91;9,81492633361449;0,483870967741936;0,483870967741936
969;105,924216413986;38,33376862856;0,967741935483871;0,967741935483871
970;91;16,4345921047284;0,483870967741936;0,483870967741936
971;91;11,8462611076247;0,483870967741936;0,483870967741936
972;104,881047921981;36,4808069756838;0,967741935483871;0,967741935483871
973;105,439897430776;33,9480825512324;0,967741935483871;0,967741935483871
974;104,506079673336;7,71594304235654;0,967741935483871;0,967741935483871
975;91;8,07124488207135;0,483870967741936;0,483870967741936
976;104,765633898388;24,2617526023324;0,967741935483871;0,967741935483871
977;106,120448443066;21,6619649503656;0,967741935483871;0,967741935483871
978;106,867109706242;22,9654339606112;0,967741935483871;0,967741935483871
979;91;7,58506772309897;0,483870967741936;0,483870967741936
980;109,342320095584;62,9273662704091;0,967741935483871;0,967741935483871
981;105,313195953268;11,8859619901658;0,967741935483871;0,967741935483871
982;104,382792450959;19,4474446571452;0,967741935483871;0,967741935483871
983;104,566150993647;17,4670520254982;0,967741935483871;0,967741935483871
984;108,467691708728;53,7871003572655;0,967741935483871;0,967741935483871
985;91;4,29223833682364;0,483870967741936;0,483870967741936
986;104,364288159204;6,92846351372711;0,967741935483871;0,967741935483871
987;91;4,53704802667649;0,483870967741936;0,483870967741936
988;112,207495224164;77,3752238379476;0,967741935483871;0,967741935483871
989;91;1,71583240570579;0,483870967741936;0,483870967741936
990;91;12,8133340874773;0,483870967741936;0,483870967741936
991;106,847762698061;17,6549691785239;0,967741935483871;0,967741935483871
992;104,833055714785;18,3566075740315;0,967741935483871;0,967741935483871
993;104,982391856768;22,102818508968;0,967741935483871;0,967741935483871
994;105,229943710476;19,9428612402281;0,967741935483871;0,967741935483871
995;106,432698681523;24,1198310743916;0,967741935483871;0,967741935483871
996;103,198641836379;25,4902696810439;0,967741935483871;0,967741935483871
997;105,315171429399;23,4980249671451;0,967741935483871;0,967741935483871
998;91;10,5662251976025;0,483870967741936;0,483870967741936
999;104,635051889581;19,6015050963987;0,967741935483871;0,967741935483871
