0;241,143314940493;254,071595758574;0,99009900990099;0,99009900990099
1;249,599097082381;367,448140680287;0,99009900990099;0,99009900990099
2;237;52,2189680963548;0,257425742574257;0,257425742574257
3;237;59,6352034592507;0,257425742574257;0,257425742574257
4;237;65,3994833732783;0,257425742574257;0,257425742574257
5;237;42,6775653010935;0,257425742574257;0,257425742574257
6;237;54,5767465302414;0,257425742574257;0,257425742574257
7;238,557908662039;241,584203127721;0,99009900990099;0,99009900990099
8;237;57,5184351344524;0,257425742574257;0,257425742574257
9;245,721724068803;146,190587552776;0,99009900990099;0,99009900990099
10;240,226680047517;162,173723021857;0,99009900990099;0,99009900990099
11;237;55,9574509465963;0,257425742574257;0,257425742574257
12;237;60,5747208973721;0,257425742574257;0,257425742574257
13;237;63,85899167138;0,257425742574257;0,257425742574257
14;237;55,2631761084087;0,257425742574257;0,257425742574257
15;239,332506920901;253,290323507274;0,99009900990099;0,99009900990099
16;237;58,8811288175793;0,257425742574257;0,257425742574257
17;243,95510430152;254,137605121781;0,99009900990099;0,99009900990099
18;238,58170187887;165,800898066963;0,99009900990099;0,99009900990099
19;237;58,6792631573167;0,257425742574257;0,257425742574257
20;243,124830154984;397,661983046209;0,99009900990099;0,99009900990099
21;237;50,0183924530633;0,257425742574257;0,257425742574257
22;237;60,238658745863;0,257425742574257;0,257425742574257
23;237;41,8859867794708;0,257425742574257;0,257425742574257
24;237;53,8992936820853;0,257425742574257;0,257425742574257
25;237;50,0703873177687;0,257425742574257;0,257425742574257
26;238,518130920595;132,487539502729;0,99009900990099;0,99009900990099
27;237;51,6773081571518;0,257425742574257;0,257425742574257
28;239,469576248927;162,042702238416;0,99009900990099;0,99009900990099
29;237;42,324250042627;0,257425742574257;0,257425742574257
30;238,288415496827;188,963975047148;0,99009900990099;0,99009900990099
31;237;26,5871800109332;0,257425742574257;0,257425742574257
32;237;51,9172107230824;0,257425742574257;0,257425742574257
33;237;51,4279754556361;0,257425742574257;0,257425742574257
34;237;56,8250483648244;0,257425742574257;0,257425742574257
35;237;56,969754505081;0,257425742574257;0,257425742574257
36;240,273873128845;164,914155682113;0,99009900990099;0,99009900990099
37;237;36,3437537078312;0,257425742574257;0,257425742574257
38;237;74,5524942408149;0,257425742574257;0,257425742574257
39;242,105406985823;192,291255524941;0,99009900990099;0,99009900990099
40;237;59,6934766348356;0,257425742574257;0,257425742574257
41;237,583367822936;135,216650663678;0,99009900990099;0,99009900990099
42;236,697313406358;139,108611062098;0,99009900990099;0,99009900990099
43;237;62,3384031798201;0,257425742574257;0,257425742574257
44;237;50,2740124418193;0,257425742574257;0,257425742574257
45;237;47,8621571909205;0,257425742574257;0,257425742574257
46;237;161,913122821115;0,762376237623762;0,762376237623762
47;237;45,2362222789919;0,257425742574257;0,257425742574257
48;236,745425055801;154,226800742191;0,99009900990099;0,99009900990099
49;244,863825621651;248,892938896543;0,99009900990099;0,99009900990099
50;242,438272198047;259,544363626917;0,99009900990099;0,99009900990099
51;237;65,3262358798932;0,257425742574257;0,257425742574257
52;237;177,953154232271;0,712871287128713;0,712871287128713
53;238,467388961877;242,912622623993;0,99009900990099;0,99009900990099
54;237;67,2181683033248;0,257425742574257;0,257425742574257
55;237;50,4028804417117;0,257425742574257;0,257425742574257
56;239,025858697403;141,398666254029;0,99009900990099;0,99009900990099
57;240,659200104927;127,982878036385;0,99009900990099;0,99009900990099
58;237;47,7427022707051;0,257425742574257;0,257425742574257
59;240,131241807105;138,981879678383;0,99009900990099;0,99009900990099
60;237;54,7926680055871;0,257425742574257;0,257425742574257
61;248,00391631779;343,829717531159;0,99009900990099;0,99009900990099
62;241,152649260285;207,290464072795;0,99009900990099;0,99009900990099
63;241,908566965177;107,337796626346;0,99009900990099;0,99009900990099
64;237;60,8074626749097;0,257425742574257;0,257425742574257
65;237;39,9495312537293;0,257425742574257;0,257425742574257
66;237;59,291307733022;0,257425742574257;0,257425742574257
67;240,655876886231;150,990133207214;0,99009900990099;0,99009900990099
68;241,127379272442;134,300916899991;0,99009900990099;0,99009900990099
69;238,827470825144;152,990666916065;0,99009900990099;0,99009900990099
70;238,978543375528;171,637992054119;0,99009900990099;0,99009900990099
71;237,71674820398;170,140115053567;0,99009900990099;0,99009900990099
72;243,379589540182;242,655326186324;0,99009900990099;0,99009900990099
73;243,389037773316;253,873763945118;0,99009900990099;0,99009900990099
74;237;57,8630946560739;0,257425742574257;0,257425742574257
75;237;64,6791977784667;0,257425742574257;0,257425742574257
76;237;52,1044409726743;0,257425742574257;0,257425742574257
77;237;48,019713292607;0,257425742574257;0,257425742574257
78;237;61,6646098281563;0,257425742574257;0,257425742574257
79;237;47,7361958901649;0,257425742574257;0,257425742574257
80;242,085880899367;121,539427212695;0,99009900990099;0,99009900990099
81;246,710494622286;233,184272358449;0,99009900990099;0,99009900990099
82;237;51,2723383611111;0,257425742574257;0,257425742574257
83;237;128,651031183054;0,683168316831683;0,683168316831683
84;242,302735346693;244,80427473397;0,99009900990099;0,99009900990099
85;241,397378201528;241,33706865703;0,99009900990099;0,99009900990099
86;237;57,4149667101496;0,257425742574257;0,257425742574257
87;242,775727289957;187,457727422269;0,99009900990099;0,99009900990099
88;237;45,0095596171984;0,257425742574257;0,257425742574257
89;242,749562315555;199,960352608265;0,99009900990099;0,99009900990099
90;237;44,2268518992862;0,257425742574257;0,257425742574257
91;237;47,4684995377341;0,257425742574257;0,257425742574257
92;237,709298715658;189,252933074048;0,99009900990099;0,99009900990099
93;242,556223576434;206,219434439873;0,99009900990099;0,99009900990099
94;237;60,6805161684874;0,257425742574257;0,257425742574257
95;244,08947813941;201,559562097558;0,99009900990099;0,99009900990099
96;237;57,2153002642262;0,257425742574257;0,257425742574257
97;241,856995667514;144,467850035919;0,99009900990099;0,99009900990099
98;242,235376559227;212,574269350838;0,99009900990099;0,99009900990099
99;237;136,916703439201;0,762376237623762;0,762376237623762
100;244,329365944521;233,317453380043;0,99009900990099;0,99009900990099
101;237;105,948725009486;0,712871287128713;0,712871287128713
102;242,042427032645;250,136377038115;0,99009900990099;0,99009900990099
103;237;44,8427692171025;0,257425742574257;0,257425742574257
104;237;53,3004083562052;0,257425742574257;0,257425742574257
105;239,154270864784;114,828941497029;0,99009900990099;0,99009900990099
106;237;51,5101617754192;0,257425742574257;0,257425742574257
107;237;43,4302441939916;0,257425742574257;0,257425742574257
108;244,530720129528;281,436813340262;0,99009900990099;0,99009900990099
109;245,225491418537;291,193194310446;0,99009900990099;0,99009900990099
110;237;44,1775243903669;0,257425742574257;0,257425742574257
111;241,730641146373;216,999336529302;0,99009900990099;0,99009900990099
112;242,263605360936;185,857803503177;0,99009900990099;0,99009900990099
113;237;45,0577294791771;0,257425742574257;0,257425742574257
114;237;52,0606120013242;0,257425742574257;0,257425742574257
115;237;148,244292140927;0,722772277227723;0,722772277227723
116;237,830445811334;118,612013406595;0,99009900990099;0,99009900990099
117;237;65,0191355240009;0,257425742574257;0,257425742574257
118;242,091699255275;189,287653311459;0,99009900990099;0,99009900990099
119;242,504217039338;262,418216753476;0,99009900990099;0,99009900990099
120;238,080606231968;135,962777465883;0,99009900990099;0,99009900990099
121;239,886174065535;130,069824139805;0,99009900990099;0,99009900990099
122;248,659422054188;386,470719570968;0,99009900990099;0,99009900990099
123;242,470627830004;230,047289159649;0,99009900990099;0,99009900990099
124;237;45,1105658211157;0,257425742574257;0,257425742574257
125;237;57,9788506160668;0,257425742574257;0,257425742574257
126;239,95520363429;218,418738578332;0,99009900990099;0,99009900990099
127;237;50,0249789608442;0,257425742574257;0,257425742574257
128;238,530564454836;87,0536421536123;0,99009900990099;0,99009900990099
129;237;57,2271914988405;0,257425742574257;0,257425742574257
130;237;55,9112009587051;0,257425742574257;0,257425742574257
131;237;49,2567534673991;0,257425742574257;0,257425742574257
132;239,317446171819;122,628016102336;0,99009900990099;0,99009900990099
133;237;47,4379707097569;0,257425742574257;0,257425742574257
134;240,824186344568;134,081136205418;0,99009900990099;0,99009900990099
135;237;56,8438523462056;0,257425742574257;0,257425742574257
136;237;62,4680095447045;0,257425742574257;0,257425742574257
137;237;41,7036285979018;0,257425742574257;0,257425742574257
138;240,54278757007;246,730189586206;0,99009900990099;0,99009900990099
139;237;43,5626983094011;0,257425742574257;0,257425742574257
140;239,13612358466;261,731436294187;0,99009900990099;0,99009900990099
141;237;40,3045477313913;0,257425742574257;0,257425742574257
142;239,472206366609;115,821937322771;0,99009900990099;0,99009900990099
143;237;51,9485087125892;0,257425742574257;0,257425742574257
144;239,096326001658;137,255486299444;0,99009900990099;0,99009900990099
145;247,089339493661;238,210746749624;0,99009900990099;0,99009900990099
146;237;52,5360891856313;0,257425742574257;0,257425742574257
147;237;59,4851333220401;0,257425742574257;0,257425742574257
148;237;56,7384126702616;0,257425742574257;0,257425742574257
149;237;64,8837557397909;0,257425742574257;0,257425742574257
150;237,402234629148;197,563858483617;0,99009900990099;0,99009900990099
151;237;48,4344568564736;0,257425742574257;0,257425742574257
152;237;58,7182844241767;0,257425742574257;0,257425742574257
153;237;118,457092143823;0,712871287128713;0,712871287128713
154;238,527156502677;177,563809343409;0,99009900990099;0,99009900990099
155;246,716683237074;243,725815674111;0,99009900990099;0,99009900990099
156;237;46,8762789731022;0,257425742574257;0,257425742574257
157;243,020254134869;240,614696889133;0,99009900990099;0,99009900990099
158;237;46,662538488702;0,257425742574257;0,257425742574257
159;238,00186786595;151,3511730859;0,99009900990099;0,99009900990099
160;237;68,9440510160416;0,257425742574257;0,257425742574257
161;239,470998525313;128,714304275077;0,99009900990099;0,99009900990099
162;237;51,9271514516629;0,257425742574257;0,257425742574257
163;237,518818759924;229,198408972914;0,99009900990099;0,99009900990099
164;237;48,7131756811745;0,257425742574257;0,257425742574257
165;241,518655889326;162,824499076873;0,99009900990099;0,99009900990099
166;237;47,3260301054085;0,257425742574257;0,257425742574257
167;238,107755272845;160,762311964286;0,99009900990099;0,99009900990099
168;237;40,8457479365141;0,257425742574257;0,257425742574257
169;239,240588357131;106,277398660333;0,99009900990099;0,99009900990099
170;237;67,1514481922947;0,257425742574257;0,257425742574257
171;239,440157190828;137,6478446046;0,99009900990099;0,99009900990099
172;237;58,2607128682419;0,257425742574257;0,257425742574257
173;237;57,7364084030982;0,257425742574257;0,257425742574257
174;237;60,1784458452288;0,257425742574257;0,257425742574257
175;241,616418214474;196,864900331736;0,99009900990099;0,99009900990099
176;237;51,6268814816479;0,257425742574257;0,257425742574257
177;237;49,5499536939745;0,257425742574257;0,257425742574257
178;237;34,0624535697156;0,257425742574257;0,257425742574257
179;242,1909370156;136,016595559252;0,99009900990099;0,99009900990099
180;239,342057120768;89,5822608133689;0,99009900990099;0,99009900990099
181;237;44,089386169387;0,257425742574257;0,257425742574257
182;237;54,2092578830315;0,257425742574257;0,257425742574257
183;237;71,8200922454087;0,257425742574257;0,257425742574257
184;240,672593365643;299,830605635572;0,99009900990099;0,99009900990099
185;239,176499048671;160,085589037848;0,99009900990099;0,99009900990099
186;238,389505220699;109,746644508167;0,99009900990099;0,99009900990099
187;242,561635784412;132,974278585439;0,99009900990099;0,99009900990099
188;237;53,8843444790802;0,257425742574257;0,257425742574257
189;237;50,3232433922251;0,257425742574257;0,257425742574257
190;239,185518828334;156,312657628972;0,99009900990099;0,99009900990099
191;237;57,917194403506;0,257425742574257;0,257425742574257
192;237;58,4230252874053;0,257425742574257;0,257425742574257
193;237;47,4073671309794;0,257425742574257;0,257425742574257
194;237;46,6890569852582;0,257425742574257;0,257425742574257
195;240,861192162566;173,026954906895;0,99009900990099;0,99009900990099
196;241,890142514503;210,242587242957;0,99009900990099;0,99009900990099
197;237;40,5746254442655;0,257425742574257;0,257425742574257
198;239,729718178662;164,456893538999;0,99009900990099;0,99009900990099
199;237;51,2280234781674;0,257425742574257;0,257425742574257
200;241,20029250316;173,611708632476;0,99009900990099;0,99009900990099
201;237;63,2600788246121;0,257425742574257;0,257425742574257
202;242,690844826721;325,502938883869;0,99009900990099;0,99009900990099
203;239,143964504249;102,258454303514;0,99009900990099;0,99009900990099
204;237,260915063023;190,21492738969;0,99009900990099;0,99009900990099
205;244,245141227025;262,672623191628;0,99009900990099;0,99009900990099
206;243,256426128852;246,412614677113;0,99009900990099;0,99009900990099
207;237,714302904263;125,154627096016;0,99009900990099;0,99009900990099
208;237;52,0376791794841;0,257425742574257;0,257425742574257
209;237;47,4936026137777;0,257425742574257;0,257425742574257
210;237,479910777114;209,014782277439;0,99009900990099;0,99009900990099
211;237;61,9714505034047;0,257425742574257;0,257425742574257
212;237;37,2313338778654;0,257425742574257;0,257425742574257
213;237;47,0278091766279;0,257425742574257;0,257425742574257
214;237;44,2883201800532;0,257425742574257;0,257425742574257
215;241,018706655337;296,206158926369;0,99009900990099;0,99009900990099
216;237;51,841427704317;0,257425742574257;0,257425742574257
217;237,607303083142;143,932420486952;0,99009900990099;0,99009900990099
218;242,071104712728;225,447095642607;0,99009900990099;0,99009900990099
219;237;60,6786225263418;0,257425742574257;0,257425742574257
220;237;40,5499496565376;0,257425742574257;0,257425742574257
221;237;49,1184788697251;0,257425742574257;0,257425742574257
222;237,930245766533;147,945051181456;0,99009900990099;0,99009900990099
223;237;41,9591456006855;0,257425742574257;0,257425742574257
224;237;56,4253247457842;0,257425742574257;0,257425742574257
225;237;44,2734761590162;0,257425742574257;0,257425742574257
226;237;62,0782991641944;0,257425742574257;0,257425742574257
227;237;100,324237131618;0,504950495049505;0,504950495049505
228;237;206,110252585291;0,683168316831683;0,683168316831683
229;237;59,0169315492742;0,257425742574257;0,257425742574257
230;240,443972302244;200,072043963117;0,99009900990099;0,99009900990099
231;237;53,4363752831654;0,257425742574257;0,257425742574257
232;238,2122715736;204,705432895352;0,99009900990099;0,99009900990099
233;237;58,8903398877572;0,257425742574257;0,257425742574257
234;237;51,4778652154694;0,257425742574257;0,257425742574257
235;237;59,8449467358538;0,257425742574257;0,257425742574257
236;237;154,77388663706;0,712871287128713;0,712871287128713
237;238,514431796674;146,630670254885;0,99009900990099;0,99009900990099
238;241,311875097049;188,028058077674;0,99009900990099;0,99009900990099
239;237;46,4429278615418;0,257425742574257;0,257425742574257
240;240,513460173891;167,004672442472;0,99009900990099;0,99009900990099
241;237;41,6549970766383;0,257425742574257;0,257425742574257
242;238,911694794441;189,713815254961;0,99009900990099;0,99009900990099
243;237;53,5208922938027;0,257425742574257;0,257425742574257
244;238,226413044682;111,155444616145;0,99009900990099;0,99009900990099
245;237;70,2607115759701;0,257425742574257;0,257425742574257
246;237;47,7136895561166;0,257425742574257;0,257425742574257
247;237;44,0954311155628;0,257425742574257;0,257425742574257
248;239,221465283412;207,095064797154;0,99009900990099;0,99009900990099
249;237;57,1550570905613;0,257425742574257;0,257425742574257
250;237,831963749146;114,316180310112;0,99009900990099;0,99009900990099
251;237;57,7347357188116;0,257425742574257;0,257425742574257
252;241,39496609175;184,030176293567;0,99009900990099;0,99009900990099
253;237;39,2780923023745;0,257425742574257;0,257425742574257
254;237;54,7529070128958;0,257425742574257;0,257425742574257
255;241,490388493532;271,117723763063;0,99009900990099;0,99009900990099
256;237;58,5130948362548;0,257425742574257;0,257425742574257
257;240,803821924343;165,239536916566;0,99009900990099;0,99009900990099
258;237;46,0583492634038;0,257425742574257;0,257425742574257
259;244,877528079229;139,63580304563;0,99009900990099;0,99009900990099
260;237;55,185881175214;0,257425742574257;0,257425742574257
261;237;46,0220154624682;0,257425742574257;0,257425742574257
262;237;59,1998872909484;0,257425742574257;0,257425742574257
263;239,683050479915;92,3891026648247;0,99009900990099;0,99009900990099
264;239,711642408622;136,979586759984;0,99009900990099;0,99009900990099
265;237;59,9819897461914;0,257425742574257;0,257425742574257
266;237;48,702734565825;0,257425742574257;0,257425742574257
267;237;47,0152507683348;0,257425742574257;0,257425742574257
268;237;49,545520755716;0,257425742574257;0,257425742574257
269;243,019498675208;176,645992730367;0,99009900990099;0,99009900990099
270;242,542486764741;204,073560438248;0,99009900990099;0,99009900990099
271;237;107,676341271183;0,683168316831683;0,683168316831683
272;237;36,93228606823;0,257425742574257;0,257425742574257
273;237;49,578024329691;0,257425742574257;0,257425742574257
274;239,049876669699;360,043882840696;0,99009900990099;0,99009900990099
275;241,097919948578;210,76304820634;0,99009900990099;0,99009900990099
276;241,155728071868;218,681096008256;0,99009900990099;0,99009900990099
277;237;53,24478357831;0,257425742574257;0,257425742574257
278;237;54,1224782707933;0,257425742574257;0,257425742574257
279;237;45,9462559456947;0,257425742574257;0,257425742574257
280;240,183973062313;139,340419039033;0,99009900990099;0,99009900990099
281;240,075420944023;170,419331792317;0,99009900990099;0,99009900990099
282;242,976799376038;158,580366217849;0,99009900990099;0,99009900990099
283;241,525783735574;212,292138990697;0,99009900990099;0,99009900990099
284;237;55,9292604470745;0,257425742574257;0,257425742574257
285;237;61,6135341864549;0,257425742574257;0,257425742574257
286;240,777751028066;157,682954493227;0,99009900990099;0,99009900990099
287;240,486476517233;188,166567131081;0,99009900990099;0,99009900990099
288;237,194783728829;159,009496883503;0,99009900990099;0,99009900990099
289;237;58,504089431227;0,257425742574257;0,257425742574257
290;241,045999297915;201,76367620495;0,99009900990099;0,99009900990099
291;237;51,0982489551635;0,257425742574257;0,257425742574257
292;237;42,6949271635253;0,257425742574257;0,257425742574257
293;241,135945389534;229,624163378287;0,99009900990099;0,99009900990099
294;240,123321196854;133,915610785903;0,99009900990099;0,99009900990099
295;237;49,0172238973127;0,257425742574257;0,257425742574257
296;239,647812753717;148,050188354199;0,99009900990099;0,99009900990099
297;243,087338872506;217,027095213285;0,99009900990099;0,99009900990099
298;240,13354759217;239,085705388575;0,99009900990099;0,99009900990099
299;237;44,6098411836505;0,257425742574257;0,257425742574257
300;240,894142367693;186,767731128975;0,99009900990099;0,99009900990099
301;237;54,5383615867071;0,257425742574257;0,257425742574257
302;239,608828108542;166,640251595191;0,99009900990099;0,99009900990099
303;237;47,7590927106002;0,257425742574257;0,257425742574257
304;237;139,33625832567;0,722772277227723;0,722772277227723
305;237;53,097822717729;0,257425742574257;0,257425742574257
306;238,222187418066;129,937191097134;0,99009900990099;0,99009900990099
307;237;48,5787461931143;0,257425742574257;0,257425742574257
308;240,018843781105;139,218074408857;0,99009900990099;0,99009900990099
309;237;53,2937387861357;0,257425742574257;0,257425742574257
310;238,344859350581;104,239885716324;0,99009900990099;0,99009900990099
311;237;56,5936601837079;0,257425742574257;0,257425742574257
312;239,099556348127;221,881514410656;0,99009900990099;0,99009900990099
313;237;47,7782916439309;0,257425742574257;0,257425742574257
314;239,461543854548;148,149009391526;0,99009900990099;0,99009900990099
315;237;45,7863569312864;0,257425742574257;0,257425742574257
316;241,606102272002;186,251829979051;0,99009900990099;0,99009900990099
317;244,758285315957;168,893532365269;0,99009900990099;0,99009900990099
318;237;54,6355341005693;0,257425742574257;0,257425742574257
319;237;68,9259531996986;0,257425742574257;0,257425742574257
320;241,426820750134;198,743603616437;0,99009900990099;0,99009900990099
321;244,810281441553;171,105776945467;0,99009900990099;0,99009900990099
322;237;51,2433414703185;0,257425742574257;0,257425742574257
323;237;51,7348181277263;0,257425742574257;0,257425742574257
324;237,901342501586;233,580120870433;0,99009900990099;0,99009900990099
325;242,703518750297;250,444771073254;0,99009900990099;0,99009900990099
326;241,105717745663;262,487158708755;0,99009900990099;0,99009900990099
327;237;66,7510417851779;0,257425742574257;0,257425742574257
328;238,730418545735;218,984451996967;0,99009900990099;0,99009900990099
329;237;50,5153210210174;0,257425742574257;0,257425742574257
330;241,944700021506;252,579089710514;0,99009900990099;0,99009900990099
331;237;58,5637960802358;0,257425742574257;0,257425742574257
332;237;61,5087035050235;0,257425742574257;0,257425742574257
333;238,026071435108;180,994880534412;0,99009900990099;0,99009900990099
334;237;54,1348286814842;0,257425742574257;0,257425742574257
335;241,545206578881;172,714507727262;0,99009900990099;0,99009900990099
336;237;55,0761400193427;0,257425742574257;0,257425742574257
337;238,524594975485;197,83828820273;0,99009900990099;0,99009900990099
338;241,517458789403;137,164331257969;0,99009900990099;0,99009900990099
339;237;47,7857644198099;0,257425742574257;0,257425742574257
340;237;43,3352852099516;0,257425742574257;0,257425742574257
341;237;54,4971302984723;0,257425742574257;0,257425742574257
342;237;81,6523575296271;0,257425742574257;0,257425742574257
343;237;46,0886560311379;0,257425742574257;0,257425742574257
344;240,284053014403;147,242985300985;0,99009900990099;0,99009900990099
345;244,37344276286;261,135298677339;0,99009900990099;0,99009900990099
346;239,061756807865;65,3857965006364;0,99009900990099;0,99009900990099
347;237;42,6555985674381;0,257425742574257;0,257425742574257
348;241,396863703524;136,472199162392;0,99009900990099;0,99009900990099
349;239,809098523232;162,376131266422;0,99009900990099;0,99009900990099
350;237;40,5586689699259;0,257425742574257;0,257425742574257
351;241,273376897986;225,36432315545;0,99009900990099;0,99009900990099
352;237;49,6791552650006;0,257425742574257;0,257425742574257
353;238,037482465506;163,506047642357;0,99009900990099;0,99009900990099
354;237;67,3357928384868;0,257425742574257;0,257425742574257
355;237;45,2414882624506;0,257425742574257;0,257425742574257
356;242,347197869189;170,019934322205;0,99009900990099;0,99009900990099
357;237;52,1676782170519;0,257425742574257;0,257425742574257
358;238,819452153011;184,305530943092;0,99009900990099;0,99009900990099
359;237;58,1151007632146;0,257425742574257;0,257425742574257
360;237;56,0153876972398;0,257425742574257;0,257425742574257
361;237,895559798249;132,53101303614;0,99009900990099;0,99009900990099
362;240,25477795268;202,81802841846;0,99009900990099;0,99009900990099
363;238,314514330986;203,8565650141;0,99009900990099;0,99009900990099
364;239,529262929343;152,096622323277;0,99009900990099;0,99009900990099
365;237;101,490716701249;0,762376237623762;0,762376237623762
366;243,987126096243;156,936605151765;0,99009900990099;0,99009900990099
367;237;43,1557592195493;0,257425742574257;0,257425742574257
368;237;53,1553851260746;0,257425742574257;0,257425742574257
369;237;42,9055406872793;0,257425742574257;0,257425742574257
370;240,943799394344;255,855805522397;0,99009900990099;0,99009900990099
371;239,74082289642;216,324229348911;0,99009900990099;0,99009900990099
372;237;48,061291281464;0,257425742574257;0,257425742574257
373;240,849227339271;235,123437092469;0,99009900990099;0,99009900990099
374;246,905984160056;348,279993052609;0,99009900990099;0,99009900990099
375;237;49,6716106032321;0,257425742574257;0,257425742574257
376;237;45,4874818434665;0,257425742574257;0,257425742574257
377;237;53,855464145077;0,257425742574257;0,257425742574257
378;237;62,0934609977365;0,257425742574257;0,257425742574257
379;242,219451902819;224,145587130198;0,99009900990099;0,99009900990099
380;237;44,0152343058003;0,257425742574257;0,257425742574257
381;246,044645044157;118,794395223611;0,99009900990099;0,99009900990099
382;242,178186346181;154,887579791284;0,99009900990099;0,99009900990099
383;237;51,8440701784684;0,257425742574257;0,257425742574257
384;237;58,4298911558975;0,257425742574257;0,257425742574257
385;237,50244088454;120,12179068083;0,99009900990099;0,99009900990099
386;237;58,4426742338405;0,257425742574257;0,257425742574257
387;239,619834361889;140,934376438228;0,99009900990099;0,99009900990099
388;239,925515849238;130,491329401097;0,99009900990099;0,99009900990099
389;237;32,4533446796518;0,257425742574257;0,257425742574257
390;237;46,9416112806221;0,257425742574257;0,257425742574257
391;246,408095382769;212,917966931985;0,99009900990099;0,99009900990099
392;243,503861875007;397,752786377798;0,99009900990099;0,99009900990099
393;236,908426332375;164,551426884483;0,99009900990099;0,99009900990099
394;244,95053194965;183,651167304575;0,99009900990099;0,99009900990099
395;237;57,128735151782;0,257425742574257;0,257425742574257
396;242,239442368455;249,955902761012;0,99009900990099;0,99009900990099
397;237;56,7942239509691;0,257425742574257;0,257425742574257
398;243,937365546581;219,709956856023;0,99009900990099;0,99009900990099
399;244,5920288195;373,624560609801;0,99009900990099;0,99009900990099
400;243,622884477245;274,24077352263;0,99009900990099;0,99009900990099
401;241,29508288422;228,485177494332;0,99009900990099;0,99009900990099
402;237;48,09423968114;0,257425742574257;0,257425742574257
403;241,945278380498;238,683932865588;0,99009900990099;0,99009900990099
404;237;35,0897205643484;0,257425742574257;0,257425742574257
405;237;63,1008107817781;0,257425742574257;0,257425742574257
406;237;37,9981354002138;0,257425742574257;0,257425742574257
407;237;41,9342275028941;0,257425742574257;0,257425742574257
408;243,312978418565;339,796042684274;0,99009900990099;0,99009900990099
409;237;54,0897549678203;0,257425742574257;0,257425742574257
410;237;48,293046383284;0,257425742574257;0,257425742574257
411;237;58,0146725610391;0,257425742574257;0,257425742574257
412;246,905498279057;264,264677094618;0,99009900990099;0,99009900990099
413;238,369915304315;203,046496945623;0,99009900990099;0,99009900990099
414;237;49,8797207826439;0,257425742574257;0,257425742574257
415;236,849893582405;89,7094790418333;0,99009900990099;0,99009900990099
416;238,650782181522;168,401041465064;0,99009900990099;0,99009900990099
417;237;45,0151565685123;0,257425742574257;0,257425742574257
418;243,124868427935;242,492203390214;0,99009900990099;0,99009900990099
419;240,476880948747;223,081178661504;0,99009900990099;0,99009900990099
420;237;101,719001740588;0,762376237623762;0,762376237623762
421;237;50,0645102637033;0,257425742574257;0,257425742574257
422;243,039985818002;291,189645819131;0,99009900990099;0,99009900990099
423;237;61,9916113630808;0,257425742574257;0,257425742574257
424;237;37,9670148416959;0,257425742574257;0,257425742574257
425;241,554637742268;189,637334065543;0,99009900990099;0,99009900990099
426;247,283739865452;414,422035537868;0,99009900990099;0,99009900990099
427;237;55,3137466494436;0,257425742574257;0,257425742574257
428;237;62,4603613037086;0,257425742574257;0,257425742574257
429;237;46,3537102974521;0,257425742574257;0,257425742574257
430;237;65,6735188728914;0,257425742574257;0,257425742574257
431;241,997106767482;267,095298736504;0,99009900990099;0,99009900990099
432;237;53,3447173046121;0,257425742574257;0,257425742574257
433;244,780306705296;251,452736113583;0,99009900990099;0,99009900990099
434;237,717386810568;128,530974679968;0,99009900990099;0,99009900990099
435;237;55,1668159170341;0,257425742574257;0,257425742574257
436;238,392609561423;221,738915045789;0,99009900990099;0,99009900990099
437;238,881302070483;225,293745951638;0,99009900990099;0,99009900990099
438;240,687709116703;185,129982922315;0,99009900990099;0,99009900990099
439;237;55,9432852247879;0,257425742574257;0,257425742574257
440;242,468951509043;149,532625896218;0,99009900990099;0,99009900990099
441;239,922992539341;139,943356386465;0,99009900990099;0,99009900990099
442;238,565821212348;235,213424724321;0,99009900990099;0,99009900990099
443;242,050427050407;200,138107040051;0,99009900990099;0,99009900990099
444;237;59,4540927068659;0,257425742574257;0,257425742574257
445;237;53,5931764998473;0,257425742574257;0,257425742574257
446;237;52,0444355433815;0,257425742574257;0,257425742574257
447;237;39,9764522514541;0,257425742574257;0,257425742574257
448;237;50,2337569313049;0,257425742574257;0,257425742574257
449;237;46,3672328470494;0,257425742574257;0,257425742574257
450;237;60,1533440198128;0,257425742574257;0,257425742574257
451;243,228777167129;329,338329259444;0,99009900990099;0,99009900990099
452;242,531344801149;185,185723934907;0,99009900990099;0,99009900990099
453;237;49,8045135998867;0,257425742574257;0,257425742574257
454;237;56,9897929771841;0,257425742574257;0,257425742574257
455;238,492867869342;171,424784035839;0,99009900990099;0,99009900990099
456;237;52,0103330087071;0,257425742574257;0,257425742574257
457;237;47,2538177348522;0,257425742574257;0,257425742574257
458;237;42,6474584447806;0,257425742574257;0,257425742574257
459;247,513163340663;244,456662221823;0,99009900990099;0,99009900990099
460;244,313850547015;272,319019683708;0,99009900990099;0,99009900990099
461;237;45,0549343854456;0,257425742574257;0,257425742574257
462;243,785057075927;168,009400069188;0,99009900990099;0,99009900990099
463;237;49,2086121629152;0,257425742574257;0,257425742574257
464;237;50,4769976075343;0,257425742574257;0,257425742574257
465;237;47,0325986467046;0,257425742574257;0,257425742574257
466;240,794341125812;290,020745305289;0,99009900990099;0,99009900990099
467;237,524246449529;131,892739191299;0,99009900990099;0,99009900990099
468;237;58,5933533668859;0,257425742574257;0,257425742574257
469;237;53,5150072005025;0,257425742574257;0,257425742574257
470;237;54,5582747911377;0,257425742574257;0,257425742574257
471;237;39,7070819872771;0,257425742574257;0,257425742574257
472;237;50,6732124295811;0,257425742574257;0,257425742574257
473;237;39,9018622372467;0,257425742574257;0,257425742574257
474;237;64,6151826625355;0,257425742574257;0,257425742574257
475;242,104725458189;128,994291269552;0,99009900990099;0,99009900990099
476;241,822751406019;195,217120032568;0,99009900990099;0,99009900990099
477;237;128,489426284239;0,762376237623762;0,762376237623762
478;237;47,3714146071898;0,257425742574257;0,257425742574257
479;240,214975843412;158,403711198325;0,99009900990099;0,99009900990099
480;237;63,7814809309189;0,257425742574257;0,257425742574257
481;237;40,23904490061;0,257425742574257;0,257425742574257
482;240,107841667602;152,831143681676;0,99009900990099;0,99009900990099
483;238,788970204893;211,020720945844;0,99009900990099;0,99009900990099
484;237;44,7187613519813;0,257425742574257;0,257425742574257
485;237;57,3295269812147;0,257425742574257;0,257425742574257
486;237,036899203508;130,912521690447;0,99009900990099;0,99009900990099
487;245,948124756963;411,548877007787;0,99009900990099;0,99009900990099
488;237;41,0407937265934;0,257425742574257;0,257425742574257
489;237;60,674876175259;0,257425742574257;0,257425742574257
490;242,054667810496;179,545484941862;0,99009900990099;0,99009900990099
491;239,452396083253;160,586413469991;0,99009900990099;0,99009900990099
492;237;58,7976895062708;0,257425742574257;0,257425742574257
493;237;57,6215512504159;0,257425742574257;0,257425742574257
494;237;46,8330257958758;0,257425742574257;0,257425742574257
495;240,528946961649;221,834296873926;0,99009900990099;0,99009900990099
496;243,709631327776;369,768810710438;0,99009900990099;0,99009900990099
497;239,628855522346;179,786170021635;0,99009900990099;0,99009900990099
498;237;53,7038824275088;0,257425742574257;0,257425742574257
499;237;59,7558039795149;0,257425742574257;0,257425742574257
500;240,24486158324;149,569799665359;0,99009900990099;0,99009900990099
501;237,598627789526;244,34473197249;0,99009900990099;0,99009900990099
502;237,976172871193;151,183513787966;0,99009900990099;0,99009900990099
503;245,060008116768;307,326651104549;0,99009900990099;0,99009900990099
504;237,838068989241;135,151724069974;0,99009900990099;0,99009900990099
505;239,415364017681;119,268040664617;0,99009900990099;0,99009900990099
506;237,75897017905;127,872445662548;0,99009900990099;0,99009900990099
507;237;42,2967500290135;0,257425742574257;0,257425742574257
508;241,387698511902;247,382871369649;0,99009900990099;0,99009900990099
509;243,649991487379;176,413384306642;0,99009900990099;0,99009900990099
510;237;133,305994956232;0,722772277227723;0,722772277227723
511;237;59,8611523133829;0,257425742574257;0,257425742574257
512;237;58,204254901036;0,257425742574257;0,257425742574257
513;237;37,6500019471061;0,257425742574257;0,257425742574257
514;237;61,2451969288613;0,257425742574257;0,257425742574257
515;238,553699295548;239,183903373488;0,99009900990099;0,99009900990099
516;237,687678765097;113,704110820387;0,99009900990099;0,99009900990099
517;245,822710932448;272,858309233986;0,99009900990099;0,99009900990099
518;237,624110485207;199,892338356368;0,99009900990099;0,99009900990099
519;241,122042270869;266,428922523139;0,99009900990099;0,99009900990099
520;237;72,0662177730181;0,257425742574257;0,257425742574257
521;238,621690282872;194,985238004354;0,99009900990099;0,99009900990099
522;241,087593400971;268,625774971411;0,99009900990099;0,99009900990099
523;237;62,8483586532791;0,257425742574257;0,257425742574257
524;241,251293580146;153,996622885863;0,99009900990099;0,99009900990099
525;241,917798332207;157,027610565791;0,99009900990099;0,99009900990099
526;237;63,3645379168839;0,257425742574257;0,257425742574257
527;237;47,6473371890629;0,257425742574257;0,257425742574257
528;241,987092492966;247,777313123782;0,99009900990099;0,99009900990099
529;237;55,2082591893053;0,257425742574257;0,257425742574257
530;238,880769562678;117,253820782553;0,99009900990099;0,99009900990099
531;237;46,9958694952801;0,257425742574257;0,257425742574257
532;238,830860143333;197,482396491821;0,99009900990099;0,99009900990099
533;239,349951572826;246,402734361186;0,99009900990099;0,99009900990099
534;239,957509762854;94,0894639156602;0,99009900990099;0,99009900990099
535;238,905370262001;155,034318612792;0,99009900990099;0,99009900990099
536;237;59,1063481884857;0,257425742574257;0,257425742574257
537;243,028994091377;225,923822056646;0,99009900990099;0,99009900990099
538;244,502204132269;323,77553119609;0,99009900990099;0,99009900990099
539;237;47,5048220692367;0,257425742574257;0,257425742574257
540;237;44,3507245455811;0,257425742574257;0,257425742574257
541;236,374519786152;166,055039099496;0,99009900990099;0,99009900990099
542;239,222641375202;175,163559193885;0,99009900990099;0,99009900990099
543;237;56,2140087568878;0,257425742574257;0,257425742574257
544;238,67821928228;196,055112722744;0,99009900990099;0,99009900990099
545;241,150780548268;124,908418050166;0,99009900990099;0,99009900990099
546;239,139806383922;227,847621850857;0,99009900990099;0,99009900990099
547;237;74,4391790218668;0,257425742574257;0,257425742574257
548;244,369638859487;264,618725023112;0,99009900990099;0,99009900990099
549;237;36,6243551913966;0,257425742574257;0,257425742574257
550;237;48,6465778249725;0,257425742574257;0,257425742574257
551;237;50,0436668056042;0,257425742574257;0,257425742574257
552;237;31,6620189521794;0,257425742574257;0,257425742574257
553;238,896651591675;170,46681506166;0,99009900990099;0,99009900990099
554;241,720554084628;229,191460110356;0,99009900990099;0,99009900990099
555;237;115,354963337169;0,683168316831683;0,683168316831683
556;237;57,3381928437136;0,257425742574257;0,257425742574257
557;237;40,6748465926658;0,257425742574257;0,257425742574257
558;237;57,4859648217275;0,257425742574257;0,257425742574257
559;240,200794403096;161,636698315065;0,99009900990099;0,99009900990099
560;239,549818566127;239,506447997938;0,99009900990099;0,99009900990099
561;243,955909379487;242,836331480406;0,99009900990099;0,99009900990099
562;237;59,6432281451598;0,257425742574257;0,257425742574257
563;238,736678500117;202,447261309135;0,99009900990099;0,99009900990099
564;237;50,4694497142955;0,257425742574257;0,257425742574257
565;240,478784455436;215,385578056242;0,99009900990099;0,99009900990099
566;238,77563242511;163,958823645013;0,99009900990099;0,99009900990099
567;240,804769042443;285,062241914414;0,99009900990099;0,99009900990099
568;239,107148117136;154,509251643461;0,99009900990099;0,99009900990099
569;238,724266433417;119,740134691014;0,99009900990099;0,99009900990099
570;239,221345822175;176,467101654764;0,99009900990099;0,99009900990099
571;237;50,8907851875113;0,257425742574257;0,257425742574257
572;237;55,1888887818999;0,257425742574257;0,257425742574257
573;237;54,3817948369055;0,257425742574257;0,257425742574257
574;237;52,4801509882664;0,257425742574257;0,257425742574257
575;237;38,5389669672579;0,257425742574257;0,257425742574257
576;241,430280583891;179,837741977558;0,99009900990099;0,99009900990099
577;246,031173075285;311,381502305273;0,99009900990099;0,99009900990099
578;237;47,354568350147;0,257425742574257;0,257425742574257
579;242,113595960431;181,645365809622;0,99009900990099;0,99009900990099
580;237;57,2758658408843;0,257425742574257;0,257425742574257
581;244,049708952618;298,342953261639;0,99009900990099;0,99009900990099
582;237;53,6293355201174;0,257425742574257;0,257425742574257
583;237;45,121058165302;0,257425742574257;0,257425742574257
584;244,836364663533;271,178558013547;0,99009900990099;0,99009900990099
585;245,683103346943;286,992489191061;0,99009900990099;0,99009900990099
586;237;52,7517438640739;0,257425742574257;0,257425742574257
587;238,721072412148;127,243771662333;0,99009900990099;0,99009900990099
588;240,346297226544;131,847547826852;0,99009900990099;0,99009900990099
589;238,582696105652;244,017616058848;0,99009900990099;0,99009900990099
590;238,973993456074;240,832850064526;0,99009900990099;0,99009900990099
591;237;54,954940565286;0,257425742574257;0,257425742574257
592;237;65,601767257465;0,257425742574257;0,257425742574257
593;237;58,6257964665143;0,257425742574257;0,257425742574257
594;237;56,8094804558801;0,257425742574257;0,257425742574257
595;237;59,8164240690684;0,257425742574257;0,257425742574257
596;237;78,0846290617369;0,257425742574257;0,257425742574257
597;237;58,4557799793226;0,257425742574257;0,257425742574257
598;238,011545682033;119,327515660347;0,99009900990099;0,99009900990099
599;242,053742846561;242,344464521682;0,99009900990099;0,99009900990099
600;237;60,8412993715193;0,257425742574257;0,257425742574257
601;237;49,1217755599457;0,257425742574257;0,257425742574257
602;245,835429265166;248,457839667381;0,99009900990099;0,99009900990099
603;237;60,4026911193272;0,257425742574257;0,257425742574257
604;237;52,7050695825994;0,257425742574257;0,257425742574257
605;238,713730249118;111,64448861715;0,99009900990099;0,99009900990099
606;237;38,2429544225076;0,257425742574257;0,257425742574257
607;237;56,9320199514812;0,257425742574257;0,257425742574257
608;240,39731287164;155,617455926215;0,99009900990099;0,99009900990099
609;237;42,8523869859301;0,257425742574257;0,257425742574257
610;240,676070689831;163,634708713808;0,99009900990099;0,99009900990099
611;242,054731933459;134,506052665507;0,99009900990099;0,99009900990099
612;237;44,8277989458502;0,257425742574257;0,257425742574257
613;239,618656328853;203,776445884615;0,99009900990099;0,99009900990099
614;241,196929216106;125,470226034135;0,99009900990099;0,99009900990099
615;237;51,3186105724254;0,257425742574257;0,257425742574257
616;240,369374920431;258,52692167594;0,99009900990099;0,99009900990099
617;237;46,8934655664553;0,257425742574257;0,257425742574257
618;237;54,9454092508268;0,257425742574257;0,257425742574257
619;237;60,3117989240016;0,257425742574257;0,257425742574257
620;241,96693134367;99,8976889404444;0,99009900990099;0,99009900990099
621;239,159205136005;181,811278799023;0,99009900990099;0,99009900990099
622;237;57,1148773179348;0,257425742574257;0,257425742574257
623;237;53,1083862568053;0,257425742574257;0,257425742574257
624;237;49,3373812819237;0,257425742574257;0,257425742574257
625;237;64,0428080285232;0,257425742574257;0,257425742574257
626;237;52,928498175223;0,257425742574257;0,257425742574257
627;237;67,3134600591008;0,257425742574257;0,257425742574257
628;237;52,8062584207023;0,257425742574257;0,257425742574257
629;237;49,3604933651813;0,257425742574257;0,257425742574257
630;238,517698295673;195,348232497553;0,99009900990099;0,99009900990099
631;249,646956341038;436,516746660457;0,99009900990099;0,99009900990099
632;237;48,9010255029338;0,257425742574257;0,257425742574257
633;239,360511706264;228,502624432684;0,99009900990099;0,99009900990099
634;241,23174879588;191,325962294532;0,99009900990099;0,99009900990099
635;239,479296966455;197,981352296043;0,99009900990099;0,99009900990099
636;239,873252251561;226,632357084659;0,99009900990099;0,99009900990099
637;239,971679708586;133,034437315881;0,99009900990099;0,99009900990099
638;240,138012134994;201,715398807214;0,99009900990099;0,99009900990099
639;237;61,575825961592;0,257425742574257;0,257425742574257
640;237;55,6032625291813;0,257425742574257;0,257425742574257
641;237;66,3495291531251;0,257425742574257;0,257425742574257
642;240,313823108521;168,984665080265;0,99009900990099;0,99009900990099
643;237;55,7969757542569;0,257425742574257;0,257425742574257
644;238,122970901877;192,840684871221;0,99009900990099;0,99009900990099
645;237;51,6072373315753;0,257425742574257;0,257425742574257
646;244,897497063056;187,596129163771;0,99009900990099;0,99009900990099
647;242,624374160234;271,21723287531;0,99009900990099;0,99009900990099
648;237;47,8887572095611;0,257425742574257;0,257425742574257
649;237;33,7687899658409;0,257425742574257;0,257425742574257
650;237;53,8636090889727;0,257425742574257;0,257425742574257
651;238,351219224942;199,269504222972;0,99009900990099;0,99009900990099
652;237;54,2234312561425;0,257425742574257;0,257425742574257
653;239,180857933361;130,795528099474;0,99009900990099;0,99009900990099
654;237;61,8139144053012;0,257425742574257;0,257425742574257
655;237;44,6359146915931;0,257425742574257;0,257425742574257
656;237;49,2741211988176;0,257425742574257;0,257425742574257
657;237;60,7519515189304;0,257425742574257;0,257425742574257
658;246,415818556265;405,064578797755;0,99009900990099;0,99009900990099
659;244,77988242853;353,144057240794;0,99009900990099;0,99009900990099
660;237;57,8597725371601;0,257425742574257;0,257425742574257
661;237;54,1080363521277;0,257425742574257;0,257425742574257
662;240,63425411466;164,710259889508;0,99009900990099;0,99009900990099
663;239,834368767832;150,135287708114;0,99009900990099;0,99009900990099
664;237;48,6606660172426;0,257425742574257;0,257425742574257
665;236,981175383842;168,823168471698;0,99009900990099;0,99009900990099
666;239,231256963434;165,004911516446;0,99009900990099;0,99009900990099
667;237;63,0778415055383;0,257425742574257;0,257425742574257
668;239,569883834413;93,9054555851879;0,99009900990099;0,99009900990099
669;241,204269383037;239,631740673102;0,99009900990099;0,99009900990099
670;237;62,6217137692389;0,257425742574257;0,257425742574257
671;237;43,0901373706741;0,257425742574257;0,257425742574257
672;237;50,4714203666673;0,257425742574257;0,257425742574257
673;244,098722025384;296,991220448425;0,99009900990099;0,99009900990099
674;237;53,1525067123208;0,257425742574257;0,257425742574257
675;237;76,2076595095566;0,257425742574257;0,257425742574257
676;238,727053625131;195,532773345896;0,99009900990099;0,99009900990099
677;237;40,0870216288687;0,257425742574257;0,257425742574257
678;244,351301436409;141,101525729328;0,99009900990099;0,99009900990099
679;237;96,7588857964868;0,683168316831683;0,683168316831683
680;247,886447888373;385,585136269522;0,99009900990099;0,99009900990099
681;239,741187320051;231,711158635487;0,99009900990099;0,99009900990099
682;237;46,5076523774509;0,257425742574257;0,257425742574257
683;245,603097963894;255,886650807192;0,99009900990099;0,99009900990099
684;237;51,4060104643702;0,257425742574257;0,257425742574257
685;238,821197584652;135,540502975788;0,99009900990099;0,99009900990099
686;238,90564904798;143,665595047662;0,99009900990099;0,99009900990099
687;241,00797315183;93,3863561568573;0,99009900990099;0,99009900990099
688;237;49,9520705829408;0,257425742574257;0,257425742574257
689;242,519610262335;250,562448559441;0,99009900990099;0,99009900990099
690;237;41,7262256374835;0,257425742574257;0,257425742574257
691;237;45,1537137276202;0,257425742574257;0,257425742574257
692;238,404368649517;159,252800196125;0,99009900990099;0,99009900990099
693;241,33753998142;276,698531613091;0,99009900990099;0,99009900990099
694;237;64,1052681057895;0,257425742574257;0,257425742574257
695;240,240833164093;151,516100368589;0,99009900990099;0,99009900990099
696;242,067244011563;270,297079973956;0,99009900990099;0,99009900990099
697;239,517754505086;169,623149045361;0,99009900990099;0,99009900990099
698;237;63,0932971584955;0,257425742574257;0,257425742574257
699;237;49,851392141696;0,257425742574257;0,257425742574257
700;238,826958988921;140,82025524721;0,99009900990099;0,99009900990099
701;240,781771059726;245,907823618819;0,99009900990099;0,99009900990099
702;237;64,5113494096578;0,257425742574257;0,257425742574257
703;237;53,9724453076723;0,257425742574257;0,257425742574257
704;241,325079942422;227,891085760926;0,99009900990099;0,99009900990099
705;238,810936879606;301,75802575999;0,99009900990099;0,99009900990099
706;240,257067507395;141,122054924976;0,99009900990099;0,99009900990099
707;237;67,579219677703;0,257425742574257;0,257425742574257
708;237;62,3859033428192;0,257425742574257;0,257425742574257
709;237;58,6864298273933;0,257425742574257;0,257425742574257
710;237;40,9404523243187;0,257425742574257;0,257425742574257
711;237;47,5572934035653;0,257425742574257;0,257425742574257
712;237;49,39660672425;0,257425742574257;0,257425742574257
713;240,648418121401;149,033840251537;0,99009900990099;0,99009900990099
714;240,05902521974;199,284285737399;0,99009900990099;0,99009900990099
715;237;45,9840959777162;0,257425742574257;0,257425742574257
716;238,352664506102;125,398856988887;0,99009900990099;0,99009900990099
717;237;49,5762515264725;0,257425742574257;0,257425742574257
718;237;61,3472787813163;0,257425742574257;0,257425742574257
719;242,760271802329;225,42285039236;0,99009900990099;0,99009900990099
720;237;51,7888853503397;0,257425742574257;0,257425742574257
721;237;52,4712579981321;0,257425742574257;0,257425742574257
722;239,726424312943;99,085544565089;0,99009900990099;0,99009900990099
723;237;57,6311920935827;0,257425742574257;0,257425742574257
724;237;60,6510867736537;0,257425742574257;0,257425742574257
725;237;50,6186430851683;0,257425742574257;0,257425742574257
726;243,248340828763;244,558175372577;0,99009900990099;0,99009900990099
727;237;43,7814992957454;0,257425742574257;0,257425742574257
728;242,406900180206;279,168412612391;0,99009900990099;0,99009900990099
729;247,753379280856;279,026082327972;0,99009900990099;0,99009900990099
730;238,000917763022;145,983178487208;0,99009900990099;0,99009900990099
731;240,047308618547;137,931053222372;0,99009900990099;0,99009900990099
732;237;200,112727477635;0,762376237623762;0,762376237623762
733;237,897853166154;111,943127244559;0,99009900990099;0,99009900990099
734;237;41,0490953647642;0,257425742574257;0,257425742574257
735;237;63,7933623917525;0,257425742574257;0,257425742574257
736;237;69,1401056239089;0,257425742574257;0,257425742574257
737;241,94674889865;394,641331083003;0,99009900990099;0,99009900990099
738;240,328092828384;200,87786849403;0,99009900990099;0,99009900990099
739;237;64,0032468102618;0,257425742574257;0,257425742574257
740;237;61,7475401118017;0,257425742574257;0,257425742574257
741;237;61,1202768649846;0,257425742574257;0,257425742574257
742;238,107752950172;172,534073981112;0,99009900990099;0,99009900990099
743;237;52,5076524775544;0,257425742574257;0,257425742574257
744;237;48,7736972847251;0,257425742574257;0,257425742574257
745;237;54,2810560148589;0,257425742574257;0,257425742574257
746;237;31,8609849103632;0,257425742574257;0,257425742574257
747;237;43,1478306136844;0,257425742574257;0,257425742574257
748;245,738719381717;305,281631899538;0,99009900990099;0,99009900990099
749;237;48,1766901850721;0,257425742574257;0,257425742574257
750;237;57,5191812353342;0,257425742574257;0,257425742574257
751;237;42,8577226069619;0,257425742574257;0,257425742574257
752;243,291953487668;275,035843202117;0,99009900990099;0,99009900990099
753;241,11994895821;113,18945274253;0,99009900990099;0,99009900990099
754;237;51,1024965962635;0,257425742574257;0,257425742574257
755;240,458118520492;215,646744763872;0,99009900990099;0,99009900990099
756;237;47,4432586362913;0,257425742574257;0,257425742574257
757;240,114842561718;119,403027032391;0,99009900990099;0,99009900990099
758;237;73,6358371349694;0,257425742574257;0,257425742574257
759;244,371252830034;227,719271270642;0,99009900990099;0,99009900990099
760;237;52,6714618695132;0,257425742574257;0,257425742574257
761;241,309709428046;129,807597446962;0,99009900990099;0,99009900990099
762;237;62,7589547671857;0,257425742574257;0,257425742574257
763;244,130431153053;274,028151696529;0,99009900990099;0,99009900990099
764;237;71,3174175945673;0,257425742574257;0,257425742574257
765;237;56,0197482971555;0,257425742574257;0,257425742574257
766;243,363666474011;203,888143261681;0,99009900990099;0,99009900990099
767;238,184800080217;137,819271838966;0,99009900990099;0,99009900990099
768;243,265932322383;219,270990619364;0,99009900990099;0,99009900990099
769;237;49,3941839864142;0,257425742574257;0,257425742574257
770;238,568042622377;111,779131322677;0,99009900990099;0,99009900990099
771;237;61,5034019243052;0,257425742574257;0,257425742574257
772;247,381024087821;322,411187153274;0,99009900990099;0,99009900990099
773;237;54,2869894539703;0,257425742574257;0,257425742574257
774;246,107092925707;260,267242721754;0,99009900990099;0,99009900990099
775;237;44,2716836483548;0,257425742574257;0,257425742574257
776;237;61,8514840747445;0,257425742574257;0,257425742574257
777;237;41,2876213676615;0,257425742574257;0,257425742574257
778;239,952611887002;289,91260077353;0,99009900990099;0,99009900990099
779;237;53,8553630876079;0,257425742574257;0,257425742574257
780;242,226387534849;237,054959400496;0,99009900990099;0,99009900990099
781;237;52,9943268786787;0,257425742574257;0,257425742574257
782;237;57,2182424311566;0,257425742574257;0,257425742574257
783;237;45,5698686265398;0,257425742574257;0,257425742574257
784;237;57,7838979854381;0,257425742574257;0,257425742574257
785;239,399881518013;152,795123114411;0,99009900990099;0,99009900990099
786;242,129264864684;237,35637953167;0,99009900990099;0,99009900990099
787;243,074250666102;176,252053707673;0,99009900990099;0,99009900990099
788;242,46542171444;217,566316689878;0,99009900990099;0,99009900990099
789;239,002209968747;164,678445402961;0,99009900990099;0,99009900990099
790;245,509677055227;314,091580715915;0,99009900990099;0,99009900990099
791;237;54,1547307185156;0,257425742574257;0,257425742574257
792;244,694795900565;136,589856613595;0,99009900990099;0,99009900990099
793;237;60,8158040411215;0,257425742574257;0,257425742574257
794;240,213101549953;168,784222258502;0,99009900990099;0,99009900990099
795;243,281537222764;281,708906702797;0,99009900990099;0,99009900990099
796;237;55,364092774244;0,257425742574257;0,257425742574257
797;237;36,7079174146972;0,257425742574257;0,257425742574257
798;238,961981832554;166,27616651716;0,99009900990099;0,99009900990099
799;237;55,9698455047115;0,257425742574257;0,257425742574257
800;239,617999604202;131,444062794139;0,99009900990099;0,99009900990099
801;237;59,4328912557755;0,257425742574257;0,257425742574257
802;237;51,5136428965911;0,257425742574257;0,257425742574257
803;241,092523171127;137,992167545829;0,99009900990099;0,99009900990099
804;243,253735182288;154,63412749905;0,99009900990099;0,99009900990099
805;238,470263536015;205,724062156843;0,99009900990099;0,99009900990099
806;238,638592266359;98,5752474577968;0,99009900990099;0,99009900990099
807;237;37,3586287358165;0,257425742574257;0,257425742574257
808;237;45,8120126075374;0,257425742574257;0,257425742574257
809;240,147853669462;120,873855127544;0,99009900990099;0,99009900990099
810;237;55,3789725987652;0,257425742574257;0,257425742574257
811;237;56,746858577929;0,257425742574257;0,257425742574257
812;242,39014987636;230,522056274491;0,99009900990099;0,99009900990099
813;242,557869996276;147,092324263104;0,99009900990099;0,99009900990099
814;243,54986394448;207,365938270286;0,99009900990099;0,99009900990099
815;237;54,0891263693255;0,257425742574257;0,257425742574257
816;237,551247460737;160,502693596034;0,99009900990099;0,99009900990099
817;237;51,1468366094651;0,257425742574257;0,257425742574257
818;237;43,8137901773593;0,257425742574257;0,257425742574257
819;237,808652156281;125,934934406094;0,99009900990099;0,99009900990099
820;237,648454455216;122,146795793627;0,99009900990099;0,99009900990099
821;237;49,3137793110068;0,257425742574257;0,257425742574257
822;238,879832432423;152,56384870228;0,99009900990099;0,99009900990099
823;241,915524983932;197,458191793936;0,99009900990099;0,99009900990099
824;243,748093719053;237,963595959912;0,99009900990099;0,99009900990099
825;237;56,4010979017975;0,257425742574257;0,257425742574257
826;237;57,1110152541145;0,257425742574257;0,257425742574257
827;237,57658133906;166,372409996863;0,99009900990099;0,99009900990099
828;245,844546385877;271,268964565894;0,99009900990099;0,99009900990099
829;237;54,449479321862;0,257425742574257;0,257425742574257
830;237;55,1782763961559;0,257425742574257;0,257425742574257
831;237;60,8300407485627;0,257425742574257;0,257425742574257
832;237;63,7364784916892;0,257425742574257;0,257425742574257
833;237;65,4208902924691;0,257425742574257;0,257425742574257
834;242,271499934472;200,750446933675;0,99009900990099;0,99009900990099
835;237;42,0015325604559;0,257425742574257;0,257425742574257
836;241,634255097676;185,080895708824;0,99009900990099;0,99009900990099
837;237;61,4187918391687;0,257425742574257;0,257425742574257
838;237;59,7881706716645;0,257425742574257;0,257425742574257
839;238,128425648601;157,437497756244;0,99009900990099;0,99009900990099
840;237;54,7220634727332;0,257425742574257;0,257425742574257
841;238,650807597313;126,473917046799;0,99009900990099;0,99009900990099
842;239,205265624908;241,012182630946;0,99009900990099;0,99009900990099
843;237;47,2532592713052;0,257425742574257;0,257425742574257
844;238,183921409848;303,787534863372;0,99009900990099;0,99009900990099
845;237;49,7872893354062;0,257425742574257;0,257425742574257
846;239,008782600534;186,803468471031;0,99009900990099;0,99009900990099
847;237;35,8668855804582;0,257425742574257;0,257425742574257
848;244,924982479963;391,704923734864;0,99009900990099;0,99009900990099
849;237;120,3000325578;0,762376237623762;0,762376237623762
850;245,492098567043;314,107649687424;0,99009900990099;0,99009900990099
851;237;51,2167459195008;0,257425742574257;0,257425742574257
852;237;62,4211279051443;0,257425742574257;0,257425742574257
853;245,724559445733;218,217378323704;0,99009900990099;0,99009900990099
854;237;33,6879610834714;0,257425742574257;0,257425742574257
855;237;48,7259512490693;0,257425742574257;0,257425742574257
856;241,419515369596;176,518394111191;0,99009900990099;0,99009900990099
857;237;31,810884326023;0,257425742574257;0,257425742574257
858;239,96276422383;98,2214205348242;0,99009900990099;0,99009900990099
859;237;56,2253111498261;0,257425742574257;0,257425742574257
860;237;57,9433722421718;0,257425742574257;0,257425742574257
861;237,400517241732;104,582991687185;0,99009900990099;0,99009900990099
862;241,05538553995;183,855592013213;0,99009900990099;0,99009900990099
863;243,585812498323;228,877632252591;0,99009900990099;0,99009900990099
864;246,61918269924;195,363679647429;0,99009900990099;0,99009900990099
865;237;66,7810589064386;0,257425742574257;0,257425742574257
866;237;64,2767355276669;0,257425742574257;0,257425742574257
867;237;61,5993752528392;0,257425742574257;0,257425742574257
868;238,954007087878;229,860956893954;0,99009900990099;0,99009900990099
869;237;37,0897895139987;0,257425742574257;0,257425742574257
870;237,887281620215;100,514166201548;0,99009900990099;0,99009900990099
871;238,214111956197;197,164352932334;0,99009900990099;0,99009900990099
872;241,676269519371;177,524793696869;0,99009900990099;0,99009900990099
873;238,970115476578;127,018391884686;0,99009900990099;0,99009900990099
874;237;47,4075669704524;0,257425742574257;0,257425742574257
875;237;46,7081984607478;0,257425742574257;0,257425742574257
876;237;53,9258374479062;0,257425742574257;0,257425742574257
877;239,410926205474;270,110434931744;0,99009900990099;0,99009900990099
878;242,932065079427;261,763384811363;0,99009900990099;0,99009900990099
879;237;102,40123755786;0,762376237623762;0,762376237623762
880;237;56,5533915735712;0,257425742574257;0,257425742574257
881;237,915192959612;232,869224393625;0,99009900990099;0,99009900990099
882;242,131170010259;168,432030939745;0,99009900990099;0,99009900990099
883;237;44,8545663772393;0,257425742574257;0,257425742574257
884;240,852705859014;306,577531762376;0,99009900990099;0,99009900990099
885;237;54,512619376376;0,257425742574257;0,257425742574257
886;237;57,8807958872986;0,257425742574257;0,257425742574257
887;237;58,4842752341198;0,257425742574257;0,257425742574257
888;237,640662699705;128,220720516397;0,99009900990099;0,99009900990099
889;237;75,9741400051801;0,257425742574257;0,257425742574257
890;238,593087317666;119,075521097167;0,99009900990099;0,99009900990099
891;237,502320889001;102,234066629812;0,99009900990099;0,99009900990099
892;237;50,8159796306951;0,257425742574257;0,257425742574257
893;242,164231293193;234,343971945073;0,99009900990099;0,99009900990099
894;241,375282446429;201,953337731924;0,99009900990099;0,99009900990099
895;237;47,0142558059381;0,257425742574257;0,257425742574257
896;237,630433949158;144,309303706634;0,99009900990099;0,99009900990099
897;238,722106771057;123,268210473713;0,99009900990099;0,99009900990099
898;239,20441840652;133,339498926231;0,99009900990099;0,99009900990099
899;237;53,706810893993;0,257425742574257;0,257425742574257
900;243,815008482498;192,423547828051;0,99009900990099;0,99009900990099
901;237;59,354513206776;0,257425742574257;0,257425742574257
902;244,154200487243;154,449571895754;0,99009900990099;0,99009900990099
903;237;59,7148247069307;0,257425742574257;0,257425742574257
904;239,382769072023;135,685150257289;0,99009900990099;0,99009900990099
905;241,173204923002;155,823699929497;0,99009900990099;0,99009900990099
906;243,224444415924;217,263587573294;0,99009900990099;0,99009900990099
907;237;36,3005488095799;0,257425742574257;0,257425742574257
908;237;48,1449119899499;0,257425742574257;0,257425742574257
909;240,099723818094;216,150186800645;0,99009900990099;0,99009900990099
910;237;63,7451914353372;0,257425742574257;0,257425742574257
911;237;53,0986030814092;0,257425742574257;0,257425742574257
912;237;53,0722072534702;0,257425742574257;0,257425742574257
913;237;53,7458184816764;0,257425742574257;0,257425742574257
914;237;166,085505803415;0,683168316831683;0,683168316831683
915;237;178,178900571482;0,683168316831683;0,683168316831683
916;237;75,2489100672218;0,257425742574257;0,257425742574257
917;245,457230212038;356,046410795806;0,99009900990099;0,99009900990099
918;237;57,3302045007212;0,257425742574257;0,257425742574257
919;240,617928478976;140,9035508241;0,99009900990099;0,99009900990099
920;237;43,4585332106643;0,257425742574257;0,257425742574257
921;237;74,045250137236;0,257425742574257;0,257425742574257
922;240,47433533648;184,491285171302;0,99009900990099;0,99009900990099
923;237;45,8074731230949;0,257425742574257;0,257425742574257
924;237;57,8530388046073;0,257425742574257;0,257425742574257
925;238,451385543593;118,577881373151;0,99009900990099;0,99009900990099
926;241,068387121834;243,053867316566;0,99009900990099;0,99009900990099
927;237;40,7007199115715;0,257425742574257;0,257425742574257
928;237;58,9518340757469;0,257425742574257;0,257425742574257
929;245,864159046325;461,131754091104;0,99009900990099;0,99009900990099
930;237;55,3102470196638;0,257425742574257;0,257425742574257
931;237;28,1575768197666;0,257425742574257;0,257425742574257
932;240,579677349887;174,586941372843;0,99009900990099;0,99009900990099
933;237;52,3841878280964;0,257425742574257;0,257425742574257
934;237;60,672215796955;0,257425742574257;0,257425742574257
935;237;49,3720290255713;0,257425742574257;0,257425742574257
936;238,294298943829;99,1824921872616;0,99009900990099;0,99009900990099
937;237;57,0501043166588;0,257425742574257;0,257425742574257
938;237;72,8930772134449;0,257425742574257;0,257425742574257
939;237;53,7232689214246;0,257425742574257;0,257425742574257
940;238,132108294868;233,964797777761;0,99009900990099;0,99009900990099
941;241,389333471182;146,947934514649;0,99009900990099;0,99009900990099
942;241,975008603864;204,243123565722;0,99009900990099;0,99009900990099
943;237;54,4398380566924;0,257425742574257;0,257425742574257
944;242,721295758668;160,549282142896;0,99009900990099;0,99009900990099
945;237;58,1564635326323;0,257425742574257;0,257425742574257
946;239,966636887935;209,81115146401;0,99009900990099;0,99009900990099
947;238,065561080164;251,134151770036;0,99009900990099;0,99009900990099
948;238,277190291179;104,251937708456;0,99009900990099;0,99009900990099
949;237;58,8581158505443;0,257425742574257;0,257425742574257
950;237;58,4347664538028;0,257425742574257;0,257425742574257
951;244,281625513518;288,281618320197;0,99009900990099;0,99009900990099
952;241,395391610973;183,312577607053;0,99009900990099;0,99009900990099
953;241,258151491287;153,909913976337;0,99009900990099;0,99009900990099
954;237;52,8736796925529;0,257425742574257;0,257425742574257
955;237;48,6595616472017;0,257425742574257;0,257425742574257
956;246,247156731734;313,016219327745;0,99009900990099;0,99009900990099
957;237;48,5116290961524;0,257425742574257;0,257425742574257
958;241,077159098826;190,37173573465;0,99009900990099;0,99009900990099
959;248,990995682186;402,603021060304;0,99009900990099;0,99009900990099
960;237;42,1499511483209;0,257425742574257;0,257425742574257
961;240,691698571035;181,885618124069;0,99009900990099;0,99009900990099
962;237;66,1455979132851;0,257425742574257;0,257425742574257
963;237;42,6432406611719;0,257425742574257;0,257425742574257
964;237;70,7422321890711;0,257425742574257;0,257425742574257
965;241,857892238125;192,385232450898;0,99009900990099;0,99009900990099
966;238,974449922929;142,063644506617;0,99009900990099;0,99009900990099
967;239,311789933268;138,03441411971;0,99009900990099;0,99009900990099
968;237;44,4105712954516;0,257425742574257;0,257425742574257
969;239,954775328084;246,152980028254;0,99009900990099;0,99009900990099
970;237;45,7155026051152;0,257425742574257;0,257425742574257
971;237;54,1252170335455;0,257425742574257;0,257425742574257
972;237;58,6717616823236;0,257425742574257;0,257425742574257
973;237;46,3803508819859;0,257425742574257;0,257425742574257
974;237;53,268240185608;0,257425742574257;0,257425742574257
975;240,165089934862;138,593730231316;0,99009900990099;0,99009900990099
976;239,594321326627;216,324315427736;0,99009900990099;0,99009900990099
977;237;61,2386532729029;0,257425742574257;0,257425742574257
978;237;176,211265748271;0,683168316831683;0,683168316831683
979;242,863440970421;169,687374071092;0,99009900990099;0,99009900990099
980;237;41,456407373623;0,257425742574257;0,257425742574257
981;239,135915044875;180,342463163992;0,99009900990099;0,99009900990099
982;237;44,5595471670298;0,257425742574257;0,257425742574257
983;237;50,0007795331894;0,257425742574257;0,257425742574257
984;239,936448300089;156,64749377432;0,99009900990099;0,99009900990099
985;237;55,5372939189659;0,257425742574257;0,257425742574257
986;237;55,5446606757103;0,257425742574257;0,257425742574257
987;245,539605961652;215,106259713929;0,99009900990099;0,99009900990099
988;237;48,6961937492134;0,257425742574257;0,257425742574257
989;237;60,2830642519947;0,257425742574257;0,257425742574257
990;237;47,8891962282093;0,257425742574257;0,257425742574257
991;237;60,8430950696158;0,257425742574257;0,257425742574257
992;237;49,6067863977569;0,257425742574257;0,257425742574257
993;241,78255930457;173,605176732477;0,99009900990099;0,99009900990099
994;243,822474546346;316,055967573568;0,99009900990099;0,99009900990099
995;237;48,0522970523706;0,257425742574257;0,257425742574257
996;237,183944157584;178,03519473299;0,99009900990099;0,99009900990099
997;237;49,6419102163606;0,257425742574257;0,257425742574257
998;237;60,7173912864536;0,257425742574257;0,257425742574257
999;237;53,5279425877844;0,257425742574257;0,257425742574257
