0;47,4435291336862;50,2314978521401;0,935483870967742;1
1;44,9349049968176;38,9483149865901;0,935483870967742;1
2;44,0030291877695;35,585221673633;0,935483870967742;1
3;44,2879746286293;39,4094988591601;0,935483870967742;0,967741935483871
4;44,3540150221039;51,6929620277537;0,935483870967742;1
5;45,7566939554011;58,7687581359947;0,935483870967742;1
6;45,2549021521488;28,4621926847106;0,935483870967742;0,967741935483871
7;43,63628984478;27,7750608189376;0,935483870967742;1
8;44,93326554467;47,4434139232076;0,935483870967742;0,967741935483871
9;45,1541699468207;45,405319431038;0,935483870967742;1
10;46,3047963910705;45,3723372201858;0,935483870967742;0,967741935483871
11;44,289724743622;49,0345223720972;0,935483870967742;1
12;45,8579950779286;34,7282300817191;0,935483870967742;0,967741935483871
13;46,6062752831892;35,5408489576109;0,935483870967742;1
14;46,1738886749933;47,9450788185216;0,935483870967742;0,967741935483871
15;43,9949082378023;34,7074840366621;0,935483870967742;0,967741935483871
16;46,5445840247748;49,982333767832;0,935483870967742;0,967741935483871
17;45,6258441267594;44,4314967415246;0,935483870967742;0,967741935483871
18;45,8559047463079;49,2739251660141;0,935483870967742;0,967741935483871
19;47,3480303673961;48,7327533069305;0,935483870967742;1
20;46,3473558784569;38,1215344297401;0,935483870967742;0,967741935483871
21;44,0599848756794;35,8816533992176;0,935483870967742;1
22;44,7374527359608;38,7683711911395;0,935483870967742;1
23;43,8135171608539;34,7541993675755;0,935483870967742;0,967741935483871
24;45,0439289224922;26,7148478624129;0,935483870967742;1
25;44,0391922661646;33,4460364356717;0,935483870967742;1
26;43,8247621999092;26,9379515301551;0,935483870967742;0,967741935483871
27;43,6705553403069;33,6786799391748;0,935483870967742;0,967741935483871
28;45,5478342008551;38,3880721796738;0,935483870967742;1
29;43,3033197775934;31,3120135538272;0,935483870967742;1
30;49,606634675274;49,7579855366491;0,935483870967742;0,967741935483871
31;45,7669111290589;48,3590613043164;0,935483870967742;0,967741935483871
32;42,7053657471794;41,8993526713284;0,935483870967742;1
33;42,3807977832794;38,2132797805173;0,935483870967742;0,967741935483871
34;46,6942480537735;39,1394852327852;0,935483870967742;0,967741935483871
35;43,4677626099691;47,7493902797922;0,935483870967742;0,967741935483871
36;44,8320366696027;48,5002224185192;0,935483870967742;0,967741935483871
37;44,6536379967578;45,2680108042269;0,935483870967742;0,967741935483871
38;46,8236097127024;56,3710110339785;0,935483870967742;0,967741935483871
39;44,7920594916663;32,9330534954519;0,935483870967742;1
40;43,2964264618865;22,0477205692463;0,935483870967742;0,967741935483871
41;43,4439837387882;27,8285627241983;0,741935483870968;0,806451612903226
42;43,3014763007701;28,942374033449;0,935483870967742;1
43;46,2924823975141;46,614781682668;0,935483870967742;0,967741935483871
44;45,9084742381526;37,1461182515294;0,935483870967742;0,967741935483871
45;46,8545746933418;40,2234206207889;0,935483870967742;0,967741935483871
46;45,2464514650429;42,2363531084457;0,935483870967742;1
47;43,6896759761209;26,6854891185957;0,935483870967742;1
48;43,5974455443728;39,8623055290261;0,935483870967742;0,967741935483871
49;43,6584022254524;26,1655397669671;0,935483870967742;1
50;46,1790955053374;49,719659882823;0,935483870967742;1
51;45,8727447338515;67,7258240639069;0,935483870967742;1
52;44,8328025767746;46,0767988407385;0,935483870967742;0,967741935483871
53;45,5799833466511;39,117735190753;0,935483870967742;0,967741935483871
54;43,9071315702856;45,0378059181058;0,935483870967742;0,967741935483871
55;48,8787595871564;55,2411680623832;0,935483870967742;0,967741935483871
56;46,1372181356501;64,5290665266553;0,935483870967742;1
57;45,2611270199081;49,466330354211;0,935483870967742;0,967741935483871
58;45,3773784459119;41,6422737124627;0,935483870967742;1
59;45,2383249706597;52,5261151415068;0,935483870967742;1
60;44,1245910402763;45,7590300231916;0,935483870967742;1
61;43,7717258059215;33,267879359014;0,935483870967742;0,967741935483871
62;46,2642877758316;36,2571454944634;0,935483870967742;0,967741935483871
63;48,1001507014094;77,9316834291828;0,935483870967742;0,967741935483871
64;44,7750772951515;45,1242127326873;0,935483870967742;1
65;47,1150913053025;43,2846028473755;0,935483870967742;0,967741935483871
66;45,1316132396313;42,9525753422848;0,935483870967742;0,967741935483871
67;43,7663499325873;44,4372990272365;0,935483870967742;0,967741935483871
68;45,9105588856162;58,0382849258523;0,935483870967742;1
69;44,5680542067667;39,1287509291651;0,935483870967742;0,967741935483871
70;47,4798658434693;46,4461272048669;0,935483870967742;0,967741935483871
71;44,8383804139166;43,5093555203129;0,935483870967742;0,967741935483871
72;46,9349761837975;55,897103307671;0,935483870967742;0,967741935483871
73;48,6092040118701;80,4374864966572;0,935483870967742;0,967741935483871
74;39,7877154585214;31,812243991336;0,741935483870968;0,806451612903226
75;44,9620485707448;41,4631867211267;0,935483870967742;0,967741935483871
76;46,1641853379251;47,3041247344986;0,935483870967742;0,967741935483871
77;45,3134907182884;51,1770245672153;0,935483870967742;1
78;46,4410912964656;39,9303550048304;0,935483870967742;0,967741935483871
79;43,8451199150291;19,6007716253798;0,935483870967742;1
80;46,1153363401501;41,3596633667091;0,935483870967742;0,967741935483871
81;44,907700166337;27,1830025913177;0,935483870967742;0,967741935483871
82;44,2588128878957;52,1170252984651;0,935483870967742;0,967741935483871
83;46,8324682138172;58,5486369199125;0,935483870967742;0,967741935483871
84;46,2502388397712;48,740849418297;0,935483870967742;0,967741935483871
85;45,0635287363168;54,4356457035839;0,935483870967742;0,967741935483871
86;44,4482554789186;52,6915316049479;0,935483870967742;0,967741935483871
87;43,5135441485787;34,2064607716074;0,935483870967742;1
88;46,0646672028698;44,042473883557;0,935483870967742;1
89;47,090954561297;48,8388152847472;0,935483870967742;0,967741935483871
90;44,9673443980386;36,1421470663386;0,935483870967742;1
91;45,7593461057624;56,0235506756547;0,935483870967742;1
92;46,6117895655867;38,3516892478063;0,935483870967742;1
93;47,1243944722157;53,6881239926867;0,935483870967742;1
94;45,7838246884109;34,1779253374565;0,935483870967742;0,967741935483871
95;44,9778490222689;28,0414463225599;0,935483870967742;0,967741935483871
96;45,2749777943571;51,4763030028786;0,935483870967742;0,967741935483871
97;46,0488672419176;40,9703184974238;0,935483870967742;1
98;44,3817216416853;34,5810573162575;0,935483870967742;1
99;43,5601451379264;27,642723592366;0,935483870967742;1
100;44,9042742465622;38,4537962431604;0,935483870967742;1
101;43,5143602986443;33,0379182699429;0,935483870967742;1
102;43,7684866113445;25,5138993094434;0,935483870967742;1
103;44,3470174179281;31,9850263503098;0,935483870967742;1
104;43,9338249046;31,6009683978176;0,935483870967742;1
105;44,5604645901052;38,7256156588165;0,935483870967742;1
106;45,7562362954575;39,0279618671699;0,935483870967742;1
107;44,193887736757;30,6449448065222;0,709677419354839;0,774193548387097
108;44,3003143641679;34,0774000360027;0,935483870967742;1
109;43,8516116887587;41,6128030224494;0,935483870967742;0,967741935483871
110;45,7410923964799;44,4949464176891;0,935483870967742;1
111;47,12778184303;45,7825013342274;0,935483870967742;1
112;44,1718610379124;27,994648768439;0,935483870967742;1
113;43,7275280939343;28,3274461621165;0,935483870967742;1
114;44,6557966306141;32,0508096241394;0,935483870967742;1
115;45,334338929081;50,2938443397557;0,935483870967742;1
116;44,9943374374898;32,4591659994863;0,935483870967742;1
117;43,5140890524964;32,278106383109;0,935483870967742;0,967741935483871
118;45,2206244556601;36,4519893342479;0,935483870967742;0,967741935483871
119;45,2811800793223;45,0711446654679;0,935483870967742;0,967741935483871
120;45,7225808785847;54,7025182383138;0,935483870967742;0,967741935483871
121;44,8193269660232;37,5506328882751;0,935483870967742;1
122;43,3961621892872;48,3621285644725;0,935483870967742;1
123;45,0775816300195;28,3317035810282;0,935483870967742;1
124;45,3581538774936;29,8670619032099;0,935483870967742;0,967741935483871
125;45,5828967975352;45,0285656473191;0,935483870967742;1
126;44,7969289478662;31,1449081522703;0,935483870967742;1
127;48,8085612066802;45,526341318167;0,935483870967742;0,967741935483871
128;42,8077397799255;40,327912440018;0,935483870967742;1
129;47,6065913446016;39,8295315423497;0,935483870967742;1
130;47,0213614367183;49,0981838046338;0,935483870967742;1
131;43,5779678001368;38,1199725728905;0,935483870967742;0,967741935483871
132;44,0617365296851;27,0917027728755;0,935483870967742;1
133;43,9336900580292;30,6698836240178;0,935483870967742;1
134;45,3436527562033;39,8019371881693;0,935483870967742;0,967741935483871
135;44,3802193391282;37,6698887835854;0,935483870967742;1
136;45,4677181012774;48,7127092461317;0,935483870967742;1
137;44,0944269490642;47,7803939242285;0,935483870967742;0,967741935483871
138;46,0199034111312;50,8741359953659;0,935483870967742;0,967741935483871
139;44,8277056139838;37,2283447349349;0,935483870967742;0,967741935483871
140;45,4148600195542;33,1402886609846;0,935483870967742;0,967741935483871
141;48,404406927336;69,1060510090459;0,935483870967742;1
142;44,1898344441713;29,4592417406763;0,935483870967742;0,967741935483871
143;46,3641836987351;43,5551857350367;0,935483870967742;0,967741935483871
144;42,9812721194245;25,1368290307175;0,935483870967742;1
145;47,4508538506581;44,3761966972468;0,935483870967742;1
146;42,3015463908671;33,0315571066194;0,935483870967742;1
147;43,2974078078773;25,9259447142924;0,935483870967742;0,967741935483871
148;47,0577673523382;63,450236095006;0,935483870967742;0,967741935483871
149;44,9990754808418;49,7725109273559;0,935483870967742;1
150;46,5086261764174;24,5025586789248;0,935483870967742;1
151;44,7973721414767;48,6024347828876;0,935483870967742;1
152;45,1213103349815;59,775944835843;0,935483870967742;1
153;45,6929241332879;53,6736567265705;0,935483870967742;0,967741935483871
154;42,9098807569395;36,5444224729912;0,935483870967742;0,967741935483871
155;46,5916766337902;55,6851189293095;0,935483870967742;1
156;46,2865554659105;55,4659500599955;0,935483870967742;1
157;47,8471132362251;60,0643768533359;0,935483870967742;1
158;46,3661856014074;66,8638004577649;0,935483870967742;1
159;43,3434580086557;42,9875410779341;0,935483870967742;0,967741935483871
160;43,4273398534305;25,4834421867244;0,935483870967742;0,967741935483871
161;43,9972435691517;38,6536363741548;0,935483870967742;1
162;47,7751272341608;50,7313727340847;0,935483870967742;0,967741935483871
163;44,4744813969582;52,6162287136559;0,935483870967742;0,967741935483871
164;43,9299296277304;40,7345358402653;0,935483870967742;1
165;44,8631701488789;47,5520112602071;0,935483870967742;1
166;45,7529762113377;50,3714531405153;0,935483870967742;1
167;42,7943129237779;28,729608950403;0,935483870967742;0,967741935483871
168;46,3658572255519;53,0693455626708;0,935483870967742;1
169;48,7440397765667;44,1534614743187;0,935483870967742;0,967741935483871
170;45,2583452600893;43,5584406882926;0,935483870967742;1
171;44,8841998507957;62,5023554105847;0,935483870967742;0,967741935483871
172;47,1105918468063;66,9781566137314;0,935483870967742;0,967741935483871
173;46,8459314265579;49,2047712309291;0,935483870967742;0,967741935483871
174;46,2260820647426;39,0712990109761;0,935483870967742;1
175;44,5332938577518;31,1567801055355;0,935483870967742;1
176;45,5187124693661;20,3351285510178;0,935483870967742;0,967741935483871
177;45,9200416463465;45,5341766627298;0,935483870967742;1
178;47,2141133701326;39,1836549180261;0,935483870967742;1
179;44,6166777006256;27,2642601719135;0,935483870967742;1
180;44,8966241681037;45,2002113565537;0,935483870967742;1
181;45,4675011629354;45,1675244758195;0,935483870967742;1
182;46,348259996542;65,8019976478468;0,935483870967742;0,967741935483871
183;45,545820099589;54,3553497569825;0,935483870967742;0,967741935483871
184;42,2423614049088;27,6015386825165;0,935483870967742;0,967741935483871
185;46,2895621178756;60,4232613632612;0,935483870967742;0,967741935483871
186;43,3062649299979;26,967109506111;0,935483870967742;1
187;46,1401846148058;46,4263190265207;0,935483870967742;0,967741935483871
188;45,7288873896915;42,6515323500279;0,935483870967742;0,967741935483871
189;47,9841889715804;61,0111025871283;0,935483870967742;1
190;44,2926509013241;57,4850154661723;0,935483870967742;0,967741935483871
191;45,0169351523445;40,5490225224066;0,935483870967742;1
192;46,6426475231234;38,9777840044068;0,935483870967742;0,967741935483871
193;43,724604257641;52,6017098599749;0,935483870967742;0,967741935483871
194;48,0181710470145;38,7643949866539;0,935483870967742;1
195;43,3631254470668;33,1488749128259;0,935483870967742;1
196;47,8052983279396;49,9771872156199;0,935483870967742;1
197;44,1067838802495;29,2579215544747;0,935483870967742;0,967741935483871
198;43,4161420475088;31,0351774807491;0,935483870967742;0,967741935483871
199;46,3121857433326;45,2976986249948;0,935483870967742;0,967741935483871
200;45,5113833714078;60,5206539796299;0,935483870967742;1
201;40,083938688149;21,8586752209507;0,741935483870968;0,774193548387097
202;45,2667455605256;46,4308225227944;0,935483870967742;0,967741935483871
203;44,8850605419285;42,5397551326405;0,935483870967742;1
204;44,2149625097006;35,4517773813209;0,935483870967742;0,967741935483871
205;44,7680888786149;33,5431640042204;0,935483870967742;1
206;46,6947910808308;49,5091081142518;0,935483870967742;0,967741935483871
207;43,5239032291493;34,0835537780998;0,935483870967742;1
208;46,0604486401868;52,4550517489888;0,935483870967742;0,967741935483871
209;43,8190167021786;37,4045045734974;0,935483870967742;1
210;49,9652856772668;75,8857865932726;0,935483870967742;0,967741935483871
211;42,6057697636826;39,7588934893237;0,935483870967742;0,967741935483871
212;43,8064359396229;44,6990650198974;0,935483870967742;1
213;42,911562327329;48,8605039177986;0,935483870967742;1
214;44,6956036698481;35,8107991816688;0,935483870967742;0,967741935483871
215;46,5588368775972;49,9956301546319;0,935483870967742;0,967741935483871
216;46,7698130611493;50,0576675844717;0,935483870967742;0,967741935483871
217;44,0256218526478;46,4250453620561;0,935483870967742;0,967741935483871
218;44,5185482894314;52,7052113897612;0,935483870967742;1
219;47,9071280217479;60,2507373876977;0,935483870967742;1
220;44,6140532331234;55,2567623032563;0,935483870967742;0,967741935483871
221;47,3677397211644;50,7654893253915;0,935483870967742;0,967741935483871
222;48,5116429011001;55,4346269001771;0,935483870967742;1
223;44,912631003614;35,5806649921996;0,935483870967742;0,967741935483871
224;43,0218629167221;38,3095169317907;0,935483870967742;0,967741935483871
225;42,9369706424771;32,3940563735786;0,935483870967742;1
226;45,8541134134801;46,3078225868236;0,935483870967742;1
227;43,9919330123093;37,0073552355443;0,935483870967742;0,967741935483871
228;43,6606257801545;31,5887920018669;0,935483870967742;0,967741935483871
229;44,4071507096939;36,333357951608;0,935483870967742;1
230;41,8916048626809;27,7368383661422;0,709677419354839;0,774193548387097
231;42,6128548151376;36,6976482181111;0,935483870967742;1
232;43,5751260239946;49,2009645477089;0,935483870967742;1
233;46,9818121733915;48,580904684938;0,935483870967742;0,967741935483871
234;45,4081182427587;35,7613076111969;0,935483870967742;1
235;44,3656888725642;43,596882812236;0,935483870967742;1
236;45,0946800696637;40,3940901235265;0,935483870967742;1
237;49,2015374294354;74,5380893803855;0,935483870967742;0,967741935483871
238;44,0968237581448;42,3254332738884;0,935483870967742;0,967741935483871
239;48,1936983505187;63,742753733063;0,935483870967742;0,967741935483871
240;46,4596506385541;43,3195781206314;0,935483870967742;0,967741935483871
241;44,8178559932575;43,5832784304129;0,935483870967742;1
242;46,4930510264725;30,1725044494795;0,935483870967742;0,967741935483871
243;43,307808307537;43,0660798604368;0,935483870967742;0,967741935483871
244;43,5426998090922;33,9034630547306;0,935483870967742;1
245;45,3097875964199;71,4080714000556;0,935483870967742;1
246;45,0293014758672;33,3043915190961;0,935483870967742;1
247;43,8693928215784;46,1571624260984;0,935483870967742;1
248;47,3528173658277;34,1181290029353;0,935483870967742;1
249;43,2392766703888;36,1978696660048;0,935483870967742;1
250;46,6753192209037;41,5327684204334;0,935483870967742;1
251;44,2494896325735;28,4924090793748;0,935483870967742;0,967741935483871
252;48,0237085370728;45,5673392203116;0,935483870967742;1
253;44,1880878635032;55,2468103016775;0,935483870967742;0,967741935483871
254;43,3747547430492;33,2538743697524;0,935483870967742;1
255;44,0534525021367;33,9748817976242;0,935483870967742;0,967741935483871
256;46,1384368899137;46,1663116359804;0,935483870967742;1
257;42,4880054965685;37,6556817037267;0,935483870967742;1
258;47,8129228756497;49,5123330473429;0,935483870967742;0,967741935483871
259;44,6411088828649;49,4315845591471;0,935483870967742;0,967741935483871
260;46,344568126313;52,1768788458501;0,935483870967742;0,967741935483871
261;43,1824250268132;58,2036290592991;0,935483870967742;1
262;42,9562449956442;40,0674701889531;0,935483870967742;0,967741935483871
263;45,9552030618073;42,2962460709386;0,935483870967742;0,967741935483871
264;43,0403328881662;47,3100394146093;0,935483870967742;1
265;47,2037124732143;52,6508358882887;0,935483870967742;1
266;43,838512295602;34,2440260009108;0,935483870967742;1
267;43,7061674298601;56,9354067143543;0,935483870967742;0,967741935483871
268;47,632415708007;47,2732973642056;0,935483870967742;1
269;44,61415764412;41,2549132639788;0,935483870967742;0,967741935483871
270;43,6381037818752;28,2047758007126;0,935483870967742;1
271;46,1371400081943;42,7662235690288;0,935483870967742;1
272;43,7208553549732;30,0296777786257;0,935483870967742;1
273;43,9053397775944;41,8946057329612;0,935483870967742;0,967741935483871
274;46,5301460496595;50,6345054886903;0,935483870967742;0,967741935483871
275;46,4587736928661;54,9395427273403;0,935483870967742;1
276;44,3941966767978;30,0424820283976;0,935483870967742;1
277;46,2051457758027;29,5209771576893;0,935483870967742;1
278;46,7934142242731;44,5539683323768;0,935483870967742;0,967741935483871
279;43,7584235430689;30,3080355420058;0,935483870967742;1
280;45,2559569163772;54,5573094448481;0,935483870967742;0,967741935483871
281;46,5322213653227;41,4403899230503;0,935483870967742;1
282;45,8735286401562;63,554084438632;0,935483870967742;1
283;43,2774318481012;26,204505452011;0,935483870967742;0,967741935483871
284;46,6846102194555;61,8908744338859;0,935483870967742;1
285;44,1601324815627;49,4740724690896;0,935483870967742;0,967741935483871
286;49,7181274585215;61,9261440518498;0,935483870967742;0,967741935483871
287;46,7544891404069;47,4048228036846;0,935483870967742;0,967741935483871
288;44,9900098873403;59,6706436068632;0,935483870967742;1
289;47,4462024917085;57,5070398799424;0,935483870967742;1
290;44,926319750496;31,4324446538058;0,935483870967742;0,967741935483871
291;44,9920653544476;35,5192626004927;0,935483870967742;1
292;45,5444796351451;36,6157138561058;0,935483870967742;1
293;45,0813813425597;32,3529397228266;0,935483870967742;1
294;43,866361544225;30,3592006963235;0,935483870967742;0,967741935483871
295;48,2837727899751;71,4257544117563;0,935483870967742;1
296;44,75772832142;40,8521507372892;0,935483870967742;1
297;47,6353213098332;61,2639198332053;0,935483870967742;0,967741935483871
298;46,8825498920041;35,7873036964108;0,935483870967742;1
299;44,2591897122793;24,3930544667939;0,935483870967742;0,967741935483871
300;44,6539837374223;31,2151306118915;0,935483870967742;1
301;43,0339590589673;38,6328670585673;0,935483870967742;1
302;43,726366887131;25,0073338881198;0,935483870967742;0,967741935483871
303;44,5036032358735;23,7384211697883;0,935483870967742;1
304;48,3198606092708;65,8123588401531;0,935483870967742;1
305;45,4450537230583;28,7501815491425;0,935483870967742;0,967741935483871
306;44,345250600743;50,1074803608302;0,935483870967742;1
307;44,6462935519525;66,7547585278015;0,935483870967742;1
308;45,3544682567693;31,4445816755291;0,935483870967742;1
309;45,1835892232674;35,6483850585119;0,935483870967742;0,967741935483871
310;45,6488957115907;57,4279986221163;0,935483870967742;0,967741935483871
311;44,924972301817;49,5649069229826;0,935483870967742;0,967741935483871
312;47,5474795489254;57,7122463320109;0,935483870967742;0,967741935483871
313;44,7311183612399;38,3917231108239;0,935483870967742;1
314;48,7251809890276;78,4712263742761;0,935483870967742;1
315;46,9749535267398;45,3011606682242;0,935483870967742;0,967741935483871
316;42,5352118127405;24,8578872117647;0,709677419354839;0,741935483870968
317;43,9030656425069;37,0301635865475;0,935483870967742;0,967741935483871
318;44,6089627940318;37,8586157489205;0,935483870967742;0,967741935483871
319;46,1303332420729;71,438322196174;0,935483870967742;1
320;46,6009464103097;63,642764441953;0,935483870967742;0,967741935483871
321;44,2561927767382;34,1185433563762;0,935483870967742;1
322;45,09649188443;40,7558632651068;0,935483870967742;0,967741935483871
323;47,0252591719406;47,0923025962937;0,935483870967742;0,967741935483871
324;45,2904461731021;38,9124954082792;0,935483870967742;1
325;44,0298325216979;29,9838612121287;0,935483870967742;0,967741935483871
326;43,7295735853403;36,3562696817923;0,935483870967742;1
327;45,8454524744507;50,2782787695203;0,935483870967742;1
328;47,9411591820481;50,9223042770618;0,935483870967742;0,967741935483871
329;46,6989328850347;46,7124180420021;0,935483870967742;1
330;42,1253118765353;39,8646385162178;0,935483870967742;0,967741935483871
331;43,8408645383975;45,1997314365917;0,935483870967742;1
332;44,3274717273999;28,1984895851612;0,935483870967742;0,967741935483871
333;44,917315544021;41,7134510206789;0,935483870967742;0,967741935483871
334;44,2149615596005;43,7435426259015;0,935483870967742;1
335;43,2725740395571;49,2620512572561;0,741935483870968;0,774193548387097
336;45,1256764441198;49,6812931087249;0,935483870967742;1
337;46,0132277840333;44,6422175765019;0,935483870967742;1
338;45,1021369413151;35,537967420031;0,935483870967742;1
339;43,704706084528;29,8611785618534;0,935483870967742;0,967741935483871
340;44,8343463207073;50,5522386285043;0,935483870967742;1
341;45,0731074116804;35,5986021424116;0,935483870967742;0,967741935483871
342;45,4889387430964;33,7066179185512;0,935483870967742;1
343;43,4828172974096;34,333338375432;0,935483870967742;1
344;45,2817512861445;38,7815123437202;0,935483870967742;1
345;45,366920435599;57,1013212087504;0,935483870967742;0,967741935483871
346;44,2445428699481;34,9604145297857;0,935483870967742;1
347;44,7562985331088;53,2270533725159;0,935483870967742;0,967741935483871
348;45,4311698895298;35,3531319645911;0,935483870967742;0,967741935483871
349;44,7155591889536;41,5046609474657;0,935483870967742;1
350;44,4980103327999;44,5198199622385;0,935483870967742;1
351;46,445286836298;54,5952936120461;0,935483870967742;1
352;43,6909288356193;38,5108592883361;0,935483870967742;1
353;45,2201711909432;37,9241852750428;0,935483870967742;0,967741935483871
354;47,6687499837633;60,1327472385804;0,935483870967742;1
355;43,3472740217389;40,2849855445911;0,935483870967742;0,967741935483871
356;46,3372658545972;51,2104336684924;0,935483870967742;1
357;45,7550991338281;52,496121833957;0,935483870967742;1
358;44,6126431867374;44,45543791157;0,935483870967742;1
359;44,0498526540071;32,2295977814491;0,935483870967742;0,967741935483871
360;44,4701529450491;44,4044265481344;0,935483870967742;1
361;44,8103935773171;41,6620471215482;0,935483870967742;1
362;44,4116049887227;35,642686926539;0,935483870967742;1
363;44,0511328626238;36,7656681948789;0,935483870967742;1
364;45,7553106907382;53,2622100105416;0,935483870967742;1
365;44,4125177322624;42,3850828277345;0,935483870967742;1
366;43,4353576607929;40,7440207910928;0,935483870967742;0,967741935483871
367;46,834948571303;67,8952089166879;0,935483870967742;0,967741935483871
368;44,851270589338;52,3734430458844;0,935483870967742;1
369;45,2753890796365;32,1535511940938;0,935483870967742;0,967741935483871
370;46,6383864626804;63,348038987353;0,935483870967742;0,967741935483871
371;43,5159279607834;31,2347419503953;0,935483870967742;0,967741935483871
372;46,5303629205279;44,7779932767028;0,935483870967742;1
373;45,6143206984368;56,4058069738659;0,935483870967742;1
374;44,2845454802128;36,8665358580782;0,935483870967742;1
375;43,5018981535397;30,0120137489352;0,935483870967742;0,967741935483871
376;48,5684520323856;65,0532584508571;0,935483870967742;0,967741935483871
377;48,7464505868151;71,7808256933083;0,935483870967742;0,967741935483871
378;46,9446300754187;43,3152462895632;0,935483870967742;1
379;46,8106436949727;32,7463623237056;0,935483870967742;0,967741935483871
380;43,2031252322539;29,5477043469353;0,935483870967742;0,967741935483871
381;44,2124427707764;37,0780429239379;0,935483870967742;1
382;44,3578638303191;44,0055545865761;0,935483870967742;0,967741935483871
383;47,7966299697689;65,3391959969433;0,935483870967742;0,967741935483871
384;46,8028069879053;34,8103581758888;0,935483870967742;0,967741935483871
385;44,5627928743235;50,4379772414536;0,935483870967742;0,967741935483871
386;44,2148613080771;32,6599895506891;0,935483870967742;0,967741935483871
387;44,6097770072321;33,5702243205922;0,935483870967742;1
388;48,7236984292465;54,8151862351404;0,935483870967742;1
389;47,0234496657493;41,4321637099529;0,935483870967742;0,967741935483871
390;45,9915643066456;36,1675755384981;0,935483870967742;0,967741935483871
391;43,4580738209104;17,9233158219222;0,935483870967742;0,967741935483871
392;45,0233215331609;52,0591611720106;0,935483870967742;1
393;43,6842784562233;35,314722579866;0,935483870967742;1
394;44,7861414105428;35,14244859003;0,935483870967742;0,967741935483871
395;42,7770922680279;39,110762333732;0,935483870967742;1
396;45,1359895029444;36,1639949361303;0,935483870967742;1
397;46,1757150488211;67,5693207394062;0,935483870967742;0,967741935483871
398;43,5833684279443;38,7559043897324;0,935483870967742;1
399;44,7680180323198;45,5868248797004;0,935483870967742;1
400;45,9803215267642;33,9609615536494;0,935483870967742;0,967741935483871
401;42,2676790822083;22,4516855243608;0,741935483870968;0,774193548387097
402;44,3272810965118;44,2934497412813;0,935483870967742;0,967741935483871
403;45,3725985318339;36,9795421081058;0,935483870967742;1
404;45,7096948251718;41,2301039159715;0,935483870967742;0,967741935483871
405;45,8396434098567;51,4380106094674;0,935483870967742;1
406;43,4138661520261;41,546997448055;0,935483870967742;0,967741935483871
407;43,8784464857486;35,7349068420521;0,935483870967742;0,967741935483871
408;45,800519753789;45,1968345595716;0,935483870967742;0,967741935483871
409;45,075927623053;41,3586413371029;0,935483870967742;0,967741935483871
410;45,4356384441571;39,9404120694646;0,935483870967742;0,967741935483871
411;43,8211134060583;22,6323292622102;0,935483870967742;1
412;44,1862617569577;27,3890859585044;0,935483870967742;0,967741935483871
413;46,1638756056041;47,5523714983608;0,935483870967742;0,967741935483871
414;45,2081694707906;62,7784371059299;0,935483870967742;0,967741935483871
415;43,0232882436974;46,9417457408392;0,935483870967742;1
416;46,5958482793999;59,4411168646435;0,935483870967742;0,967741935483871
417;43,2384142045995;34,4262947249127;0,935483870967742;0,967741935483871
418;45,1761764028016;34,5913973731069;0,935483870967742;1
419;43,1400245504127;30,9289230445746;0,935483870967742;1
420;43,1461916474898;40,7776521365616;0,935483870967742;0,967741935483871
421;43,3771660133394;33,4766605202092;0,935483870967742;1
422;44,8636411431048;40,6912637730487;0,935483870967742;0,967741935483871
423;46,3098180463371;71,4018429815604;0,935483870967742;0,967741935483871
424;47,4915167087463;56,8932740546208;0,935483870967742;0,967741935483871
425;44,1647964009503;27,6780735064884;0,935483870967742;0,967741935483871
426;45,7671669422088;43,3251609476333;0,935483870967742;0,967741935483871
427;44,9910280311706;40,1673690710801;0,935483870967742;0,967741935483871
428;42,876290417083;21,6514049423909;0,935483870967742;1
429;47,4987087044403;50,6314185005641;0,935483870967742;1
430;43,9984390128608;30,7681335967607;0,935483870967742;1
431;46,7188502256356;40,0567542050679;0,935483870967742;1
432;44,3177901573193;37,6887325341714;0,935483870967742;1
433;50,6636542596531;91,6725906768828;0,935483870967742;1
434;42,5253894010365;37,8912579518604;0,935483870967742;0,967741935483871
435;45,5042998426721;52,9795691103307;0,935483870967742;0,967741935483871
436;46,7279531511017;54,7713766961818;0,935483870967742;0,967741935483871
437;43,4291301997746;39,7949999629296;0,935483870967742;0,967741935483871
438;45,7706076163383;43,3643114179047;0,935483870967742;1
439;48,277378171864;45,6880777722199;0,935483870967742;1
440;47,982751076625;60,2083288852912;0,935483870967742;0,967741935483871
441;44,4716161397607;32,7118310722741;0,935483870967742;0,967741935483871
442;44,7989857766624;35,0684501923208;0,935483870967742;0,967741935483871
443;47,0339104933837;46,6695508367728;0,935483870967742;0,967741935483871
444;47,0674488809839;60,9924159988766;0,935483870967742;1
445;42,3657892108491;28,4202839397378;0,935483870967742;0,967741935483871
446;47,0446022657599;34,7783452894976;0,935483870967742;0,967741935483871
447;44,4227353773711;37,6475439358822;0,935483870967742;0,967741935483871
448;46,0561480400116;33,6805811865958;0,935483870967742;1
449;45,6011879822869;45,4629945820543;0,935483870967742;1
450;43,7292745818994;30,1769076015132;0,935483870967742;1
451;44,9904950688692;61,9471637087644;0,935483870967742;1
452;43,7228501383949;44,1860990200841;0,935483870967742;1
453;48,5520755821054;58,2633397914114;0,935483870967742;0,967741935483871
454;45,0798900732066;22,903389425832;0,935483870967742;1
455;45,6527623380159;55,9374665780787;0,935483870967742;0,967741935483871
456;44,9753043664708;32,4667997778037;0,935483870967742;0,967741935483871
457;43,6397922049228;41,0103677293912;0,935483870967742;0,967741935483871
458;44,0205892768991;27,3366024000114;0,935483870967742;1
459;44,6142002051691;44,237296104084;0,935483870967742;1
460;42,5906274984719;31,2514147909465;0,935483870967742;1
461;43,5104749729384;30,8261395725841;0,935483870967742;0,967741935483871
462;44,9624396132275;39,5838189671519;0,935483870967742;0,967741935483871
463;46,1668776573581;57,2256839925566;0,935483870967742;1
464;46,0127296246711;61,6559929333092;0,935483870967742;1
465;45,9815020149466;37,5609371194333;0,935483870967742;0,967741935483871
466;43,6539480066536;38,9098622677683;0,935483870967742;0,967741935483871
467;48,7290923153663;81,0044497520374;0,935483870967742;1
468;42,5976583796721;26,1798841756511;0,935483870967742;0,967741935483871
469;43,8183423871381;29,6367098284929;0,935483870967742;1
470;45,9637159879031;49,7005542037596;0,935483870967742;1
471;46,4985208169024;76,0510497286714;0,935483870967742;1
472;42,2276275023894;44,4144472303225;0,935483870967742;1
473;47,2704092005317;50,889064815569;0,935483870967742;0,967741935483871
474;47,6130147881205;47,9410353152308;0,935483870967742;0,967741935483871
475;44,2951721581954;45,8421192439881;0,935483870967742;1
476;44,3241523038647;41,6489243299009;0,935483870967742;0,967741935483871
477;47,9640853697476;51,1468856696264;0,935483870967742;1
478;46,1941382355972;54,0316364727978;0,935483870967742;0,967741935483871
479;45,8141800288337;39,6376899929484;0,935483870967742;0,967741935483871
480;47,8134394347916;46,9050765878382;0,935483870967742;0,967741935483871
481;46,9195009168439;51,8582908206438;0,935483870967742;1
482;45,8284080757794;52,4473958629954;0,935483870967742;1
483;48,3765396868832;36,7877409670949;0,935483870967742;0,967741935483871
484;45,1602260683381;37,5895743548859;0,935483870967742;1
485;45,4954276621379;34,988025121734;0,935483870967742;0,967741935483871
486;46,7270833059798;39,0366875276577;0,935483870967742;0,967741935483871
487;44,1995905906391;25,9751708294563;0,935483870967742;0,967741935483871
488;44,0437450687243;47,6707254769219;0,935483870967742;1
489;44,8313826394472;42,9958178533202;0,935483870967742;1
490;44,0832803849773;43,8105289662726;0,935483870967742;1
491;44,2137627751962;46,7704427456591;0,935483870967742;1
492;46,7015710857615;54,1229591476614;0,935483870967742;0,967741935483871
493;44,1806562657534;38,6206631187994;0,935483870967742;1
494;47,7548560936974;48,1342249872727;0,935483870967742;0,967741935483871
495;51,7611319090539;63,2699644547295;0,935483870967742;0,967741935483871
496;46,9528664373216;66,3587023150713;0,935483870967742;1
497;44,5354541356178;33,0080763042152;0,935483870967742;0,967741935483871
498;44,3499261040484;39,8481651807183;0,935483870967742;1
499;43,2103102288971;30,9941612403868;0,935483870967742;0,967741935483871
500;45,4762737798011;40,0209780135738;0,935483870967742;1
501;44,3513989515064;39,3552999202409;0,935483870967742;1
502;46,4731837101357;48,5286849744753;0,935483870967742;1
503;43,1249175678069;26,6282823903525;0,935483870967742;0,967741935483871
504;46,2124384967026;51,8454043906936;0,935483870967742;1
505;44,1478000588013;32,2164398607097;0,935483870967742;0,967741935483871
506;44,3569941248543;42,0231774638341;0,935483870967742;0,967741935483871
507;44,387271256398;52,3253087810773;0,935483870967742;0,967741935483871
508;41,9731547308702;43,8696340478383;0,935483870967742;0,967741935483871
509;46,8008275704356;73,1012935883008;0,935483870967742;0,967741935483871
510;45,1711906084066;44,2456296910489;0,935483870967742;1
511;44,702003560026;31,7879220433801;0,935483870967742;1
512;43,0877648627167;25,4365632978866;0,935483870967742;1
513;47,8285925708717;71,4491247100725;0,935483870967742;1
514;46,014564616926;65,1667046381591;0,935483870967742;1
515;45,3913225938131;59,8944785497206;0,935483870967742;0,967741935483871
516;46,8127297865971;46,5615269923417;0,935483870967742;1
517;45,6069071718561;39,0706397253329;0,935483870967742;1
518;44,0819865920506;39,3963660547127;0,935483870967742;0,967741935483871
519;45,1668599010119;52,027773721646;0,935483870967742;0,967741935483871
520;44,3798344547047;51,248651032069;0,935483870967742;0,967741935483871
521;45,4655421017926;44,50910440407;0,935483870967742;0,967741935483871
522;43,953978077138;32,617364260265;0,935483870967742;0,967741935483871
523;43,9040958541765;43,6983677904295;0,935483870967742;0,967741935483871
524;43,9174685331514;27,6887483546208;0,935483870967742;1
525;44,828806170213;35,2219291253781;0,935483870967742;0,967741935483871
526;46,9811621768373;38,2577263862439;0,935483870967742;0,967741935483871
527;45,5054428074199;50,5676950061587;0,935483870967742;1
528;47,8082392184699;39,9728861167537;0,935483870967742;0,967741935483871
529;45,8276812792456;61,6951484800004;0,935483870967742;0,967741935483871
530;45,1661222071907;37,0029140056666;0,935483870967742;1
531;44,0858554792442;35,5522356607953;0,935483870967742;0,967741935483871
532;44,226518116586;34,1905091308535;0,935483870967742;1
533;47,6176965575755;56,3515233372753;0,935483870967742;1
534;47,1778494229676;70,0607251021548;0,935483870967742;1
535;43,267907029875;40,1183152255851;0,935483870967742;1
536;47,0268934034277;50,4416738036394;0,935483870967742;1
537;44,3673927460963;51,722707716438;0,935483870967742;0,967741935483871
538;43,0025817970082;55,5813221647172;0,935483870967742;0,967741935483871
539;45,2472502404174;58,0015273368732;0,935483870967742;0,967741935483871
540;43,4680562859556;32,3600668841783;0,935483870967742;1
541;46,9802199082426;54,3614481808478;0,935483870967742;0,967741935483871
542;44,9785444026545;60,9628962153329;0,935483870967742;0,967741935483871
543;43,8185016812109;21,4972384987462;0,935483870967742;0,967741935483871
544;45,9822054577241;43,7875387652898;0,935483870967742;1
545;44,0652329676652;27,6515511137691;0,935483870967742;1
546;46,2247176180767;42,6421622655688;0,935483870967742;0,967741935483871
547;44,9356669015925;32,2015386851867;0,935483870967742;0,967741935483871
548;46,4286959989439;39,9123507625297;0,935483870967742;1
549;43,453085712937;38,5849677597477;0,935483870967742;1
550;46,4791154685613;49,063532000444;0,935483870967742;1
551;45,7165180431145;41,4587286157486;0,935483870967742;0,967741935483871
552;43,8388489210946;39,8201296161138;0,935483870967742;1
553;46,624098589451;29,055940058994;0,935483870967742;1
554;43,866635628055;29,2814573401091;0,935483870967742;0,967741935483871
555;44,1969698610782;31,6095848688389;0,935483870967742;0,967741935483871
556;49,9439234782951;56,9530675871723;0,935483870967742;0,967741935483871
557;48,1610980586942;59,2355976030817;0,935483870967742;1
558;43,0370527271183;29,8183961723166;0,935483870967742;1
559;44,663067257883;32,0826210221189;0,935483870967742;0,967741935483871
560;44,5951204054223;42,0578205852155;0,935483870967742;0,967741935483871
561;45,3828274511583;30,1893590550293;0,935483870967742;0,967741935483871
562;45,8774250999293;37,0073730182684;0,935483870967742;1
563;45,8598502337588;65,4369220803961;0,935483870967742;0,967741935483871
564;45,4457949757504;43,500066435939;0,935483870967742;0,967741935483871
565;44,5529259472459;29,4547941483031;0,935483870967742;1
566;46,5504524191657;48,6251717994469;0,935483870967742;0,967741935483871
567;46,2323864242201;42,6700469319975;0,935483870967742;0,967741935483871
568;45,3204448652693;41,4954135617062;0,935483870967742;0,967741935483871
569;47,3196533759915;53,5386760388517;0,935483870967742;1
570;43,4834826396108;29,7737586390907;0,935483870967742;1
571;44,444692861994;45,2618657640896;0,935483870967742;0,967741935483871
572;45,7616272088869;42,2171570115373;0,935483870967742;0,967741935483871
573;45,0920537233889;45,582383627667;0,935483870967742;1
574;43,2818942571407;30,9684531739212;0,935483870967742;1
575;46,9032128730857;51,4771334602733;0,935483870967742;0,967741935483871
576;47,2247819841047;40,9564968583285;0,935483870967742;0,967741935483871
577;43,7764712115903;27,3492680555584;0,935483870967742;0,967741935483871
578;45,0668582287932;32,4553548881672;0,935483870967742;1
579;44,5389091079723;32,5161497990621;0,935483870967742;0,967741935483871
580;44,1387623728746;45,0111048155463;0,935483870967742;0,967741935483871
581;44,0475195666157;33,6213556835365;0,935483870967742;0,967741935483871
582;46,2437496483499;52,246350916101;0,935483870967742;1
583;43,598370157491;31,8108242402714;0,935483870967742;1
584;44,9106738396741;32,7128172909616;0,935483870967742;0,967741935483871
585;44,348810444821;41,5013487940656;0,935483870967742;1
586;43,0847128018586;32,0589423410317;0,935483870967742;0,967741935483871
587;44,7641084673453;48,7587352247865;0,935483870967742;1
588;44,5873072190553;47,1873005482454;0,935483870967742;1
589;45,9430617332747;38,6750145807483;0,935483870967742;1
590;45,6874713248139;66,0447886043675;0,935483870967742;1
591;46,7131171153432;52,4541098206478;0,935483870967742;0,967741935483871
592;45,4454917279822;43,4045754942852;0,935483870967742;1
593;45,1179421831183;32,4019112893276;0,935483870967742;0,967741935483871
594;43,7285957837213;36,074729508368;0,935483870967742;0,967741935483871
595;45,954905987203;52,1910982321985;0,935483870967742;0,967741935483871
596;43,9835888109593;34,86420116389;0,935483870967742;1
597;45,739176534552;28,0672028456209;0,709677419354839;0,741935483870968
598;42,7412091012146;24,0568085983508;0,709677419354839;0,741935483870968
599;44,8810530309729;51,0004378169643;0,935483870967742;1
600;46,7877480325807;56,8260162152244;0,935483870967742;0,967741935483871
601;43,7054391581185;38,3610369756054;0,935483870967742;0,967741935483871
602;45,3029797234586;31,2792515116532;0,935483870967742;0,967741935483871
603;44,4254376210043;44,4614823742727;0,935483870967742;1
604;44,5529784752988;41,1384342396996;0,935483870967742;1
605;46,1268647167545;44,0185665271356;0,935483870967742;0,967741935483871
606;45,5057113129018;57,1888492581332;0,935483870967742;0,967741935483871
607;46,2597196257444;41,2526242227517;0,935483870967742;0,967741935483871
608;44,4451390711556;21,6749052462248;0,935483870967742;0,967741935483871
609;46,0766143691721;53,6781118624237;0,935483870967742;0,967741935483871
610;46,0435976946137;19,636169260543;0,935483870967742;0,967741935483871
611;45,0956844257652;46,9150563086742;0,935483870967742;0,967741935483871
612;44,1835950421525;36,9278735280367;0,935483870967742;1
613;48,3364086436572;61,7035230133736;0,935483870967742;1
614;48,4070337716121;44,7685808802089;0,935483870967742;0,967741935483871
615;44,6782073507571;35,9761376864287;0,935483870967742;0,967741935483871
616;43,4653911318621;40,7792263713981;0,935483870967742;1
617;45,3324660218627;31,3171877726896;0,935483870967742;0,967741935483871
618;46,5202585983653;41,4064017716309;0,935483870967742;1
619;43,4067047915935;52,6904643453177;0,935483870967742;1
620;45,1538848846618;35,4415404019452;0,935483870967742;1
621;44,6399786367368;33,7025231895908;0,935483870967742;0,967741935483871
622;46,5151891681336;80,6815812179104;0,935483870967742;0,967741935483871
623;46,485566298926;64,0358747308284;0,935483870967742;1
624;45,1075330665413;41,4993034773017;0,935483870967742;0,967741935483871
625;48,0433707976196;62,2142221091962;0,935483870967742;1
626;45,5140865966807;48,7649188063214;0,935483870967742;1
627;45,3594649109078;43,6617720617897;0,935483870967742;0,967741935483871
628;43,6301230307948;26,1776752564656;0,935483870967742;0,967741935483871
629;46,0110934901883;31,5347983725913;0,935483870967742;0,967741935483871
630;43,0806762400883;34,7934023845203;0,935483870967742;1
631;45,0940419265555;41,0380005650488;0,935483870967742;1
632;45,1480458402701;32,5653222661656;0,935483870967742;1
633;47,7011566732504;58,8648115330598;0,935483870967742;1
634;46,9688278650493;64,666230395872;0,935483870967742;1
635;45,760720828466;50,6221739298233;0,935483870967742;0,967741935483871
636;45,3674897957772;38,4449636512851;0,935483870967742;1
637;47,0304304289868;69,3191840239505;0,935483870967742;0,967741935483871
638;45,7341128191732;57,1241555650029;0,935483870967742;1
639;46,7723048878097;33,2038248202208;0,935483870967742;1
640;43,0378045520051;32,2094866323009;0,935483870967742;1
641;42,1615328033193;38,6256009907523;0,935483870967742;0,967741935483871
642;42,9296159155971;38,0893088097044;0,935483870967742;0,967741935483871
643;45,3024853787735;46,7485494039886;0,935483870967742;1
644;48,1943536422765;99,5738988559595;0,935483870967742;0,967741935483871
645;43,8845581096195;45,1668910404506;0,935483870967742;1
646;43,5209097594131;34,0611747521561;0,935483870967742;1
647;46,2005695655553;43,3999119984308;0,935483870967742;0,967741935483871
648;43,5937505123133;47,3179258085326;0,935483870967742;1
649;44,2004833676073;51,9413075021966;0,935483870967742;0,967741935483871
650;44,9877787436974;39,5750140611283;0,935483870967742;1
651;45,7858236596805;51,729704121647;0,935483870967742;1
652;43,6711950988243;40,5025028998233;0,935483870967742;1
653;44,1744857750084;29,2299157681504;0,935483870967742;0,967741935483871
654;47,2274099717522;61,5009351838441;0,935483870967742;0,967741935483871
655;42,6384318848831;37,2647598122491;0,935483870967742;1
656;44,2056098103205;39,3494481420609;0,935483870967742;1
657;45,5652934564959;36,3717282527221;0,935483870967742;1
658;44,0235320573668;41,0823128801926;0,935483870967742;1
659;45,0728114736712;33,8982931934449;0,935483870967742;1
660;44,5369497622933;26,5685739358765;0,935483870967742;0,967741935483871
661;48,1540753070534;72,3834020555134;0,935483870967742;0,967741935483871
662;46,1878735730546;65,415001564128;0,935483870967742;0,967741935483871
663;43,7583205458815;36,1388730358785;0,935483870967742;1
664;47,0991831660824;45,9278278698921;0,935483870967742;0,967741935483871
665;44,6916208830553;39,6722850241074;0,935483870967742;1
666;45,3723729689615;47,9935041222784;0,935483870967742;1
667;45,9825609150774;50,2676400920955;0,935483870967742;0,967741935483871
668;44,7680339829856;54,0542130938007;0,935483870967742;0,967741935483871
669;44,3826011256311;52,150023004363;0,935483870967742;0,967741935483871
670;46,657832345462;49,5352025792021;0,935483870967742;0,967741935483871
671;44,4641124394734;43,688942897859;0,935483870967742;0,967741935483871
672;44,1798241691591;43,1631777770317;0,935483870967742;0,967741935483871
673;44,5470513981676;37,1578756516802;0,935483870967742;1
674;42,1289532605546;27,8723725737217;0,709677419354839;0,741935483870968
675;46,6203961382101;41,9120775305654;0,935483870967742;0,967741935483871
676;43,2604912297345;30,3950118820743;0,935483870967742;1
677;46,8656549715089;35,199838906737;0,935483870967742;1
678;46,9705625803141;42,6788848350016;0,935483870967742;1
679;45,8574645203008;59,3025594948871;0,935483870967742;1
680;45,6129776190238;25,4019973294729;0,935483870967742;0,967741935483871
681;49,4755798854286;48,0522868670943;0,935483870967742;0,967741935483871
682;47,3245664228603;35,338568738904;0,935483870967742;0,967741935483871
683;45,9997971151845;33,282880821112;0,935483870967742;0,967741935483871
684;45,5417851391974;45,6818471694566;0,935483870967742;0,967741935483871
685;42,7831270710831;25,2548501910373;0,935483870967742;0,967741935483871
686;43,9471682632402;31,4724721045063;0,935483870967742;0,967741935483871
687;46,8735673156101;50,7719340598706;0,935483870967742;1
688;45,8254214408242;53,6780270760342;0,935483870967742;1
689;46,1819929004102;50,7981698597409;0,935483870967742;1
690;44,9843170493418;30,8578856056482;0,935483870967742;1
691;44,7222634345569;44,8037194579574;0,935483870967742;0,967741935483871
692;47,7101478993476;48,4088303007172;0,935483870967742;1
693;45,0732036293468;43,2430081994598;0,935483870967742;1
694;47,8783791496606;60,2298923035273;0,935483870967742;0,967741935483871
695;43,7220259517773;52,8473325410577;0,935483870967742;1
696;45,8089714960449;30,5320043924012;0,935483870967742;0,967741935483871
697;47,0358885959928;75,2163823506324;0,935483870967742;1
698;46,7435927432282;30,254768246988;0,935483870967742;0,967741935483871
699;42,8706159732454;29,2819933406578;0,935483870967742;0,967741935483871
700;45,5652773360642;58,312821311653;0,935483870967742;0,967741935483871
701;42,6438282617443;24,8368269031168;0,935483870967742;0,967741935483871
702;46,6951993098092;43,0876008000563;0,935483870967742;1
703;46,9780844393385;34,966460196605;0,935483870967742;0,967741935483871
704;45,3362861158182;48,4814994034868;0,935483870967742;0,967741935483871
705;45,7163418667809;38,3468802655127;0,935483870967742;0,967741935483871
706;43,0900703110199;45,1598544202812;0,935483870967742;1
707;45,7174039013671;50,0382273586373;0,935483870967742;1
708;44,5540757083525;53,5303356280013;0,935483870967742;0,967741935483871
709;45,0758863473839;40,2529738433706;0,935483870967742;1
710;44,430214191329;37,4468928189367;0,935483870967742;1
711;48,7545891877626;63,1680698737521;0,935483870967742;0,967741935483871
712;45,2019954854666;47,7205993706178;0,935483870967742;1
713;44,3174463864698;38,7205105883852;0,935483870967742;0,967741935483871
714;47,7810615821396;62,5465881967508;0,935483870967742;1
715;45,8359050474511;39,795555565558;0,935483870967742;0,967741935483871
716;46,2510520230508;33,1794089030874;0,935483870967742;0,967741935483871
717;46,8502839701911;46,6533670402921;0,935483870967742;0,967741935483871
718;47,1801985021346;55,6966690016724;0,935483870967742;1
719;46,1351113614805;51,3890901808998;0,935483870967742;1
720;47,3545758426842;64,7710320826637;0,935483870967742;0,967741935483871
721;45,6228821738568;63,653685192283;0,935483870967742;0,967741935483871
722;46,6296763211805;50,1238572367948;0,935483870967742;0,967741935483871
723;45,9559044523144;48,3360135014984;0,935483870967742;1
724;44,6720908348292;43,5999825746399;0,935483870967742;0,967741935483871
725;44,1766072836945;46,0297225334807;0,935483870967742;0,967741935483871
726;43,155381156591;31,9517102548405;0,935483870967742;0,967741935483871
727;43,5951375634334;27,2572853247621;0,935483870967742;1
728;43,8561802532827;31,2713270600989;0,935483870967742;0,967741935483871
729;44,6425852899163;25,4868334956659;0,935483870967742;1
730;44,8994462794772;59,7387322270049;0,935483870967742;1
731;45,0597823385884;45,4968804375353;0,935483870967742;0,967741935483871
732;44,6139129209004;29,5511147467573;0,935483870967742;0,967741935483871
733;43,2638308808027;30,0382104940827;0,935483870967742;1
734;43,8287398605419;35,987154648068;0,935483870967742;1
735;43,6441093095565;30,2146111982298;0,935483870967742;0,967741935483871
736;47,1174606444578;50,8097262688759;0,935483870967742;1
737;46,6212014755838;41,1230735035308;0,935483870967742;1
738;46,996579272694;62,6050833208692;0,935483870967742;1
739;42,960103488733;41,8965019591716;0,709677419354839;0,774193548387097
740;47,6972198117311;54,7181826045211;0,935483870967742;1
741;46,4294458490579;58,0820611325417;0,935483870967742;1
742;44,5557291690495;37,1204938730685;0,935483870967742;0,967741935483871
743;46,0356129189854;35,5255572274665;0,935483870967742;1
744;46,3145188474808;65,7898353284322;0,935483870967742;1
745;44,7195003548322;54,3762313423923;0,935483870967742;0,967741935483871
746;45,2748128056476;34,9211713745217;0,935483870967742;0,967741935483871
747;43,0648548228991;28,6928474385798;0,935483870967742;0,967741935483871
748;45,2590901386535;46,6198929546853;0,935483870967742;0,967741935483871
749;43,992887705125;36,4862592097107;0,935483870967742;0,967741935483871
750;45,5977182064873;49,9396456998961;0,935483870967742;1
751;43,920458804337;39,8740622616843;0,935483870967742;1
752;43,8995113666749;27,2404331524099;0,935483870967742;1
753;44,2641264961748;40,5115748567153;0,935483870967742;0,967741935483871
754;44,4819042481562;49,1727989695428;0,935483870967742;1
755;44,1390613297488;38,2470208609434;0,935483870967742;0,967741935483871
756;44,6501568620663;46,5078004447565;0,935483870967742;0,967741935483871
757;44,0772617917994;33,038627342485;0,935483870967742;0,967741935483871
758;45,4293175714965;52,3225859121279;0,935483870967742;0,967741935483871
759;44,3249336674425;30,714071098814;0,935483870967742;1
760;46,085683328385;39,6268742066327;0,935483870967742;1
761;45,4299652268758;45,187066810492;0,935483870967742;0,967741935483871
762;46,3070135194953;35,2076363818801;0,935483870967742;1
763;45,9369533452242;52,5222791375829;0,935483870967742;0,967741935483871
764;44,9628596630192;26,0029025729583;0,935483870967742;0,967741935483871
765;42,9893176859385;32,6923681522181;0,935483870967742;1
766;46,0576680311151;36,5835642851415;0,935483870967742;1
767;44,3095544773576;31,714582347984;0,935483870967742;1
768;45,1443891273085;22,4972454420349;0,935483870967742;0,967741935483871
769;44,8513695558045;37,6425738508554;0,935483870967742;1
770;45,7866432466434;50,8728915526701;0,935483870967742;0,967741935483871
771;46,5560531353809;42,9072887319177;0,935483870967742;0,967741935483871
772;45,3317056859223;49,6438095352239;0,935483870967742;0,967741935483871
773;43,7707822484868;41,1623919046854;0,935483870967742;0,967741935483871
774;44,6954819848453;28,815817906551;0,935483870967742;0,967741935483871
775;45,0956853987134;47,2328421089144;0,935483870967742;1
776;45,3479556381723;65,6029565111657;0,935483870967742;1
777;45,9789987005747;42,721770708015;0,935483870967742;1
778;44,5641072731973;31,5475651594426;0,935483870967742;0,967741935483871
779;44,0284506539432;38,5771813494302;0,935483870967742;1
780;44,561828349711;50,3167889627209;0,935483870967742;0,967741935483871
781;45,9519042269176;50,0720208581848;0,935483870967742;0,967741935483871
782;43,7805394365824;39,578048624197;0,935483870967742;1
783;44,6423722997446;43,6401110577669;0,935483870967742;0,967741935483871
784;47,5951724142707;41,463832980731;0,935483870967742;0,967741935483871
785;44,365629478318;45,5399898715653;0,935483870967742;0,967741935483871
786;44,8946259108384;45,0207187222087;0,935483870967742;1
787;45,4653030746106;75,9624608083216;0,935483870967742;0,967741935483871
788;44,8173572854891;30,3577982027322;0,935483870967742;0,967741935483871
789;44,0027191289523;49,6401511778384;0,935483870967742;0,967741935483871
790;44,9477455898307;30,2383916865636;0,935483870967742;1
791;45,5480026187407;37,4719229290598;0,935483870967742;1
792;43,4539729479166;25,6539398487678;0,935483870967742;0,967741935483871
793;43,9606036327582;23,7772879510546;0,935483870967742;1
794;45,9323402281645;35,1684140912867;0,935483870967742;1
795;43,3679015565129;39,6710219236015;0,935483870967742;0,967741935483871
796;45,5339337778677;59,1431785248105;0,935483870967742;0,967741935483871
797;43,2381053125501;28,37063458544;0,935483870967742;1
798;45,1363387732832;39,5761472688824;0,935483870967742;1
799;44,911540520183;58,1449194273101;0,935483870967742;0,967741935483871
800;45,5976288266442;39,3138537276001;0,935483870967742;1
801;43,9655010807901;25,1870888927846;0,935483870967742;1
802;45,6467554022088;48,9199399485846;0,935483870967742;1
803;46,1726229729832;45,2535304726683;0,935483870967742;1
804;45,0190900287215;49,4556791823993;0,935483870967742;0,967741935483871
805;43,5695399878488;56,341286741197;0,935483870967742;0,967741935483871
806;45,538745552584;53,7415204952867;0,935483870967742;0,967741935483871
807;45,9919067402895;64,3641863974;0,935483870967742;0,967741935483871
808;45,4928104093808;27,9070358800388;0,935483870967742;1
809;47,1578558596453;61,58201553472;0,935483870967742;0,967741935483871
810;43,5453826059781;25,7846568043553;0,935483870967742;0,967741935483871
811;44,4845344070554;38,198825812875;0,935483870967742;0,967741935483871
812;44,0070334930218;29,3525922694698;0,935483870967742;0,967741935483871
813;46,2610360692291;46,5711432470421;0,935483870967742;1
814;45,7764820261298;28,4972082473788;0,935483870967742;0,967741935483871
815;44,0018752900075;38,6863808580511;0,935483870967742;1
816;45,6327480798457;43,7266252377421;0,935483870967742;1
817;47,0012052448793;35,2617026465049;0,935483870967742;1
818;44,0535353489476;36,2883329792027;0,935483870967742;1
819;43,967145979247;27,7102498035256;0,935483870967742;0,967741935483871
820;46,4118400833819;69,7801169429286;0,935483870967742;0,967741935483871
821;47,3020103286738;61,3366927872384;0,935483870967742;0,967741935483871
822;45,1887357641254;33,6921752104063;0,709677419354839;0,774193548387097
823;44,7818049866404;29,7689772396626;0,935483870967742;0,967741935483871
824;43,7514651711824;47,2894317449517;0,935483870967742;1
825;42,991031566842;38,9473497567496;0,935483870967742;0,967741935483871
826;44,7286555176191;42,7492242424536;0,935483870967742;1
827;44,9421782380413;43,3778598321485;0,935483870967742;0,967741935483871
828;46,9600753000657;48,2565868422241;0,935483870967742;1
829;46,1688445630425;37,8094618071348;0,935483870967742;1
830;45,7796119469503;44,3322089739209;0,935483870967742;1
831;42,9890822986715;19,2799141920398;0,935483870967742;1
832;43,2244159472746;43,0488440253959;0,935483870967742;0,967741935483871
833;47,1637571007932;56,3041307816749;0,935483870967742;0,967741935483871
834;45,6003761296592;35,37451890089;0,935483870967742;1
835;44,659319729608;42,8850744838061;0,935483870967742;1
836;44,8316950466029;40,9760739066024;0,935483870967742;0,967741935483871
837;45,6907932946259;58,34515380551;0,935483870967742;0,967741935483871
838;45,2285495586749;33,7287313668723;0,935483870967742;0,967741935483871
839;47,2240928021763;56,095352660299;0,935483870967742;1
840;45,328694894591;36,127282667487;0,935483870967742;1
841;44,5317613337761;53,2120001582063;0,935483870967742;1
842;44,2498251941123;30,9017040521743;0,935483870967742;1
843;46,6125170178955;52,8136165773884;0,935483870967742;0,967741935483871
844;44,8259590071756;43,3666523676133;0,935483870967742;0,967741935483871
845;47,2204069210731;58,3752969454593;0,935483870967742;0,967741935483871
846;44,2815400207458;28,9370712042299;0,935483870967742;0,967741935483871
847;45,0211391266705;49,4308692860845;0,935483870967742;1
848;47,0572679352216;50,3549939822476;0,935483870967742;0,967741935483871
849;44,1487177235223;59,7970987778919;0,935483870967742;1
850;45,3768642433372;39,2281720099593;0,935483870967742;0,967741935483871
851;44,8494506791668;46,8248561029859;0,935483870967742;0,967741935483871
852;44,9748296839427;31,457045722815;0,935483870967742;0,967741935483871
853;44,110802763201;33,4822153023242;0,935483870967742;0,967741935483871
854;47,737695803822;52,2225782799397;0,935483870967742;0,967741935483871
855;44,3162535273043;31,5256352893997;0,935483870967742;1
856;44,5999012487628;36,143668066986;0,935483870967742;1
857;46,5625647705012;66,2945120790338;0,935483870967742;0,967741935483871
858;45,7868236041977;60,7920108489397;0,935483870967742;1
859;44,1144978071734;43,7421516211548;0,935483870967742;1
860;44,7372991568666;44,8979411666163;0,935483870967742;0,967741935483871
861;45,4010578429571;34,2884799415322;0,935483870967742;1
862;45,8720481607577;48,0274683265788;0,935483870967742;0,967741935483871
863;45,5813702689253;44,8550413620353;0,935483870967742;0,967741935483871
864;43,456182255388;40,2737525144736;0,935483870967742;0,967741935483871
865;43,7648043635857;41,1000566445055;0,935483870967742;0,967741935483871
866;43,5483333352223;32,8346189576094;0,935483870967742;1
867;43,585645987922;34,6697511039363;0,935483870967742;0,967741935483871
868;44,2150921716275;46,8106451899327;0,935483870967742;1
869;43,8654986333521;27,6274087650268;0,935483870967742;1
870;44,5222511345831;53,9256463462854;0,935483870967742;1
871;44,4112721846077;58,0670961781556;0,935483870967742;1
872;45,7668883583453;55,3195429825976;0,935483870967742;1
873;46,6092709176704;46,3703639262068;0,935483870967742;0,967741935483871
874;47,4059104599404;61,7534185559384;0,935483870967742;0,967741935483871
875;44,1663768283323;40,9426386299169;0,935483870967742;1
876;47,3292916019889;54,1906156152965;0,935483870967742;1
877;45,8061556790375;60,5814257771608;0,935483870967742;1
878;44,7729757717163;56,0931895903747;0,935483870967742;0,967741935483871
879;46,370482843723;51,4982207593172;0,935483870967742;1
880;47,1954145362401;49,3709467467395;0,935483870967742;1
881;46,1381932534246;38,2841263003995;0,935483870967742;1
882;45,0399232442346;30,7063366649564;0,935483870967742;0,967741935483871
883;44,6140980669878;48,3498517937478;0,935483870967742;0,967741935483871
884;45,7305562103375;45,1778154250911;0,935483870967742;1
885;44,4228527671883;37,6635559121934;0,935483870967742;0,967741935483871
886;44,1241541752049;33,8391170879909;0,935483870967742;1
887;45,6727273416456;61,1517326381885;0,935483870967742;0,967741935483871
888;45,8980798490609;49,3002237459239;0,935483870967742;1
889;46,5723516953719;57,5823733920632;0,935483870967742;0,967741935483871
890;43,8828589139176;40,3457929765934;0,935483870967742;1
891;46,9807104638311;50,4883908503773;0,935483870967742;0,967741935483871
892;48,3425911467208;60,7075581582088;0,935483870967742;0,967741935483871
893;45,2286964563098;45,2912919674615;0,935483870967742;1
894;44,4437426795392;41,1635623946387;0,935483870967742;0,967741935483871
895;47,1193005461764;60,2667413235997;0,935483870967742;0,967741935483871
896;43,7714005787386;47,2796434232917;0,935483870967742;0,967741935483871
897;45,5354437065024;31,6172366815166;0,935483870967742;1
898;47,2891641293938;55,6906794714578;0,935483870967742;0,967741935483871
899;47,6847813536722;44,2942067481084;0,935483870967742;1
900;45,7973443473794;38,9213243223032;0,935483870967742;0,967741935483871
901;44,2441657110096;53,7206315819977;0,935483870967742;0,967741935483871
902;47,4868050225748;53,713657356373;0,935483870967742;1
903;43,5585980609199;26,5480492786211;0,935483870967742;1
904;44,0235567523305;38,1999416328717;0,935483870967742;1
905;46,0483316290249;46,1394301509316;0,935483870967742;1
906;44,5435267919852;36,3116914662574;0,935483870967742;1
907;43,256965737081;39,950693095437;0,935483870967742;1
908;43,8841899488764;26,7411129487302;0,935483870967742;1
909;43,526016662546;51,7616911520835;0,935483870967742;0,967741935483871
910;45,0982700281963;47,0048210490691;0,935483870967742;1
911;44,6663311989102;24,0028143005983;0,935483870967742;1
912;46,5757984723645;37,8132207614882;0,935483870967742;1
913;44,7868709292857;30,5687971653998;0,935483870967742;1
914;44,5746390591829;52,0562058436935;0,935483870967742;0,967741935483871
915;46,2896020949354;49,5206976981324;0,935483870967742;0,967741935483871
916;47,1457738922477;62,5410586555234;0,935483870967742;1
917;44,4901716017334;50,0093034447493;0,935483870967742;0,967741935483871
918;44,0065159432392;39,4802217785726;0,935483870967742;1
919;44,9113602629718;35,1641566003032;0,935483870967742;0,967741935483871
920;43,2655206427651;22,2053760534216;0,935483870967742;0,967741935483871
921;43,4753996725593;36,318769077025;0,935483870967742;0,967741935483871
922;44,9159595319859;35,2132518366583;0,935483870967742;0,967741935483871
923;47,0769854770752;54,2301241795385;0,935483870967742;0,967741935483871
924;45,7729980896545;32,9529504457035;0,935483870967742;1
925;44,4269619008853;43,3745191330228;0,935483870967742;1
926;47,4106501184671;44,3468265778107;0,935483870967742;0,967741935483871
927;44,4543780806253;43,895575527993;0,935483870967742;1
928;46,2017367276991;42,3338795681996;0,935483870967742;1
929;46,8254187910063;53,689439025999;0,935483870967742;1
930;44,6616410280949;41,3639011773373;0,935483870967742;0,967741935483871
931;48,0915765118013;86,7783245985878;0,935483870967742;1
932;47,0577306343613;55,850783972344;0,935483870967742;1
933;47,73522266608;51,8908298839838;0,935483870967742;1
934;46,4280424454238;66,2950368443307;0,935483870967742;1
935;48,1191960241051;76,6308464918351;0,935483870967742;1
936;45,7262236545349;50,6477564258945;0,935483870967742;1
937;44,9117526445405;57,4527006745098;0,935483870967742;0,967741935483871
938;45,1738297334629;43,8225365937766;0,935483870967742;0,967741935483871
939;45,6676871348943;44,9456014160669;0,935483870967742;0,967741935483871
940;44,9278143414641;32,2978521240557;0,935483870967742;1
941;44,274459399648;33,684789710417;0,935483870967742;0,967741935483871
942;45,1335771263586;40,91205061792;0,935483870967742;1
943;44,130210944525;38,4785733248474;0,935483870967742;0,967741935483871
944;47,2092676293659;60,4548449882547;0,935483870967742;1
945;47,0103543409039;79,2709624594324;0,935483870967742;0,967741935483871
946;46,6883399960352;55,394983047348;0,935483870967742;0,967741935483871
947;47,501543719096;59,7989779395276;0,935483870967742;0,967741935483871
948;46,1768602481589;42,5851170973861;0,935483870967742;1
949;45,057315308715;41,6314792083651;0,935483870967742;1
950;44,1978997825494;32,744577567477;0,935483870967742;0,967741935483871
951;43,1084427883104;27,4534532895669;0,935483870967742;1
952;48,0126203015102;51,7633545055375;0,935483870967742;1
953;46,0463430072619;45,7318161435199;0,935483870967742;0,967741935483871
954;47,5943517984766;46,9604805284913;0,935483870967742;0,967741935483871
955;46,4406721288213;62,7854974072398;0,935483870967742;1
956;44,2067237709858;55,1344012848318;0,935483870967742;0,967741935483871
957;43,6853875745876;42,6629244855298;0,935483870967742;1
958;46,4479645195843;49,6194215494991;0,935483870967742;0,967741935483871
959;46,5094554500172;43,762048572228;0,709677419354839;0,741935483870968
960;45,3944708089776;43,7032232890965;0,935483870967742;0,967741935483871
961;45,569429137123;46,8169501647972;0,935483870967742;0,967741935483871
962;45,8697789799603;37,5735600141667;0,935483870967742;0,967741935483871
963;45,4734951148128;48,6653347881612;0,935483870967742;1
964;47,1043795509667;34,8514029207093;0,935483870967742;0,967741935483871
965;44,5887100000111;27,719664452086;0,935483870967742;0,967741935483871
966;46,80411943347;46,6921110070477;0,935483870967742;1
967;43,3036647915041;34,8316461665532;0,935483870967742;0,967741935483871
968;42,2326920041074;24,1569578904798;0,935483870967742;0,967741935483871
969;42,5749655289014;33,3040247819278;0,935483870967742;1
970;43,9577553915623;49,3317000939513;0,935483870967742;0,967741935483871
971;46,1126535178843;58,5917280256738;0,935483870967742;0,967741935483871
972;43,6226678539998;37,423326587961;0,709677419354839;0,741935483870968
973;44,6493211271212;43,0056780264003;0,935483870967742;1
974;46,6423588633246;56,5100237561336;0,935483870967742;1
975;45,9822340241129;41,7041925701741;0,935483870967742;1
976;42,5762851962599;40,2795020776528;0,935483870967742;1
977;44,6761837169311;27,6572631412751;0,935483870967742;1
978;42,8588556049919;24,9852488669974;0,935483870967742;1
979;43,7268559180447;30,6013566815009;0,935483870967742;1
980;46,5220387581764;61,5750926832332;0,935483870967742;1
981;43,5871484487434;32,578517195405;0,935483870967742;1
982;47,3307778130619;42,461644846083;0,935483870967742;0,967741935483871
983;46,0638457188531;28,2313828276856;0,935483870967742;1
984;44,1772406740961;27,6808542755657;0,935483870967742;1
985;44,3143892492287;51,7983937975056;0,935483870967742;1
986;44,5156242342064;39,9699899624264;0,935483870967742;0,967741935483871
987;44,9488929020945;50,6095367458459;0,935483870967742;1
988;44,1148889562047;25,4426196223205;0,935483870967742;1
989;43,7151916769703;28,898435028069;0,935483870967742;1
990;43,3874803891136;32,8010847788445;0,935483870967742;1
991;42,2736690295199;26,4011088772882;0,935483870967742;1
992;44,3149006699829;27,6957166670111;0,935483870967742;1
993;45,5303489632993;29,2427492171;0,935483870967742;0,967741935483871
994;44,8454116430302;35,7721426905764;0,935483870967742;0,967741935483871
995;44,0360552433831;33,3760406502129;0,935483870967742;1
996;45,0358924927927;42,9127396381985;0,935483870967742;0,967741935483871
997;44,0758744298437;28,5275545672629;0,935483870967742;1
998;46,4075346897482;53,6700127119174;0,935483870967742;0,967741935483871
999;43,6942699827913;34,5906752790097;0,935483870967742;0,967741935483871
