0;282,652738396288;1512,45822445219;0,98019801980198;0,99009900990099
1;289,26643945097;1636,51062456082;0,98019801980198;0,99009900990099
2;289,384110357082;1654,46015129626;0,98019801980198;1
3;292,114678590485;1612,26772577004;0,98019801980198;0,99009900990099
4;287,626764723155;1527,48178491127;0,98019801980198;0,99009900990099
5;284,794272312268;1345,10430418564;0,98019801980198;1
6;286,903888314416;1314,4656420818;0,98019801980198;0,99009900990099
7;286,970673648094;1723,12128367191;0,98019801980198;1
8;291,179985483046;1585,35811073172;0,98019801980198;0,99009900990099
9;289,565160117102;1719,40629768376;0,98019801980198;1
10;291,015514774034;1764,24710294485;0,98019801980198;0,99009900990099
11;290,197663255697;1429,60750965551;0,98019801980198;1
12;285,972898031671;1502,46054967556;0,98019801980198;0,99009900990099
13;281,097204971172;1569,70148359054;0,98019801980198;0,99009900990099
14;284,185563860409;1327,04824352565;0,98019801980198;1
15;284,275891647831;1668,80203373092;0,98019801980198;0,99009900990099
16;286,55668340079;1277,29804275763;0,98019801980198;1
17;284,015476958005;1543,35540069101;0,98019801980198;0,99009900990099
18;285,49502432066;1562,46239619226;0,98019801980198;1
19;284,29356207241;1418,80567707705;0,98019801980198;1
20;296,348106678215;1970,66409381822;0,98019801980198;1
21;283,984754721673;1286,59866865202;0,98019801980198;1
22;287,455413783107;1489,25329692196;0,98019801980198;1
23;286,500491835272;1418,54569908666;0,98019801980198;1
24;294,4963003136;1881,41561555407;0,98019801980198;1
25;296,452781807869;1839,83388008724;0,98019801980198;0,99009900990099
26;286,625724703032;1640,15226278324;0,98019801980198;0,99009900990099
27;284,877696067367;1470,96050077267;0,98019801980198;1
28;292,733775111897;1666,63080083405;0,98019801980198;0,99009900990099
29;277,847991726545;1354,39209093619;0,98019801980198;1
30;281,899343323962;1251,23219009221;0,98019801980198;0,99009900990099
31;292,755073107934;1642,37280832034;0,98019801980198;1
32;283,540034509507;1222,41677925777;0,98019801980198;0,99009900990099
33;296,591736909061;1694,25582190585;0,98019801980198;0,99009900990099
34;296,432492929362;1826,82007256392;0,98019801980198;0,99009900990099
35;285,73158855038;1442,30058295655;0,98019801980198;1
36;296,163496663112;1969,09139063738;0,98019801980198;0,99009900990099
37;286,848160294306;1449,19053882745;0,98019801980198;1
38;291,573646020392;1608,77865808765;0,98019801980198;1
39;289,587597290449;1538,14150742405;0,98019801980198;0,99009900990099
40;292,135784788326;1817,46009232582;0,98019801980198;0,99009900990099
41;288,86185714694;1569,10113610926;0,98019801980198;1
42;295,818623587878;1953,98638870058;0,98019801980198;0,99009900990099
43;285,854576419196;1454,92553975996;0,98019801980198;0,99009900990099
44;285,347969978184;1478,92810439923;0,98019801980198;1
45;288,371049770677;1653,12363900319;0,98019801980198;1
46;292,877898057627;1835,557770618;0,98019801980198;1
47;285,140429127568;1523,2456496865;0,98019801980198;1
48;289,983321734679;1702,70987588403;0,98019801980198;0,99009900990099
49;294,769546982936;1760,61039620108;0,98019801980198;0,99009900990099
50;282,690028732799;1347,17926022081;0,98019801980198;1
51;297,348107871798;1778,46352144637;0,98019801980198;0,99009900990099
52;290,074322270609;1696,8435769891;0,98019801980198;1
53;283,399261564693;1352,41037293696;0,98019801980198;0,99009900990099
54;286,739433073117;1379,97546956139;0,98019801980198;0,99009900990099
55;287,820900376303;1505,99333750864;0,98019801980198;0,99009900990099
56;297,068522085156;1689,47767604794;0,98019801980198;1
57;284,436475145631;1427,41857906295;0,98019801980198;1
58;291,5551148989;1770,0592249985;0,98019801980198;1
59;299,513210256108;1879,3264845491;0,98019801980198;0,99009900990099
60;286,096509347751;1418,03817617275;0,98019801980198;1
61;283,34831817923;1533,88180228223;0,98019801980198;1
62;285,77204848489;1605,80438252598;0,98019801980198;1
63;291,10908532092;1594,7438845226;0,98019801980198;0,99009900990099
64;284,547479180535;1349,92204349709;0,98019801980198;1
65;277,468316979322;1215,14951647913;0,98019801980198;1
66;288,330869672488;1314,6063666099;0,98019801980198;0,99009900990099
67;287,70700213635;1425,85815532643;0,98019801980198;0,99009900990099
68;288,082163692457;1850,23929963366;0,98019801980198;0,99009900990099
69;289,655592746121;1793,86321333991;0,98019801980198;0,99009900990099
70;278,639392011854;1272,9498744888;0,98019801980198;1
71;289,467338944931;1845,2535621117;0,98019801980198;0,99009900990099
72;284,494821908293;1568,29539612437;0,98019801980198;1
73;292,095969083884;1866,1766263271;0,98019801980198;0,99009900990099
74;293,922675557641;1697,23350856806;0,98019801980198;0,99009900990099
75;298,875325317865;1821,08981500606;0,98019801980198;0,99009900990099
76;292,498110086681;1365,58804106463;0,98019801980198;1
77;293,661163793566;1797,0315924546;0,98019801980198;1
78;297,601633425905;1779,14366593546;0,98019801980198;0,99009900990099
79;292,05614965471;1923,12876997061;0,98019801980198;0,99009900990099
80;286,72147965764;1782,84677222749;0,98019801980198;0,99009900990099
81;292,428932797931;1746,89687549378;0,98019801980198;0,99009900990099
82;287,869980277839;1541,93319931548;0,98019801980198;0,99009900990099
83;286,558346867007;1524,10807821295;0,98019801980198;1
84;284,070117073954;1417,99258096826;0,98019801980198;1
85;289,70286425548;1780,62675300762;0,98019801980198;1
86;291,391715590915;1772,67711852345;0,98019801980198;0,99009900990099
87;283,106110022588;1579,10827174228;0,98019801980198;1
88;290,133957160085;1681,16911498525;0,98019801980198;1
89;290,00575975481;1676,43792918447;0,98019801980198;0,99009900990099
90;281,411661299852;1578,06196947791;0,98019801980198;1
91;289,786612223008;1371,23296444198;0,98019801980198;0,99009900990099
92;291,992948353928;1820,34125467396;0,98019801980198;0,99009900990099
93;295,171017000958;1815,0691273683;0,98019801980198;1
94;288,7066423289;1522,83468234776;0,98019801980198;1
95;285,506007154221;1472,66866711548;0,98019801980198;0,99009900990099
96;286,128995272205;1398,89369046678;0,98019801980198;0,99009900990099
97;290,150206527713;1680,8993171465;0,98019801980198;1
98;287,500162637335;1352,85855079298;0,98019801980198;0,99009900990099
99;289,261102635546;1565,40345735552;0,98019801980198;1
100;282,850667754991;1406,39697806307;0,98019801980198;0,99009900990099
101;289,057553956261;1529,64448112371;0,98019801980198;1
102;288,444023145618;1631,65520868692;0,98019801980198;0,99009900990099
103;287,232742457488;1483,41530173033;0,98019801980198;0,99009900990099
104;288,403762774258;1691,62069225327;0,98019801980198;0,99009900990099
105;288,06444447647;1493,57268724012;0,98019801980198;0,99009900990099
106;292,32983171064;1747,31289149563;0,98019801980198;1
107;286,563644681506;1321,90422479536;0,98019801980198;0,99009900990099
108;284,482245603595;1644,28227495719;0,98019801980198;0,99009900990099
109;282,67371484058;1259,65274373174;0,98019801980198;1
110;288,066850183525;1607,96012680565;0,98019801980198;0,99009900990099
111;284,009356606966;1607,59913369639;0,98019801980198;1
112;284,626547230541;1295,52319821128;0,98019801980198;1
113;288,375489507931;1520,00259320946;0,98019801980198;0,99009900990099
114;290,508472362077;1591,39152282255;0,98019801980198;1
115;294,280447704653;1833,17288998507;0,98019801980198;1
116;287,276791634711;1467,93702308664;0,98019801980198;0,99009900990099
117;297,701851839421;1716,30651283591;0,98019801980198;0,99009900990099
118;284,98996201921;1539,83671235831;0,98019801980198;1
119;284,708409745888;1249,48074150595;0,98019801980198;0,99009900990099
120;281,967061134814;1139,50919383992;0,98019801980198;1
121;291,664684069322;1626,67721122126;0,98019801980198;1
122;286,150877283124;1344,05122129365;0,98019801980198;0,99009900990099
123;284,659646845999;1479,47429314543;0,98019801980198;1
124;284,177894176321;1196,836400373;0,98019801980198;1
125;293,84443752422;1731,59965351889;0,98019801980198;0,99009900990099
126;286,056690113037;1471,96410085798;0,98019801980198;1
127;290,525718662481;1831,45054966274;0,98019801980198;0,99009900990099
128;287,844556816318;1574,39517071553;0,98019801980198;0,99009900990099
129;290,854606134405;1599,69505376414;0,98019801980198;1
130;290,448019580675;1597,12240715622;0,98019801980198;0,99009900990099
131;292,018979794672;1595,89415360744;0,98019801980198;0,99009900990099
132;290,883302952651;1663,4353589062;0,98019801980198;0,99009900990099
133;282,584126830781;1250,04095458516;0,98019801980198;1
134;294,146019952226;1630,73261229494;0,98019801980198;0,99009900990099
135;287,856058426656;1443,32364268385;0,98019801980198;0,99009900990099
136;286,40087054921;1195,89249541823;0,98019801980198;0,99009900990099
137;283,385415116298;1285,08899715308;0,98019801980198;1
138;295,121464127199;1906,55696732505;0,98019801980198;1
139;293,321604343319;1602,75749454313;0,98019801980198;0,99009900990099
140;285,557419998991;1469,66807432537;0,98019801980198;0,99009900990099
141;287,212386803339;1584,4650448704;0,98019801980198;0,99009900990099
142;290,778895873503;1693,13077367975;0,98019801980198;0,99009900990099
143;289,222334931928;1754,45459329496;0,98019801980198;0,99009900990099
144;286,238439174507;1245,34686956063;0,98019801980198;1
145;284,613826366416;1443,45668116582;0,98019801980198;1
146;286,091849790586;1581,44022948215;0,98019801980198;1
147;286,987726414702;1507,26572389519;0,98019801980198;1
148;286,314443331851;1715,29072807927;0,98019801980198;0,99009900990099
149;294,836234070342;1964,53910243636;0,98019801980198;0,99009900990099
150;278,019079296201;1150,2846049298;0,98019801980198;1
151;287,72740527978;1853,98221139982;0,98019801980198;1
152;285,229019194689;1630,29379091849;0,98019801980198;0,99009900990099
153;297,657375526209;1809,19085947089;0,98019801980198;0,99009900990099
154;294,860405317615;1782,36744695632;0,98019801980198;0,99009900990099
155;291,472990677792;1686,60571675429;0,98019801980198;0,99009900990099
156;289,531017625048;1497,64153560222;0,98019801980198;1
157;289,085230931741;1878,78444065317;0,98019801980198;1
158;289,659081191923;1715,51236263918;0,98019801980198;0,99009900990099
159;286,994124507992;1556,28476444268;0,98019801980198;0,99009900990099
160;292,510144165128;1662,02593351163;0,98019801980198;1
161;289,757934233518;1626,88831889117;0,98019801980198;0,99009900990099
162;288,143064086297;1441,50617744415;0,98019801980198;1
163;283,560453802958;1317,02286119834;0,98019801980198;1
164;287,581057684835;1708,38797919123;0,98019801980198;1
165;289,11239108279;1474,07366514075;0,98019801980198;0,99009900990099
166;290,779512431639;1556,55829979846;0,98019801980198;0,99009900990099
167;284,68277404032;1500,0534254779;0,98019801980198;0,99009900990099
168;288,132493934807;1750,01636982928;0,98019801980198;1
169;283,971875912303;1479,3493232141;0,98019801980198;0,99009900990099
170;294,173433768853;1732,99658912958;0,98019801980198;0,99009900990099
171;290,592281793569;1611,88958229541;0,98019801980198;1
172;289,219534823131;1706,31632831006;0,98019801980198;1
173;286,957962790135;1556,87852381767;0,98019801980198;1
174;288,371083407033;1598,96240418756;0,98019801980198;1
175;298,456067800281;1987,78299907556;0,98019801980198;1
176;286,698676752681;1722,34319743284;0,98019801980198;1
177;293,528582268202;1861,08583452657;0,98019801980198;0,99009900990099
178;287,741266308993;1585,40264974422;0,98019801980198;1
179;288,518954264865;1389,84362015062;0,98019801980198;0,99009900990099
180;283,224983106688;1428,9818916772;0,98019801980198;0,99009900990099
181;285,754528843975;1493,15879969502;0,98019801980198;0,99009900990099
182;289,698462716257;1820,26022788032;0,98019801980198;0,99009900990099
183;287,140140421125;1510,08032173758;0,98019801980198;1
184;294,061171092093;1760,23868961695;0,98019801980198;1
185;298,980737667362;1845,71711139106;0,98019801980198;1
186;288,628867156435;1675,24507406424;0,98019801980198;1
187;297,311089816523;1882,44727300835;0,98019801980198;0,99009900990099
188;281,072097398324;1167,13948345408;0,98019801980198;0,99009900990099
189;290,007073382754;1604,06922804916;0,98019801980198;1
190;290,317688319548;1547,18146311425;0,98019801980198;0,99009900990099
191;286,577223240435;1448,05540559925;0,98019801980198;1
192;286,901406713645;1271,72803969029;0,98019801980198;0,99009900990099
193;291,017274373634;1736,54533301282;0,98019801980198;0,99009900990099
194;293,802116481449;1739,72753395661;0,98019801980198;0,99009900990099
195;289,210365793726;1418,72364033715;0,98019801980198;0,99009900990099
196;286,141797214263;1620,24943505856;0,98019801980198;1
197;283,719743777661;1373,97830936817;0,98019801980198;1
198;292,093922614711;1437,88722463733;0,98019801980198;0,99009900990099
199;289,370720821073;1637,963207266;0,98019801980198;0,99009900990099
200;288,540126016699;1598,01551827469;0,98019801980198;0,99009900990099
201;293,521780346523;1787,1607070462;0,98019801980198;1
202;293,294402196691;1677,48220906383;0,98019801980198;1
203;290,185613169489;1806,53506589228;0,98019801980198;1
204;293,827406687257;1725,23459416686;0,98019801980198;0,99009900990099
205;285,522958393302;1445,7250167527;0,98019801980198;0,99009900990099
206;285,833473958903;1453,85707756115;0,98019801980198;0,99009900990099
207;285,623604307759;1662,31625463526;0,98019801980198;0,99009900990099
208;284,315309695703;1346,57996815015;0,98019801980198;0,99009900990099
209;289,902443392904;1458,52857858831;0,98019801980198;1
210;286,814947831272;1674,54332253818;0,98019801980198;1
211;291,154921234825;1535,10337456428;0,98019801980198;0,99009900990099
212;291,20162178171;1679,66000315856;0,98019801980198;0,99009900990099
213;290,377467512074;1701,63832608191;0,98019801980198;0,99009900990099
214;283,731727322066;1410,41432813279;0,98019801980198;0,99009900990099
215;288,18010565954;1750,12904884317;0,98019801980198;0,99009900990099
216;289,768481676564;1765,20741667274;0,98019801980198;1
217;299,354996615951;1951,65875489878;0,98019801980198;1
218;284,280033818705;1181,15637560605;0,98019801980198;1
219;296,131828957554;2036,53472129281;0,98019801980198;0,99009900990099
220;290,955754509809;1722,816021365;0,98019801980198;0,99009900990099
221;290,399265346229;1411,38547973477;0,98019801980198;0,99009900990099
222;284,971196664537;1621,98964835265;0,98019801980198;1
223;290,837514856621;1571,8608695816;0,98019801980198;0,99009900990099
224;288,494190793177;1870,43326198781;0,98019801980198;1
225;280,043517927783;1309,94168672377;0,98019801980198;0,99009900990099
226;286,427615684312;1718,23901480779;0,98019801980198;1
227;284,413550366654;1675,6114032325;0,98019801980198;1
228;295,835902829063;1842,05105157117;0,98019801980198;0,99009900990099
229;281,76576040593;1143,21418618693;0,98019801980198;0,99009900990099
230;274,923215465497;1029,92522303996;0,98019801980198;0,99009900990099
231;286,288154595376;1498,40565643719;0,98019801980198;0,99009900990099
232;295,550317373552;1974,90765823824;0,98019801980198;1
233;292,585682270439;1656,65467674827;0,98019801980198;0,99009900990099
234;284,71430089854;1424,59899434924;0,98019801980198;0,99009900990099
235;286,593738006906;1556,79357638356;0,98019801980198;0,99009900990099
236;283,920860116841;1263,19304370124;0,98019801980198;0,99009900990099
237;289,651706360542;1568,78410346536;0,98019801980198;0,99009900990099
238;288,398140684618;1485,81345941195;0,98019801980198;1
239;288,117074892553;1621,66301338762;0,98019801980198;0,99009900990099
240;291,690309822763;1486,90929687615;0,98019801980198;1
241;284,529774350593;1587,64450297413;0,98019801980198;0,99009900990099
242;290,362086965437;1583,633798159;0,98019801980198;1
243;288,208952615827;1684,29788322466;0,98019801980198;1
244;287,469876323816;1605,92897312081;0,98019801980198;1
245;286,379916442957;1664,71836885692;0,98019801980198;1
246;291,02253185689;1552,6062145712;0,98019801980198;0,99009900990099
247;291,886698270397;1674,21781915639;0,98019801980198;1
248;288,790352797855;1621,26760299238;0,98019801980198;1
249;287,055808656168;1315,03647100045;0,98019801980198;0,99009900990099
250;291,652572447317;1936,05641598035;0,98019801980198;0,99009900990099
251;287,501678871195;1341,17312132778;0,98019801980198;1
252;284,714241467369;1388,07285829205;0,98019801980198;1
253;287,01205926388;1579,45949446383;0,98019801980198;1
254;298,447991692948;1759,88091106901;0,98019801980198;1
255;283,460497040765;1602,58862766545;0,98019801980198;1
256;287,388602690004;1562,38951860856;0,98019801980198;1
257;288,561747729546;1589,23416022378;0,98019801980198;0,99009900990099
258;285,747797931385;1431,25523211844;0,98019801980198;0,99009900990099
259;285,719389067068;1215,58766856574;0,98019801980198;0,99009900990099
260;292,331452562727;1584,02167842849;0,98019801980198;0,99009900990099
261;278,393573907934;1153,01103807127;0,98019801980198;1
262;287,115209189831;1453,90513919822;0,98019801980198;1
263;290,222772055042;1328,60371387779;0,98019801980198;1
264;294,933125617591;1927,36369603826;0,98019801980198;0,99009900990099
265;285,071366069678;1417,12888712805;0,98019801980198;0,99009900990099
266;281,987803974554;1481,62064110063;0,98019801980198;0,99009900990099
267;287,104354329901;1539,25955586581;0,98019801980198;0,99009900990099
268;286,557329766604;1729,24983425232;0,98019801980198;0,99009900990099
269;289,310331223904;1737,15619921556;0,98019801980198;0,99009900990099
270;294,206160011857;1634,1976093455;0,98019801980198;1
271;286,558558322272;1208,98229197016;0,98019801980198;1
272;290,073530426782;1579,17374466476;0,98019801980198;0,99009900990099
273;294,488318438059;1619,75896187346;0,98019801980198;0,99009900990099
274;283,232219370767;1325,59743245605;0,98019801980198;0,99009900990099
275;290,985877310675;1532,81127602971;0,98019801980198;0,99009900990099
276;287,966810097454;1607,6349113837;0,98019801980198;0,99009900990099
277;283,573935685267;1406,96040099513;0,98019801980198;1
278;293,839022885247;1772,47437133675;0,98019801980198;1
279;288,841438023478;1568,54408265325;0,98019801980198;0,99009900990099
280;291,391897746181;1693,87254662146;0,98019801980198;1
281;281,613860012853;1238,54823764644;0,98019801980198;0,99009900990099
282;283,877534973518;1310,1199244321;0,98019801980198;0,99009900990099
283;285,230786403095;1305,73259432808;0,98019801980198;1
284;287,797409142778;1669,32978038245;0,98019801980198;0,99009900990099
285;291,748131500005;1715,54423403533;0,98019801980198;0,99009900990099
286;290,209405104163;1815,49541320408;0,98019801980198;1
287;288,063857485908;1331,44255324077;0,98019801980198;1
288;289,778948145153;1798,56658966729;0,98019801980198;1
289;284,080185579815;1262,49706713665;0,98019801980198;0,99009900990099
290;285,476026304454;1342,56201397153;0,98019801980198;0,99009900990099
291;289,861365166304;1698,88711795432;0,98019801980198;0,99009900990099
292;286,986127620632;1468,25584949311;0,98019801980198;1
293;291,60127691029;1480,25604660906;0,98019801980198;0,99009900990099
294;290,931259359209;1454,16805383816;0,98019801980198;1
295;290,369435703912;1679,0114326544;0,98019801980198;0,99009900990099
296;292,750889025709;1579,55250969337;0,98019801980198;1
297;292,549038124136;1934,57589486797;0,98019801980198;1
298;287,778279264964;1485,05003672615;0,98019801980198;1
299;282,263842873089;1588,20195565501;0,98019801980198;0,99009900990099
300;283,48652187;1330,82339925226;0,98019801980198;1
301;282,810627020277;1382,05901358474;0,98019801980198;1
302;282,652224202153;1605,29706808815;0,98019801980198;0,99009900990099
303;288,584764602604;1273,64025671032;0,98019801980198;1
304;293,467347886812;1426,89129457735;0,98019801980198;1
305;283,109532392179;1505,99524763289;0,98019801980198;1
306;285,115026695563;1311,44329016446;0,98019801980198;0,99009900990099
307;284,168118659379;1595,0662394063;0,98019801980198;1
308;294,520031777162;1531,73781349949;0,98019801980198;0,99009900990099
309;290,617055213708;1570,60164323871;0,98019801980198;0,99009900990099
310;279,717014388274;1321,54290721961;0,98019801980198;1
311;293,496262443085;1795,65191385688;0,98019801980198;0,99009900990099
312;290,02103266359;1493,68050255133;0,98019801980198;1
313;284,712433625688;1254,86717592993;0,98019801980198;1
314;291,298472437369;1696,02281426016;0,98019801980198;0,99009900990099
315;295,210829164737;1883,40520326454;0,98019801980198;1
316;289,38929105126;1667,38640046136;0,98019801980198;1
317;289,88512469239;1411,8872537796;0,98019801980198;1
318;292,368454439011;1837,206373053;0,98019801980198;0,99009900990099
319;292,290615493401;1925,06027880231;0,98019801980198;1
320;283,941572438833;1541,93032463201;0,98019801980198;1
321;286,433573272603;1418,54484634901;0,98019801980198;0,99009900990099
322;296,985587143252;1794,99058236927;0,98019801980198;1
323;285,887928599392;1341,48212223682;0,98019801980198;1
324;286,322973121211;1595,12951438663;0,98019801980198;1
325;291,893556898198;1805,52481027187;0,98019801980198;1
326;292,289439494251;1859,74451924551;0,98019801980198;0,99009900990099
327;295,651151193442;1759,21222809684;0,98019801980198;1
328;287,420758144253;1365,84008959304;0,98019801980198;1
329;291,029215082562;1670,26672590282;0,98019801980198;0,99009900990099
330;284,766203676779;1288,40744767153;0,98019801980198;0,99009900990099
331;294,618341539431;1618,91716376974;0,98019801980198;1
332;291,37326200643;1643,65764052482;0,98019801980198;1
333;292,114114436849;1719,94091176427;0,98019801980198;0,99009900990099
334;289,306259961093;1587,609936987;0,98019801980198;0,99009900990099
335;284,884055531977;1304,85265869996;0,98019801980198;0,99009900990099
336;279,541661081293;1516,56635806775;0,98019801980198;1
337;291,22707102316;1618,72902394459;0,98019801980198;0,99009900990099
338;293,278309714829;1814,93399983205;0,98019801980198;0,99009900990099
339;283,961078573817;1547,02025191855;0,98019801980198;0,99009900990099
340;284,819817052593;1410,6033559664;0,98019801980198;0,99009900990099
341;286,19839758547;1411,41227356013;0,98019801980198;0,99009900990099
342;281,685587969197;1290,47733152572;0,98019801980198;0,99009900990099
343;286,498217319246;1676,10458350465;0,98019801980198;0,99009900990099
344;285,704132305808;1463,10702947166;0,98019801980198;0,99009900990099
345;291,255339679153;1507,93100893451;0,98019801980198;0,99009900990099
346;290,233675851801;1729,85968074502;0,98019801980198;1
347;286,338974520255;1589,41446719528;0,98019801980198;1
348;286,087099731507;1426,05480015223;0,98019801980198;0,99009900990099
349;288,391195828862;1688,41143623719;0,98019801980198;0,99009900990099
350;277,022832707731;1080,03548673666;0,98019801980198;1
351;287,629291801164;1605,21673251935;0,98019801980198;1
352;286,597942559513;1595,35196058944;0,98019801980198;1
353;286,35410317023;1610,57515948685;0,98019801980198;1
354;291,153622396583;1466,90040042377;0,98019801980198;1
355;283,269604434247;1657,69441809028;0,98019801980198;1
356;287,948118374757;1735,22559990324;0,98019801980198;1
357;296,657712020989;2001,15987269489;0,98019801980198;0,99009900990099
358;280,623922521604;1145,4065541811;0,98019801980198;0,99009900990099
359;288,581512444299;1640,71650291415;0,98019801980198;0,99009900990099
360;289,89370249303;1608,83087757816;0,98019801980198;0,99009900990099
361;284,930092747649;1396,3626282008;0,98019801980198;1
362;292,127481367514;1515,86168577536;0,98019801980198;0,99009900990099
363;287,142996506981;1777,89462825958;0,98019801980198;1
364;285,352356965289;1453,95488198237;0,98019801980198;0,99009900990099
365;281,11695552025;1345,30723778743;0,98019801980198;0,99009900990099
366;289,012762922067;1367,53028536256;0,98019801980198;0,99009900990099
367;289,750181439523;1690,14857962458;0,98019801980198;1
368;287,829237966934;1626,28362314072;0,98019801980198;1
369;287,401888660684;1446,40031528512;0,98019801980198;1
370;297,090914056521;1875,19421227088;0,98019801980198;0,99009900990099
371;284,721179060919;1435,75100704709;0,98019801980198;1
372;286,615434849053;1527,84156764814;0,98019801980198;0,99009900990099
373;284,745992678131;1584,91905887121;0,98019801980198;0,99009900990099
374;289,741024787122;1625,18397802106;0,98019801980198;0,99009900990099
375;287,230765384979;1437,64295430857;0,98019801980198;0,99009900990099
376;288,582890828745;1746,34097968338;0,98019801980198;0,99009900990099
377;295,291724960672;1722,9846521662;0,98019801980198;0,99009900990099
378;290,455004826251;1696,83067506073;0,98019801980198;0,99009900990099
379;289,209165119145;1645,01726846266;0,98019801980198;1
380;284,00842859166;1514,38922681091;0,98019801980198;0,99009900990099
381;289,919492732555;1640,61062149717;0,98019801980198;0,99009900990099
382;289,02551807179;1632,77239929212;0,98019801980198;1
383;287,786188375774;1564,10687293432;0,98019801980198;1
384;291,400949621697;1800,16975435055;0,98019801980198;1
385;300,458228735954;1880,47533045888;0,98019801980198;1
386;290,350125375415;1644,54853418369;0,98019801980198;0,99009900990099
387;295,043155908859;1671,5599243255;0,98019801980198;0,99009900990099
388;291,654953560882;1509,34232881715;0,98019801980198;0,99009900990099
389;283,559391863801;1544,88985954736;0,98019801980198;1
390;291,507083103834;1482,83467237633;0,98019801980198;0,99009900990099
391;288,646809659893;1719,30606838653;0,98019801980198;0,99009900990099
392;285,701947404692;1425,29390291524;0,98019801980198;0,99009900990099
393;286,761573269754;1577,62948664354;0,98019801980198;0,99009900990099
394;294,283380711187;1817,00654270212;0,98019801980198;0,99009900990099
395;287,209605360011;1480,93685564008;0,98019801980198;0,99009900990099
396;295,68769114679;1880,877745187;0,98019801980198;0,99009900990099
397;289,453438841609;1444,03432004534;0,98019801980198;0,99009900990099
398;285,975220566696;1117,33214900357;0,98019801980198;0,99009900990099
399;274,457990826081;973,425527084825;0,98019801980198;0,99009900990099
400;286,518035658946;1425,24971770721;0,98019801980198;0,99009900990099
401;287,278209398285;1454,08435479214;0,98019801980198;0,99009900990099
402;286,429732748908;1398,24180738533;0,98019801980198;1
403;290,662910221925;1856,0373063808;0,98019801980198;1
404;294,498266506238;1788,22426746187;0,98019801980198;1
405;281,594779210408;1325,99418445535;0,98019801980198;1
406;290,362156112726;1604,4752343881;0,98019801980198;0,99009900990099
407;284,915176423598;1812,06417264292;0,98019801980198;1
408;279,067388075478;1303,35940584327;0,98019801980198;1
409;290,303038627747;1864,01401545091;0,98019801980198;0,99009900990099
410;288,613087432058;1581,91684331018;0,98019801980198;1
411;284,656141891897;1541,41113304236;0,98019801980198;0,99009900990099
412;287,143423417425;1534,25471913348;0,98019801980198;0,99009900990099
413;292,781266496602;1570,47968042342;0,98019801980198;0,99009900990099
414;283,957557076443;1367,43621019221;0,98019801980198;1
415;291,181304208125;1915,02962582924;0,98019801980198;1
416;284,622874460373;1577,25386891266;0,98019801980198;1
417;294,135475349104;1841,75993625822;0,98019801980198;1
418;296,150885466602;1827,77588043147;0,98019801980198;0,99009900990099
419;292,249630907261;1688,00045009318;0,98019801980198;1
420;284,7104555627;1268,58900229076;0,98019801980198;1
421;288,303071837761;1412,20945414586;0,98019801980198;1
422;288,842739611105;1413,17829747049;0,98019801980198;0,99009900990099
423;280,820404790571;1327,56681737988;0,98019801980198;1
424;292,54397197257;1808,79044730231;0,98019801980198;1
425;289,031462717996;1620,77747045559;0,98019801980198;0,99009900990099
426;288,315084309564;1671,87351761526;0,98019801980198;1
427;296,070557956395;1827,36793358203;0,98019801980198;0,99009900990099
428;287,489199678651;1556,57375563643;0,98019801980198;1
429;285,774244429428;1063,90214596156;0,98019801980198;0,99009900990099
430;289,241872105925;1405,01578084392;0,98019801980198;1
431;291,170591451316;1909,88307478883;0,98019801980198;1
432;294,687951100961;1885,51934879948;0,98019801980198;0,99009900990099
433;287,323941503559;1606,86443153148;0,98019801980198;1
434;289,275373815884;1544,0945565724;0,98019801980198;0,99009900990099
435;286,142251106879;1403,68172859164;0,98019801980198;0,99009900990099
436;289,252936838948;1586,94989139862;0,98019801980198;1
437;286,854509077756;1621,79656104234;0,98019801980198;1
438;288,443917555736;1646,69005968723;0,98019801980198;1
439;284,709382610349;1328,23199238726;0,98019801980198;1
440;292,24614091589;1717,434845848;0,98019801980198;1
441;289,468563591789;1769,77186882593;0,98019801980198;0,99009900990099
442;289,651004058421;1649,23386140828;0,98019801980198;1
443;287,786760584946;1205,40934351605;0,98019801980198;0,99009900990099
444;290,986124184462;1523,93114236393;0,98019801980198;0,99009900990099
445;287,586778194524;1524,78083552639;0,98019801980198;1
446;289,043593034886;1452,80426036858;0,98019801980198;0,99009900990099
447;292,672083738864;1487,37983120386;0,98019801980198;0,99009900990099
448;288,449634284056;1557,30019640039;0,98019801980198;1
449;287,0159026487;1344,38643004724;0,98019801980198;0,99009900990099
450;288,469034767124;1660,8834867539;0,98019801980198;0,99009900990099
451;290,762840734869;1798,83609691447;0,98019801980198;1
452;283,550804409341;1389,62721845441;0,98019801980198;0,99009900990099
453;285,242523710977;1335,15377324889;0,98019801980198;0,99009900990099
454;294,109327856573;1682,07481342197;0,98019801980198;1
455;293,654252683294;1639,28416290271;0,98019801980198;0,99009900990099
456;290,11490956541;1650,39015627072;0,98019801980198;0,99009900990099
457;284,597681265029;1246,28704497715;0,98019801980198;0,99009900990099
458;291,484477725504;1798,57722786825;0,98019801980198;0,99009900990099
459;289,725225527862;1740,21533447417;0,98019801980198;1
460;294,381042449772;1737,29035291183;0,98019801980198;1
461;292,904470332629;1534,54859886043;0,98019801980198;0,99009900990099
462;292,344502107184;1753,98683614991;0,98019801980198;0,99009900990099
463;291,109058793413;1513,92403018014;0,98019801980198;1
464;286,819042697382;1411,98017753042;0,98019801980198;0,99009900990099
465;287,807813966207;1585,29219235567;0,98019801980198;1
466;288,507572459973;1519,60314728343;0,98019801980198;0,99009900990099
467;284,113213833217;1384,76566118935;0,98019801980198;0,99009900990099
468;292,109651881908;1947,75607099555;0,98019801980198;0,99009900990099
469;295,799270319718;1623,53183352755;0,98019801980198;1
470;299,019351269501;1947,47257645523;0,98019801980198;0,99009900990099
471;293,23726446118;1792,06790287963;0,98019801980198;1
472;285,155379854113;1278,14411350719;0,98019801980198;1
473;286,537817972395;1486,66815151684;0,98019801980198;1
474;285,789948232167;1719,85917568961;0,98019801980198;0,99009900990099
475;283,507149772489;1410,02921713853;0,98019801980198;0,99009900990099
476;287,307759053317;1954,09631444959;0,98019801980198;0,99009900990099
477;287,726128892032;1607,81723939962;0,98019801980198;1
478;284,083929905284;1557,8774331948;0,98019801980198;0,99009900990099
479;285,006240760404;1388,69437685468;0,98019801980198;0,99009900990099
480;293,129844147525;1798,03791499201;0,98019801980198;1
481;288,224119368811;1401,00383267247;0,98019801980198;1
482;281,6879069023;1193,16090851639;0,98019801980198;0,99009900990099
483;296,524860421271;1808,24236287029;0,98019801980198;1
484;280,461773139143;1360,27805199009;0,98019801980198;0,99009900990099
485;289,206438726662;1502,55168869659;0,98019801980198;0,99009900990099
486;293,171120631067;1750,0554748281;0,98019801980198;0,99009900990099
487;284,994477301113;1309,90220009315;0,98019801980198;1
488;287,844530229029;1693,93776785809;0,98019801980198;1
489;290,378090961529;1771,68566760961;0,98019801980198;1
490;288,311665083713;1525,46311584875;0,98019801980198;0,99009900990099
491;285,717648854316;1546,97436666179;0,98019801980198;0,99009900990099
492;284,379756396475;1681,63630226044;0,98019801980198;0,99009900990099
493;285,893020952004;1340,01978375706;0,98019801980198;1
494;291,500372453101;1695,7331505536;0,98019801980198;0,99009900990099
495;290,130886667587;1619,35339850223;0,98019801980198;0,99009900990099
496;288,086442618355;1650,93496171569;0,98019801980198;0,99009900990099
497;294,474264426878;1669,9563260197;0,98019801980198;1
498;289,200947922501;1600,04824085964;0,98019801980198;1
499;292,739099807358;1854,00657902085;0,98019801980198;1
500;284,972225968674;1457,39081106974;0,98019801980198;0,99009900990099
501;293,547755251117;1665,79093058522;0,98019801980198;1
502;293,62406526591;1696,49852529432;0,98019801980198;0,99009900990099
503;287,033749583238;1404,52057258252;0,98019801980198;1
504;291,958341063086;1767,63012682241;0,98019801980198;0,99009900990099
505;290,545724197544;1481,2150146683;0,98019801980198;0,99009900990099
506;289,450569639645;1447,3187371216;0,98019801980198;0,99009900990099
507;291,49163876102;1887,05152491105;0,98019801980198;1
508;292,333793594316;1854,27435018797;0,98019801980198;0,99009900990099
509;286,479122425279;1526,20814282658;0,98019801980198;0,99009900990099
510;280,488088868296;1088,02250156894;0,98019801980198;1
511;287,519620261618;1554,34271600069;0,98019801980198;1
512;294,123181467718;1659,39387788037;0,98019801980198;0,99009900990099
513;288,259451614954;1503,85174437403;0,98019801980198;1
514;289,143092534341;1700,21826061774;0,98019801980198;0,99009900990099
515;286,70165072559;1336,40769800072;0,98019801980198;1
516;293,173460428681;1921,40354758955;0,98019801980198;0,99009900990099
517;287,91501280694;1395,13544183531;0,98019801980198;0,99009900990099
518;286,262297031919;1201,09586537568;0,98019801980198;1
519;291,248850166784;1661,69087046451;0,98019801980198;1
520;297,006452623692;1910,9884817833;0,98019801980198;1
521;290,176505600663;1615,27517823176;0,98019801980198;0,99009900990099
522;293,195724818567;1915,77464377782;0,98019801980198;1
523;290,862324300404;1635,97917335708;0,98019801980198;0,99009900990099
524;281,65385044468;1426,50979173847;0,98019801980198;0,99009900990099
525;286,706193063112;1501,13590451717;0,98019801980198;0,99009900990099
526;288,925631355133;1486,63377121516;0,98019801980198;0,99009900990099
527;289,118056708237;1539,72105113061;0,98019801980198;1
528;293,148418731296;1827,12684666608;0,98019801980198;0,99009900990099
529;291,135165369304;1575,67827146375;0,98019801980198;1
530;292,278472435752;1798,75841926818;0,98019801980198;0,99009900990099
531;292,270745259057;1639,68877450956;0,98019801980198;0,99009900990099
532;282,109025566224;1369,48538935043;0,98019801980198;1
533;293,253644495424;1666,67124481468;0,98019801980198;0,99009900990099
534;287,580346654531;1434,09307686873;0,98019801980198;1
535;288,311008560619;1436,74314667007;0,98019801980198;0,99009900990099
536;288,248707483192;1656,99706782906;0,98019801980198;0,99009900990099
537;293,32456377786;1843,73465102756;0,98019801980198;1
538;286,226733675116;1674,46091959653;0,98019801980198;1
539;291,2524552679;1683,81406093566;0,98019801980198;1
540;288,176221742905;1609,03248107544;0,98019801980198;0,99009900990099
541;291,261551211266;1542,70174377505;0,98019801980198;0,99009900990099
542;296,928961453744;2139,44452324819;0,98019801980198;1
543;285,700474075286;1568,37509003046;0,98019801980198;0,99009900990099
544;289,118556758509;1388,04493830414;0,98019801980198;1
545;283,172372786592;1234,93312691342;0,98019801980198;1
546;299,558879560993;1919,05447269427;0,98019801980198;1
547;293,807814244408;1673,20615626147;0,98019801980198;1
548;286,78176254581;1429,56169899263;0,98019801980198;1
549;292,133449114211;1676,63438909534;0,98019801980198;1
550;287,906016827983;1632,74164571916;0,98019801980198;1
551;283,389686613782;1490,13938835526;0,98019801980198;1
552;288,823829089465;1474,03196154833;0,98019801980198;1
553;295,154342270715;1720,63015226991;0,98019801980198;0,99009900990099
554;289,16727826011;1370,46309736558;0,98019801980198;1
555;287,629197285843;1631,34938729582;0,98019801980198;0,99009900990099
556;285,678604337758;1360,32177205622;0,98019801980198;0,99009900990099
557;284,372059316121;1555,76883898067;0,98019801980198;1
558;288,42862118528;1747,1285391874;0,98019801980198;1
559;285,83323158521;1417,44018408168;0,98019801980198;1
560;286,076898899834;1585,67517234347;0,98019801980198;0,99009900990099
561;287,049171601605;1612,12630592551;0,98019801980198;1
562;292,335368798982;1341,99884091555;0,98019801980198;0,99009900990099
563;281,61929660331;1394,67517735028;0,98019801980198;0,99009900990099
564;289,293228527553;1631,39816473674;0,98019801980198;0,99009900990099
565;287,010308089255;1551,33001737323;0,98019801980198;0,99009900990099
566;293,774299996922;1584,39585300063;0,98019801980198;1
567;286,898497305304;1080,18052702908;0,98019801980198;0,99009900990099
568;291,478176605759;1724,18826206425;0,98019801980198;1
569;286,054858505395;1483,96687726498;0,98019801980198;1
570;291,341215247499;1738,99572365582;0,98019801980198;0,99009900990099
571;290,027242591035;1506,32255465123;0,98019801980198;0,99009900990099
572;281,823471775607;1598,89833734586;0,98019801980198;0,99009900990099
573;281,7922441697;1175,79686391136;0,98019801980198;0,99009900990099
574;288,077896429352;1545,01595027378;0,98019801980198;0,99009900990099
575;283,619401640761;1402,69565324015;0,98019801980198;1
576;301,437160010711;2048,16260608407;0,98019801980198;1
577;282,030282261417;1290,78710866048;0,98019801980198;1
578;283,455500501507;1186,71951372793;0,98019801980198;0,99009900990099
579;288,547138688327;1725,07440122639;0,98019801980198;0,99009900990099
580;282,978442189365;1444,72297683432;0,98019801980198;0,99009900990099
581;291,110908958768;1642,25935822779;0,98019801980198;1
582;287,858221852286;1528,04813958083;0,98019801980198;1
583;288,184331641111;1545,38098652925;0,98019801980198;0,99009900990099
584;297,775832714775;1941,38930177873;0,98019801980198;0,99009900990099
585;288,526750317863;1500,94860767245;0,98019801980198;1
586;286,616488810007;1372,51497411138;0,98019801980198;0,99009900990099
587;289,219321067478;1641,76017847413;0,98019801980198;0,99009900990099
588;291,691765006544;1532,46326975206;0,98019801980198;1
589;288,838980382231;1566,03775243194;0,98019801980198;0,99009900990099
590;291,511805302643;1618,15174102822;0,98019801980198;0,99009900990099
591;286,818741541293;1505,35654695194;0,98019801980198;0,99009900990099
592;283,12283123803;1471,37145282931;0,98019801980198;0,99009900990099
593;291,669885444478;1797,50990576677;0,98019801980198;1
594;290,113423969532;1705,68609960845;0,98019801980198;0,99009900990099
595;276,981443754781;1225,76205851011;0,98019801980198;0,99009900990099
596;295,981342502756;1912,77813115543;0,98019801980198;1
597;284,781796689174;1528,68405237753;0,98019801980198;0,99009900990099
598;286,839685495363;1472,85958983321;0,98019801980198;0,99009900990099
599;284,742264043858;1245,99762069835;0,98019801980198;1
600;295,194887656963;1506,30889916925;0,98019801980198;1
601;286,838839058836;1459,26834701827;0,98019801980198;1
602;292,661166195072;1727,10070599806;0,98019801980198;1
603;286,171436757149;1648,51451461029;0,98019801980198;1
604;284,805933239608;1353,67851424397;0,98019801980198;1
605;292,666199115848;1814,93331281179;0,98019801980198;0,99009900990099
606;298,010313798807;1668,13426985581;0,98019801980198;0,99009900990099
607;290,770344905531;1907,80996282569;0,98019801980198;0,99009900990099
608;295,287734546644;1755,80364406048;0,98019801980198;0,99009900990099
609;286,307744642955;1298,29868721268;0,98019801980198;1
610;295,754125821632;1803,92086675777;0,98019801980198;1
611;289,406651801544;1679,44173171424;0,98019801980198;1
612;285,908357613752;1579,05734677547;0,98019801980198;0,99009900990099
613;298,002968701057;2125,25452861603;0,98019801980198;1
614;288,792013986344;1569,97515137217;0,98019801980198;1
615;294,521714313166;1733,20141419774;0,98019801980198;0,99009900990099
616;285,831858977163;1432,40079655429;0,98019801980198;0,99009900990099
617;294,747632013731;1655,92629515253;0,98019801980198;0,99009900990099
618;290,274554791997;1440,0143121888;0,98019801980198;0,99009900990099
619;285,571235868335;1352,34010060076;0,98019801980198;1
620;286,853054017938;1380,86872970345;0,98019801980198;1
621;287,263087796643;1432,10749694638;0,98019801980198;1
622;289,599170789774;1679,01203858603;0,98019801980198;0,99009900990099
623;289,940325733122;1603,86651508375;0,98019801980198;1
624;278,665124572523;1207,10499154919;0,98019801980198;0,99009900990099
625;287,25387905361;1539,1273749079;0,98019801980198;1
626;289,145567643774;1780,2002998835;0,98019801980198;0,99009900990099
627;288,57879547879;1471,43741607267;0,98019801980198;0,99009900990099
628;289,958197627856;1664,37766592414;0,98019801980198;1
629;291,460791442138;1688,05625452566;0,98019801980198;1
630;294,859207494122;1630,73267992981;0,98019801980198;1
631;288,524337526998;1679,3643450239;0,98019801980198;1
632;293,56780240147;1686,78293987546;0,98019801980198;0,99009900990099
633;277,624974038499;1212,22860679426;0,98019801980198;0,99009900990099
634;286,114000189133;1518,21091579791;0,98019801980198;1
635;292,87865026698;1697,30395633639;0,98019801980198;0,99009900990099
636;276,70048964;1306,28891510921;0,98019801980198;1
637;289,824284339763;1758,75960633567;0,98019801980198;0,99009900990099
638;277,413125823641;1300,15043191254;0,98019801980198;1
639;289,666286087715;1486,90004986265;0,98019801980198;0,99009900990099
640;288,390744640822;1708,14541245199;0,98019801980198;1
641;289,119985668729;1707,58788677232;0,98019801980198;0,99009900990099
642;288,101793290301;1709,74314328494;0,98019801980198;0,99009900990099
643;295,691312777625;1916,88839077389;0,98019801980198;1
644;289,652588890363;1667,62763334966;0,98019801980198;0,99009900990099
645;284,000706670037;1591,56694828188;0,98019801980198;1
646;291,836321444377;1534,30002784269;0,98019801980198;0,99009900990099
647;292,83856562522;1864,17273069529;0,98019801980198;1
648;289,973983712653;1558,06426722614;0,98019801980198;1
649;291,087533377656;1783,77599421479;0,98019801980198;1
650;279,425219270228;1344,36948838809;0,98019801980198;0,99009900990099
651;290,45825375766;1505,04388170663;0,98019801980198;1
652;290,756764136965;1778,95683744708;0,98019801980198;0,99009900990099
653;289,275150282039;1545,02714345073;0,98019801980198;1
654;292,061798381594;1539,82209480636;0,98019801980198;1
655;294,245918784053;1705,19602471205;0,98019801980198;1
656;291,975692230559;1811,68569463424;0,98019801980198;1
657;295,391298768717;1622,03640588546;0,98019801980198;0,99009900990099
658;285,603919712688;1527,06460342181;0,98019801980198;0,99009900990099
659;291,462714178276;1536,58344927371;0,98019801980198;1
660;292,568076237664;1798,94312609501;0,98019801980198;0,99009900990099
661;288,041870349155;1493,36938964765;0,98019801980198;1
662;282,435122065158;1469,26261223238;0,98019801980198;1
663;286,143231274028;1476,78700508873;0,98019801980198;1
664;290,543532435758;1591,98149541571;0,98019801980198;1
665;293,641252318242;1612,12412636925;0,98019801980198;0,99009900990099
666;290,797512738351;1784,99187992622;0,98019801980198;0,99009900990099
667;282,674856598488;1322,74514992628;0,98019801980198;1
668;283,507172372997;1153,86139828691;0,98019801980198;1
669;291,092659673543;1759,83424860671;0,98019801980198;1
670;287,954464018064;1486,96995224542;0,98019801980198;1
671;288,244564002175;1533,88087757518;0,98019801980198;0,99009900990099
672;296,899125214731;1890,2097276278;0,98019801980198;0,99009900990099
673;286,983132442044;1162,61257569701;0,98019801980198;1
674;292,598158058704;1891,75415057279;0,98019801980198;0,99009900990099
675;296,767568538836;1795,79021980302;0,98019801980198;1
676;283,058726872049;1495,19853913959;0,98019801980198;1
677;291,327810904941;1797,63932258322;0,98019801980198;0,99009900990099
678;285,030953441313;1406,31885324306;0,98019801980198;1
679;287,173672526752;1530,56785519685;0,98019801980198;1
680;291,644437592896;1670,63149579644;0,98019801980198;1
681;286,8735475317;1475,1414818718;0,98019801980198;0,99009900990099
682;297,161055499134;1888,88549745617;0,98019801980198;1
683;293,466811927965;1815,46575136768;0,98019801980198;1
684;290,799564299966;1467,7462143418;0,98019801980198;1
685;287,843935273668;1630,78627850241;0,98019801980198;1
686;288,989409110347;1617,0557787879;0,98019801980198;1
687;287,746554792612;1658,57943094477;0,98019801980198;1
688;293,979699741379;1717,05209593842;0,98019801980198;1
689;291,341633894051;1833,00962619885;0,98019801980198;1
690;294,29871371579;1657,33779400335;0,98019801980198;1
691;283,084040310963;1356,26195822782;0,98019801980198;1
692;285,251336397742;1412,56622519;0,98019801980198;1
693;282,074529593952;1238,09394321915;0,98019801980198;1
694;288,878042017243;1711,77050447266;0,98019801980198;0,99009900990099
695;288,947910597979;1764,82284980437;0,98019801980198;1
696;290,623395784845;1922,71847921951;0,98019801980198;1
697;289,405473314115;1534,33845676652;0,98019801980198;0,99009900990099
698;292,726883962923;1813,93238778634;0,98019801980198;0,99009900990099
699;288,337402850722;1633,976116288;0,98019801980198;0,99009900990099
700;284,52924667625;1263,04613910351;0,98019801980198;0,99009900990099
701;278,295312422727;1228,43599896473;0,98019801980198;0,99009900990099
702;298,391153461555;1871,98419061549;0,98019801980198;1
703;292,881032150804;1781,92030752668;0,98019801980198;1
704;293,213091086971;1778,64950832021;0,98019801980198;0,99009900990099
705;286,910209616262;1861,55134446831;0,98019801980198;0,99009900990099
706;287,148532939541;1465,43852827679;0,98019801980198;1
707;291,651360830609;1801,2822747644;0,98019801980198;1
708;292,359080516828;1754,80257783708;0,98019801980198;1
709;293,50542988525;1626,413193442;0,98019801980198;1
710;285,599372727112;1508,19033639393;0,98019801980198;0,99009900990099
711;289,201792139085;1551,05301101456;0,98019801980198;0,99009900990099
712;291,260558460371;1655,65746868325;0,98019801980198;1
713;285,165250059349;1395,35067134571;0,98019801980198;0,99009900990099
714;291,456342795192;1590,72812375857;0,98019801980198;0,99009900990099
715;295,510504522802;1540,99774659364;0,98019801980198;0,99009900990099
716;292,284233533707;1733,81553049526;0,98019801980198;1
717;287,112969180999;1740,91463063343;0,98019801980198;1
718;295,664242742014;1855,09767558711;0,98019801980198;1
719;290,866107245944;1513,41974033049;0,98019801980198;1
720;286,221782341078;1389,68727433772;0,98019801980198;0,99009900990099
721;290,529155648281;1664,82230845538;0,98019801980198;0,99009900990099
722;293,161057912705;1719,89733528874;0,98019801980198;1
723;282,185383875189;1282,45975889453;0,98019801980198;0,99009900990099
724;295,220625654802;1649,55370213795;0,98019801980198;0,99009900990099
725;296,405426530238;1677,68900822835;0,98019801980198;0,99009900990099
726;288,985837554282;1637,30354143438;0,98019801980198;1
727;287,016487867747;1373,30626720126;0,98019801980198;1
728;291,659282417639;1617,7894847972;0,98019801980198;1
729;290,427429258454;1547,38949828455;0,98019801980198;0,99009900990099
730;283,292717549488;1369,18142526754;0,98019801980198;1
731;291,326210584936;1481,65296693364;0,98019801980198;0,99009900990099
732;290,226758832585;1546,42617743441;0,98019801980198;1
733;292,602886879931;1834,45255601304;0,98019801980198;1
734;299,157834263377;1997,84974596462;0,98019801980198;1
735;283,230275268617;1547,14587006241;0,98019801980198;0,99009900990099
736;289,937659550519;1743,40019985263;0,98019801980198;1
737;282,506705313131;1429,5651933268;0,98019801980198;1
738;278,462700763914;1122,91476119726;0,98019801980198;1
739;293,027082931789;1777,86977488805;0,98019801980198;1
740;282,033875076855;1449,94673819504;0,98019801980198;1
741;280,943996671952;1064,38001599871;0,98019801980198;1
742;282,135567733917;1413,19313224892;0,98019801980198;0,99009900990099
743;290,327093266419;1756,14394461555;0,98019801980198;1
744;283,200860029913;1314,8623129422;0,98019801980198;0,99009900990099
745;287,66526222962;1653,65330751586;0,98019801980198;1
746;294,208825383151;1858,2537340363;0,98019801980198;1
747;291,645940900681;1538,01825445051;0,98019801980198;0,99009900990099
748;292,084658875618;1641,5398570239;0,98019801980198;0,99009900990099
749;287,121486759996;1549,54752099022;0,98019801980198;1
750;290,224219259357;1318,82036789993;0,98019801980198;1
751;282,324287215519;1284,79434411029;0,98019801980198;1
752;281,596633659336;1382,89877884145;0,98019801980198;1
753;288,836140721292;1773,61116734997;0,98019801980198;0,99009900990099
754;293,144087721455;1545,8080589266;0,98019801980198;0,99009900990099
755;288,898867888896;1647,43453385142;0,98019801980198;1
756;287,221440440843;1333,73990073468;0,98019801980198;0,99009900990099
757;290,474936885617;1666,27125519428;0,98019801980198;0,99009900990099
758;285,149021581274;1513,46043906069;0,98019801980198;1
759;291,754164690372;1366,54706797816;0,98019801980198;0,99009900990099
760;295,039730029905;1870,81049894449;0,98019801980198;0,99009900990099
761;286,46342980326;1291,65394989752;0,98019801980198;1
762;286,89151051409;1414,58432470178;0,98019801980198;0,99009900990099
763;292,130476766614;1749,83427666295;0,98019801980198;0,99009900990099
764;292,066384234584;1673,02779832192;0,98019801980198;0,99009900990099
765;283,622274638846;1469,0339751927;0,98019801980198;1
766;285,660986075017;1473,91650725764;0,98019801980198;0,99009900990099
767;293,599365967323;1763,52389013537;0,98019801980198;1
768;288,090741460262;1610,08245945259;0,98019801980198;1
769;290,477311848217;1505,52502627272;0,98019801980198;1
770;294,153193085331;1612,26935615249;0,98019801980198;1
771;286,578244955202;1705,18279385605;0,98019801980198;1
772;288,593803214632;1692,17680553264;0,98019801980198;1
773;290,824886832387;1775,21328772864;0,98019801980198;1
774;280,874342777985;1334,8624090022;0,98019801980198;0,99009900990099
775;287,161066471407;1566,88741920059;0,98019801980198;1
776;291,53886048104;1375,76921773472;0,98019801980198;1
777;282,419548139119;1252,17588024404;0,98019801980198;0,99009900990099
778;283,500786424389;1570,16004439802;0,98019801980198;0,99009900990099
779;287,418121508435;1545,13378131754;0,98019801980198;0,99009900990099
780;285,021226349408;1463,89560531409;0,98019801980198;0,99009900990099
781;289,248473087554;1419,59182652419;0,98019801980198;0,99009900990099
782;288,63589939339;1639,4127162378;0,98019801980198;0,99009900990099
783;296,752607278769;1917,45911429064;0,98019801980198;0,99009900990099
784;289,593178277266;1561,38877599791;0,98019801980198;0,99009900990099
785;287,400395214982;1488,243884387;0,98019801980198;1
786;285,948898209045;1349,71371882575;0,98019801980198;1
787;295,452479959828;1753,28867595234;0,98019801980198;0,99009900990099
788;288,37925056978;1739,46695026779;0,98019801980198;0,99009900990099
789;287,317001839291;1935,25527134041;0,98019801980198;0,99009900990099
790;285,184082007935;1642,32541613485;0,98019801980198;1
791;285,786062140086;1380,05647557431;0,98019801980198;0,99009900990099
792;285,063561516871;1300,80059107752;0,98019801980198;1
793;283,884807936958;1598,03099447831;0,98019801980198;0,99009900990099
794;291,160707512301;1689,04838273024;0,98019801980198;0,99009900990099
795;286,226614521286;1462,39679134698;0,98019801980198;1
796;290,772822788952;1641,58745599471;0,98019801980198;1
797;291,027045387356;1823,23671914507;0,98019801980198;0,99009900990099
798;287,600920149967;1439,03477126028;0,98019801980198;0,99009900990099
799;291,095527324841;1931,30633671638;0,98019801980198;0,99009900990099
800;286,390125869844;1557,00462157129;0,98019801980198;1
801;283,690367193487;1496,31499434281;0,98019801980198;0,99009900990099
802;288,214730114271;1580,43644330503;0,98019801980198;1
803;282,699134928471;1463,83423605648;0,98019801980198;1
804;290,845789572181;1787,88517144542;0,98019801980198;0,99009900990099
805;286,030965083413;1409,82731743264;0,98019801980198;1
806;288,406472838808;1735,5614569336;0,98019801980198;0,99009900990099
807;279,505135022667;1301,83685389732;0,98019801980198;1
808;288,450857480273;1567,47384952836;0,98019801980198;1
809;291,312764832152;1691,54894213268;0,98019801980198;0,99009900990099
810;280,035729325183;1195,68192858946;0,98019801980198;0,99009900990099
811;292,23136620682;1689,13799233385;0,98019801980198;1
812;284,247345542692;1314,16472197132;0,98019801980198;0,99009900990099
813;285,618991849027;1484,7042823062;0,98019801980198;1
814;285,393235663189;1479,54059965098;0,98019801980198;0,99009900990099
815;293,322166763634;1800,74530233002;0,98019801980198;0,99009900990099
816;288,947812932334;1554,17529086039;0,98019801980198;1
817;300,410223382263;2114,44292623233;0,98019801980198;0,99009900990099
818;286,352002869399;1618,19883731677;0,98019801980198;1
819;286,307774618028;1327,12612696168;0,98019801980198;1
820;287,742806171402;1727,32005714078;0,98019801980198;1
821;286,264570929585;1415,26225650278;0,98019801980198;0,99009900990099
822;283,899070034552;1472,85073137432;0,98019801980198;0,99009900990099
823;290,630681589753;1548,1445812797;0,98019801980198;0,99009900990099
824;290,059258386723;1451,16373988207;0,98019801980198;1
825;292,230640490408;1629,0296943005;0,98019801980198;1
826;283,375441350906;1410,17668853834;0,98019801980198;1
827;285,8360000081;1433,21771875862;0,98019801980198;1
828;285,1486084731;1526,86111365659;0,98019801980198;0,99009900990099
829;289,22136775742;1466,10695993946;0,98019801980198;0,99009900990099
830;286,252141235242;1507,35117861425;0,98019801980198;0,99009900990099
831;284,626061106964;1561,71010110436;0,98019801980198;1
832;289,524535382057;1517,73622939424;0,98019801980198;0,99009900990099
833;284,228452084927;1328,08047215074;0,98019801980198;1
834;293,824331830261;1857,00649705084;0,98019801980198;0,99009900990099
835;293,828747725263;1611,9999072301;0,98019801980198;0,99009900990099
836;288,738963337495;1802,39946584897;0,98019801980198;1
837;290,394833628493;1550,09439596166;0,98019801980198;1
838;282,508640971743;1314,18888351801;0,98019801980198;0,99009900990099
839;285,664430005822;1532,65137926688;0,98019801980198;1
840;283,398717415492;1344,12101174606;0,98019801980198;1
841;287,837377419078;1499,08698478135;0,98019801980198;1
842;280,812265454225;1146,95887218036;0,98019801980198;0,99009900990099
843;295,159933861435;1785,82136046984;0,98019801980198;0,99009900990099
844;289,294562548556;1540,22378131242;0,98019801980198;0,99009900990099
845;291,611928239731;1704,46591161213;0,98019801980198;1
846;289,461749532823;1820,32222305343;0,98019801980198;0,99009900990099
847;287,867751110054;1680,65101934833;0,98019801980198;0,99009900990099
848;293,358096497176;1570,80060800437;0,98019801980198;1
849;291,429409760793;1909,0945183837;0,98019801980198;0,99009900990099
850;286,803709875307;1424,68701809107;0,98019801980198;0,99009900990099
851;287,905667936946;1745,86200622515;0,98019801980198;0,99009900990099
852;286,699141517113;1639,67073384491;0,98019801980198;1
853;289,24952884161;1706,87315944729;0,98019801980198;1
854;285,161396389917;1536,05050929179;0,98019801980198;1
855;287,960986395593;1527,12375701138;0,98019801980198;0,99009900990099
856;282,938230945829;1232,28569345846;0,98019801980198;1
857;287,546400916595;1610,3206772211;0,98019801980198;0,99009900990099
858;292,885604793211;1723,9126252857;0,98019801980198;1
859;291,339088998501;1583,79715237306;0,98019801980198;0,99009900990099
860;281,935286835579;1374,55598512693;0,98019801980198;0,99009900990099
861;299,431034567666;1846,26785323039;0,98019801980198;0,99009900990099
862;287,775174999605;1480,13131235912;0,98019801980198;1
863;283,78209211933;1509,19612139554;0,98019801980198;1
864;289,638711563193;1756,48406222803;0,98019801980198;1
865;290,228059816394;1753,10250831808;0,98019801980198;1
866;287,765772487206;1458,38736934848;0,98019801980198;1
867;287,70381902303;1438,98141708797;0,98019801980198;0,99009900990099
868;284,300692201758;1484,22375749562;0,98019801980198;0,99009900990099
869;293,371291926769;1889,93825730441;0,98019801980198;1
870;294,541035857658;1601,16901665783;0,98019801980198;1
871;284,867374443209;1346,75186510793;0,98019801980198;1
872;294,047015040431;1788,76838768474;0,98019801980198;1
873;280,340598808998;1306,75824192973;0,98019801980198;0,99009900990099
874;285,00120921116;1570,93064502498;0,98019801980198;0,99009900990099
875;281,035408818644;1141,1083979352;0,98019801980198;0,99009900990099
876;288,28253820581;1456,86345467421;0,98019801980198;0,99009900990099
877;292,667429517695;1747,75072420361;0,98019801980198;0,99009900990099
878;292,694832431238;1763,15043253028;0,98019801980198;1
879;285,908298312713;1292,38441071898;0,98019801980198;1
880;290,164709293055;1823,36319443741;0,98019801980198;1
881;290,511049035085;1665,20315108583;0,98019801980198;1
882;289,327712974561;1513,41106881083;0,98019801980198;0,99009900990099
883;289,537593127002;1578,91265837224;0,98019801980198;0,99009900990099
884;290,350122854865;1621,14303610484;0,98019801980198;1
885;285,57422234179;1419,69335352949;0,98019801980198;1
886;285,701765112429;1321,69130364985;0,98019801980198;1
887;281,844142017926;1408,73778662211;0,98019801980198;1
888;282,332068444825;1462,12442573388;0,98019801980198;1
889;280,668976578133;1336,57454790777;0,98019801980198;0,99009900990099
890;292,814997212977;1680,24326567118;0,98019801980198;0,99009900990099
891;289,350938749909;1546,84780748865;0,98019801980198;0,99009900990099
892;295,915349554329;1965,45321439052;0,98019801980198;1
893;288,13445886858;1485,90838078057;0,98019801980198;1
894;283,13499510139;1434,35928786232;0,98019801980198;0,99009900990099
895;293,247285133509;1791,73851775744;0,98019801980198;0,99009900990099
896;289,345156192185;1830,41655915652;0,98019801980198;1
897;290,212402737313;1392,94820118449;0,98019801980198;1
898;280,851705177158;1488,62970535038;0,98019801980198;0,99009900990099
899;284,998499172953;1747,1520537207;0,98019801980198;0,99009900990099
900;287,51412113532;1262,67744009008;0,98019801980198;0,99009900990099
901;287,985577560953;1452,15701043442;0,98019801980198;0,99009900990099
902;282,75843459609;1320,06782117382;0,98019801980198;0,99009900990099
903;289,940711955439;1622,00833838651;0,98019801980198;0,99009900990099
904;288,888695916858;1447,44017849559;0,98019801980198;0,99009900990099
905;289,27141399211;1553,84996105929;0,98019801980198;0,99009900990099
906;287,709775512966;1702,9163184346;0,98019801980198;0,99009900990099
907;282,592679012115;1050,14752164316;0,98019801980198;0,99009900990099
908;287,158660347486;1567,32936446849;0,98019801980198;0,99009900990099
909;289,203897398007;1531,11853276553;0,98019801980198;0,99009900990099
910;291,476743953476;1574,75029671091;0,98019801980198;0,99009900990099
911;280,987715357212;1406,50920376515;0,98019801980198;0,99009900990099
912;292,814262660062;1895,5483119952;0,98019801980198;1
913;281,863549863323;1409,27289613646;0,98019801980198;0,99009900990099
914;288,798997013511;1501,06207249262;0,98019801980198;0,99009900990099
915;291,306875433446;1766,2713346114;0,98019801980198;0,99009900990099
916;289,357120045823;1800,52168989476;0,98019801980198;1
917;286,952951138674;1623,47071185765;0,98019801980198;1
918;286,696394981102;1302,5826568641;0,98019801980198;0,99009900990099
919;288,706920986622;1636,13869742165;0,98019801980198;0,99009900990099
920;287,147622271509;1771,33478396669;0,98019801980198;1
921;294,718799049032;1563,46037894384;0,98019801980198;0,99009900990099
922;289,63783040686;1439,39792118669;0,98019801980198;1
923;290,886354084371;1579,13505383211;0,98019801980198;1
924;280,541141236987;1485,6412619765;0,98019801980198;1
925;286,072378302967;1586,84413197752;0,98019801980198;0,99009900990099
926;288,599598176706;1722,33380889297;0,98019801980198;0,99009900990099
927;289,186051128247;1502,60879330195;0,98019801980198;0,99009900990099
928;288,250643427497;1374,97615544684;0,98019801980198;1
929;280,366380629986;1191,2683587261;0,98019801980198;0,99009900990099
930;291,454518681277;1603,01438741918;0,98019801980198;0,99009900990099
931;295,788476385648;1771,29324828396;0,98019801980198;0,99009900990099
932;283,856584153656;1241,28999052901;0,98019801980198;0,99009900990099
933;287,88636355611;1380,36609346954;0,98019801980198;1
934;292,784258919749;1923,7091244234;0,98019801980198;0,99009900990099
935;290,834527364167;1545,9110567754;0,98019801980198;0,99009900990099
936;282,38949345577;1349,0174167014;0,98019801980198;0,99009900990099
937;286,596567380573;1521,02939307805;0,98019801980198;1
938;300,566701807918;2108,59939248913;0,98019801980198;1
939;289,518688989815;1607,19828719598;0,98019801980198;1
940;284,719165432096;1296,776481684;0,98019801980198;1
941;288,284375219187;1514,5895976632;0,98019801980198;0,99009900990099
942;285,294931131494;1573,00914050271;0,98019801980198;0,99009900990099
943;287,879458757871;1590,83251802154;0,98019801980198;0,99009900990099
944;292,5489605693;1772,74777940981;0,98019801980198;1
945;290,924490206362;1657,56141485489;0,98019801980198;0,99009900990099
946;280,518480513526;1349,17377835224;0,98019801980198;0,99009900990099
947;296,901965079228;1723,86539625124;0,98019801980198;0,99009900990099
948;284,156212741667;1193,41213053364;0,98019801980198;0,99009900990099
949;288,871001803734;1468,47068658693;0,98019801980198;0,99009900990099
950;287,396746933242;1594,17554839018;0,98019801980198;0,99009900990099
951;294,361594038409;1813,47916342287;0,98019801980198;0,99009900990099
952;289,051985497536;1716,6542718474;0,98019801980198;0,99009900990099
953;292,713715129075;1764,21176627845;0,98019801980198;1
954;281,185343239253;1266,30848221956;0,98019801980198;0,99009900990099
955;288,957271091514;1417,70004672583;0,98019801980198;1
956;293,687694232677;1748,46524892442;0,98019801980198;0,99009900990099
957;282,374092212138;1235,76457448488;0,98019801980198;0,99009900990099
958;294,44993790505;1926,85328043084;0,98019801980198;1
959;286,362299097757;1387,23651088695;0,98019801980198;0,99009900990099
960;277,750165499032;1240,34876467244;0,98019801980198;1
961;287,781899246221;1615,47925563655;0,98019801980198;1
962;292,886630616477;1600,87842432336;0,98019801980198;0,99009900990099
963;294,322558051262;1473,33015048378;0,98019801980198;1
964;283,690420544323;1276,65106853183;0,98019801980198;0,99009900990099
965;288,569152722697;1636,16803216107;0,98019801980198;0,99009900990099
966;286,870430451197;1752,03482225577;0,98019801980198;1
967;297,032718469745;1912,37110850795;0,98019801980198;0,99009900990099
968;290,563896491109;1714,0294520789;0,98019801980198;1
969;291,722842744141;1629,80278212111;0,98019801980198;1
970;284,467956918807;1354,50952438052;0,98019801980198;1
971;284,894150894493;1342,18276400625;0,98019801980198;0,99009900990099
972;288,75653247832;1508,45316087767;0,98019801980198;0,99009900990099
973;292,172506019478;1759,42720896665;0,98019801980198;0,99009900990099
974;292,927665633787;1568,10273938926;0,98019801980198;1
975;290,888978829302;1522,70840084292;0,98019801980198;1
976;284,320630964069;1386,56722093606;0,98019801980198;1
977;296,732664970488;1873,6583200749;0,98019801980198;0,99009900990099
978;286,277803676025;1414,0361099141;0,98019801980198;0,99009900990099
979;286,126495390088;1590,68019968752;0,98019801980198;1
980;282,906419586619;1375,32789815814;0,98019801980198;1
981;288,2777610155;1177,19500938776;0,98019801980198;1
982;294,035784555467;1772,88011438694;0,98019801980198;0,99009900990099
983;290,614660680529;1543,24508230422;0,98019801980198;1
984;288,303576440125;1585,43932679043;0,98019801980198;0,99009900990099
985;289,234877428168;1685,37289729418;0,98019801980198;1
986;286,767928851005;1583,66153041578;0,98019801980198;1
987;285,329544684504;1419,83416309283;0,98019801980198;1
988;284,110751216857;1196,92447200054;0,98019801980198;0,99009900990099
989;288,379256019813;1853,68653911062;0,98019801980198;1
990;289,244436475604;1771,21470853671;0,98019801980198;0,99009900990099
991;282,326640305071;1473,7616854761;0,98019801980198;0,99009900990099
992;295,523378290863;1739,33214966091;0,98019801980198;0,99009900990099
993;280,958212517614;1197,42340331709;0,98019801980198;0,99009900990099
994;290,546788041863;1440,22817790174;0,98019801980198;1
995;292,092341829226;1485,85678487018;0,98019801980198;0,99009900990099
996;294,102195010203;1539,51735462029;0,98019801980198;1
997;288,105060386622;1557,78975191256;0,98019801980198;1
998;297,489907987789;1924,20272119299;0,98019801980198;1
999;280,594737344035;1087,04765216651;0,98019801980198;0,99009900990099
