0;161,653313307651;158,535147759557;0,967741935483871;1
1;161,854549836677;130,011169261773;0,967741935483871;1
2;163,376739281282;212,751374205205;0,967741935483871;1
3;158,610036333565;117,467753552864;0,967741935483871;1
4;159,935529322251;143,774614549351;0,967741935483871;1
5;158,981539238215;90,3806201142553;0,967741935483871;1
6;155,754621160899;61,429404860817;0,967741935483871;1
7;160,567148052257;61,4063442874133;0,967741935483871;1
8;159,739121638328;98,1997179557595;0,967741935483871;1
9;163,566585664391;162,120841085416;0,967741935483871;1
10;157,567620244421;88,0556570635636;0,967741935483871;1
11;163,460236951152;108,388250530006;0,967741935483871;1
12;162,621536797033;135,060376818592;0,967741935483871;1
13;158,520548944845;131,166541536667;0,967741935483871;1
14;163,54233262803;167,527611228347;0,967741935483871;1
15;164,709509304287;223,317425583369;0,967741935483871;1
16;162,09399360776;121,724971590913;0,967741935483871;1
17;164,100596673017;113,617428981366;0,967741935483871;1
18;160,70914954927;135,357654271726;0,967741935483871;1
19;165,977037448371;179,729108301413;0,967741935483871;1
20;165,879158948804;133,216084524566;0,967741935483871;1
21;163,759467860395;178,411410992086;0,967741935483871;1
22;155,940752084171;62,71944728075;0,967741935483871;1
23;163,671182781988;161,911737044598;0,967741935483871;1
24;170,244248994715;221,5222657789;0,967741935483871;1
25;157,866066805549;62,7003083856199;0,967741935483871;1
26;161,627398275049;112,584686472146;0,967741935483871;1
27;160,630028405853;135,905312988581;0,967741935483871;1
28;160,633300496818;135,720804589704;0,967741935483871;1
29;162,102649561235;128,645113387355;0,967741935483871;1
30;163,57383605767;175,375589112563;0,967741935483871;1
31;165,711135533737;242,819678615866;0,967741935483871;1
32;160,532987639608;146,92832130048;0,967741935483871;1
33;158,260043582584;125,054687141669;0,967741935483871;1
34;161,954735458178;144,315839110397;0,967741935483871;1
35;163,921595386573;147,687174199678;0,967741935483871;1
36;160,945354430314;141,150954491355;0,967741935483871;1
37;165,530965340694;200,913393804837;0,967741935483871;1
38;157,974780947147;79,8351235287277;0,967741935483871;1
39;160,333016160369;49,9383823022512;0,967741935483871;1
40;163,667893600706;207,19623808361;0,967741935483871;1
41;161,692793128906;126,58986298893;0,967741935483871;1
42;162,556291730715;152,267063234076;0,967741935483871;1
43;155,455966987258;102,482919586342;0,967741935483871;1
44;158,796867737332;151,940202009652;0,967741935483871;1
45;157,973104320791;126,148127448501;0,967741935483871;1
46;161,512315396044;127,469380150666;0,967741935483871;1
47;163,816712359777;157,214924078583;0,967741935483871;1
48;166,630674698835;153,672399512507;0,967741935483871;1
49;164,496454452185;206,392378273465;0,967741935483871;1
50;162,267705050702;173,254033912634;0,967741935483871;1
51;161,335026622481;181,963637300115;0,967741935483871;1
52;159,473785534358;119,665735193538;0,967741935483871;1
53;156,073903380158;74,0730913106231;0,967741935483871;1
54;163,085677545628;149,3852249769;0,967741935483871;1
55;155,595102111875;62,9603754315655;0,967741935483871;1
56;162,04459197555;117,616222214302;0,967741935483871;1
57;167,105774919784;248,580324670603;0,967741935483871;1
58;163,085310613544;253,258709755068;0,967741935483871;1
59;157,950053096904;136,58006726158;0,967741935483871;1
60;159,175306278554;70,4967614474413;0,967741935483871;1
61;166,837934695607;192,821555931267;0,967741935483871;1
62;158,249755457091;95,8241479367881;0,967741935483871;1
63;165,937985271549;147,235134423123;0,967741935483871;1
64;162,252108320894;128,435073598394;0,967741935483871;1
65;161,47164772641;129,282039831939;0,967741935483871;1
66;164,155717025185;157,845690351576;0,967741935483871;1
67;162,195030558546;191,419952216033;0,967741935483871;1
68;158,626778269535;154,478471977132;0,967741935483871;1
69;164,984629498291;149,934510652006;0,967741935483871;1
70;165,264078853825;165,028160972319;0,967741935483871;1
71;163,550517746781;173,763850872713;0,967741935483871;1
72;157,987005433796;65,4942737392217;0,967741935483871;1
73;160,805277128862;49,3488570014276;0,967741935483871;1
74;164,666653785578;218,948065562156;0,967741935483871;1
75;156,774372664133;73,9816706333294;0,967741935483871;1
76;154,772445649064;66,5610877986076;0,967741935483871;1
77;168,529113714877;255,531529371901;0,967741935483871;1
78;163,69572445136;220,54658497272;0,967741935483871;1
79;159,301587162999;90,0192151357668;0,967741935483871;1
80;161,115531629499;59,3308891017826;0,967741935483871;1
81;161,018280721441;107,824841609582;0,967741935483871;1
82;162,378650381008;201,421423802936;0,967741935483871;1
83;161,057884807163;175,827037148826;0,967741935483871;1
84;157,233969666372;103,393175412591;0,967741935483871;1
85;166,010199199595;149,805609689134;0,967741935483871;1
86;170,747775770234;317,833939120782;0,967741935483871;1
87;159,456072506342;167,785565395917;0,967741935483871;1
88;159,148770221718;181,786559768568;0,967741935483871;1
89;160,027374259113;123,836429263645;0,967741935483871;1
90;157,319884184778;111,75011394454;0,967741935483871;1
91;156,625429490193;86,2316790030838;0,967741935483871;1
92;161,896753885241;177,399238393196;0,967741935483871;1
93;165,717596063709;201,384447135861;0,967741935483871;1
94;162,14150489309;163,446830116005;0,967741935483871;1
95;163,670452592701;180,617116542337;0,967741935483871;1
96;166,214806812304;188,030566906329;0,967741935483871;1
97;155,335208198158;88,2595982163407;0,967741935483871;1
98;159,293656108179;65,9420211223974;0,967741935483871;1
99;156,304627908736;82,0401037686531;0,967741935483871;1
100;158,784259790675;108,032784587338;0,967741935483871;1
101;157,713106207465;29,7954775569645;0,967741935483871;1
102;166,307090061211;219,661213602913;0,967741935483871;1
103;164,886381241859;122,474535114979;0,967741935483871;1
104;164,393876641152;172,260357574968;0,967741935483871;1
105;160,095144775509;108,905883116733;0,967741935483871;1
106;159,358045191433;128,374209035974;0,967741935483871;1
107;158,457456691885;48,2191914642398;0,967741935483871;1
108;165,267010177294;154,802185561624;0,967741935483871;1
109;160,700554873999;122,032807331724;0,967741935483871;1
110;165,407427986381;176,057770002528;0,967741935483871;1
111;160,69818942728;94,0522427043078;0,967741935483871;1
112;162,036117572262;148,83803326861;0,967741935483871;1
113;157,251580893526;47,3495897816996;0,967741935483871;1
114;155,891677556099;112,235879410259;0,967741935483871;1
115;160,773290158655;147,242916193046;0,967741935483871;1
116;163,793633581804;179,278805128974;0,967741935483871;1
117;156,916991681004;46,2081906925924;0,967741935483871;1
118;164,053729770814;148,834342466201;0,967741935483871;1
119;156,467063124282;88,4610301312736;0,967741935483871;1
120;158,848336966248;157,564190058238;0,967741935483871;1
121;162,325269889526;206,280877394163;0,967741935483871;1
122;162,859054456008;129,702120566551;0,967741935483871;1
123;169,355617108;254,500164064223;0,967741935483871;1
124;160,083424062832;84,7706480498146;0,967741935483871;1
125;161,555810370088;146,296657932421;0,967741935483871;1
126;160,606902430089;132,107104359382;0,967741935483871;1
127;159,725059114141;102,455419399111;0,967741935483871;1
128;157,35733833102;83,6386126504541;0,967741935483871;1
129;159,5845128074;128,976170153096;0,967741935483871;1
130;157,247411217331;55,7366018523377;0,967741935483871;1
131;164,072931526391;181,911988006782;0,967741935483871;1
132;161,76349336012;134,198748741304;0,967741935483871;1
133;155,971586551453;83,2283006375622;0,967741935483871;1
134;163,338015718065;189,154023285091;0,967741935483871;1
135;167,143964986403;185,505047740147;0,967741935483871;1
136;162,214406857425;79,7796485778596;0,967741935483871;1
137;157,530933681246;116,27883041644;0,967741935483871;1
138;160,815559051645;71,47142291336;0,967741935483871;1
139;155,54769525885;72,6064915866299;0,967741935483871;1
140;163,490522876088;110,810848040278;0,967741935483871;1
141;164,561588176098;102,90732386251;0,967741935483871;1
142;163,49942125607;110,767467585619;0,967741935483871;1
143;173,196627778579;308,454183814742;0,967741935483871;1
144;161,60437351625;226,214195075276;0,967741935483871;1
145;163,237537117629;152,097327039541;0,967741935483871;1
146;162,605568293063;161,173640762177;0,967741935483871;1
147;161,86111707347;148,165636780957;0,967741935483871;1
148;160,975079785289;77,7578521527946;0,967741935483871;1
149;158,469379238723;138,916900054678;0,967741935483871;1
150;161,089555224544;48,6692257111116;0,967741935483871;1
151;164,688577779552;221,871754765105;0,967741935483871;1
152;160,743213230091;109,713269181047;0,967741935483871;1
153;161,733429506374;118,777261202135;0,967741935483871;1
154;161,925260497185;157,73528222402;0,967741935483871;1
155;164,527184267524;136,361414803098;0,967741935483871;1
156;158,339417437587;98,9899398967462;0,967741935483871;1
157;159,385060817653;100,469675261681;0,967741935483871;1
158;161,477624801696;103,286464716628;0,967741935483871;1
159;165,998662125035;216,171124703966;0,967741935483871;1
160;167,809775176244;260,440322697963;0,967741935483871;1
161;161,29140475005;95,8222489056337;0,967741935483871;1
162;164,991711057826;213,490648661561;0,967741935483871;1
163;157,004141338202;57,0197839956698;0,967741935483871;1
164;161,354847146439;153,811945092691;0,967741935483871;1
165;162,092907915941;176,398526824856;0,967741935483871;1
166;158,742544483481;93,7909606016358;0,967741935483871;1
167;164,602642578714;88,4462977608721;0,967741935483871;1
168;163,433618519093;159,243448191216;0,967741935483871;1
169;158,017193199383;131,089486405437;0,967741935483871;1
170;157,985732078791;95,1399950137733;0,967741935483871;1
171;164,865192243184;125,241713705724;0,967741935483871;1
172;156,124468622407;101,240948154658;0,967741935483871;1
173;157,883250655816;45,492480771069;0,967741935483871;1
174;160,343444092498;109,042692205455;0,967741935483871;1
175;155,544760893577;40,5557265092001;0,967741935483871;1
176;157,903731311978;112,019170273398;0,967741935483871;1
177;165,004058928493;198,451786697541;0,967741935483871;1
178;160,52719051324;170,784881774859;0,967741935483871;1
179;167,340820652317;221,617900435832;0,967741935483871;1
180;170,325422662288;228,183395373952;0,967741935483871;1
181;164,610633903887;234,365493705136;0,967741935483871;1
182;160,710613718232;56,8782618051172;0,967741935483871;1
183;162,903168258883;220,987870748964;0,967741935483871;1
184;159,7014151708;128,570659901777;0,967741935483871;1
185;160,600813425713;127,758230756945;0,967741935483871;1
186;158,632392575309;98,2222765049897;0,967741935483871;1
187;164,159310825486;159,058591223313;0,967741935483871;1
188;165,46434969601;220,964979762742;0,967741935483871;1
189;163,212729083082;140,222710832695;0,967741935483871;1
190;160,453604585193;181,690657736599;0,967741935483871;1
191;166,651621707515;149,041276761799;0,967741935483871;1
192;169,936752606289;202,011115866039;0,967741935483871;1
193;168,269966387079;206,430012526385;0,967741935483871;1
194;162,134310887411;140,418258885816;0,967741935483871;1
195;159,919055935646;167,198717295821;0,967741935483871;1
196;164,243237055405;149,428755627382;0,967741935483871;1
197;163,040757093734;131,670352320597;0,967741935483871;1
198;165,575424452986;175,268796100622;0,967741935483871;1
199;159,117219696985;68,3601202661427;0,967741935483871;1
200;162,431203873951;171,015067951638;0,967741935483871;1
201;160,49980848587;76,7010034319385;0,967741935483871;1
202;164,068909043767;130,572445981118;0,967741935483871;1
203;160,016449128156;103,448072882878;0,967741935483871;1
204;162,109077469607;171,374431586618;0,967741935483871;1
205;163,696112900308;159,952043154636;0,967741935483871;1
206;158,164129882722;108,116728448849;0,967741935483871;1
207;175,007375958781;325,315068011459;0,967741935483871;1
208;161,884710460912;155,296924192364;0,967741935483871;1
209;167,570843736563;238,291645240938;0,967741935483871;1
210;155,728910352963;94,6866264485077;0,967741935483871;1
211;160,86851549138;163,526684341691;0,967741935483871;1
212;157,950651480836;89,1687975374663;0,967741935483871;1
213;159,737027808669;103,453634560008;0,967741935483871;1
214;164,867294353083;161,689683610989;0,967741935483871;1
215;169,079702921068;226,212991645704;0,967741935483871;1
216;160,519599114366;176,48935962086;0,967741935483871;1
217;163,987196374286;81,420894344415;0,967741935483871;1
218;155,763421868347;41,6092576391624;0,967741935483871;1
219;157,983798984955;73,2966479679146;0,967741935483871;1
220;162,224879406724;108,554546333173;0,967741935483871;1
221;161,409317931087;146,809625406591;0,967741935483871;1
222;163,764050724727;177,409779164807;0,967741935483871;1
223;165,791117821941;244,884346349133;0,967741935483871;1
224;159,493379851876;133,413209019535;0,967741935483871;1
225;156,611988897516;95,2170026960002;0,967741935483871;1
226;161,519112198482;199,377877162874;0,967741935483871;1
227;161,89156267134;162,304158965151;0,967741935483871;1
228;159,843314411978;126,496880642634;0,967741935483871;1
229;164,178143155925;257,496904513013;0,967741935483871;1
230;157,021841314577;64,8476400078504;0,967741935483871;1
231;159,68494671196;133,861584839877;0,967741935483871;1
232;156,0360398572;95,8287354918305;0,967741935483871;1
233;167,803359853828;147,547708843204;0,967741935483871;1
234;160,294404948832;150,187368637028;0,967741935483871;1
235;156,08061451705;64,7210088902303;0,967741935483871;1
236;162,33347384775;155,741816034612;0,967741935483871;1
237;164,125068422463;179,755138984309;0,967741935483871;1
238;158,869306403851;43,7845257344085;0,967741935483871;1
239;162,457146252782;137,297064978058;0,967741935483871;1
240;160,517233768518;84,9670892669836;0,967741935483871;1
241;157,570331573503;58,3374141862732;0,967741935483871;1
242;158,596808314108;108,796974489932;0,967741935483871;1
243;165,027565620224;223,646882702579;0,967741935483871;1
244;155,962477909903;47,8648356748848;0,967741935483871;1
245;158,06834066823;103,660784842498;0,967741935483871;1
246;156,544118150679;74,3106542200744;0,967741935483871;1
247;160,79047135984;119,200419134464;0,967741935483871;1
248;157,437373741962;103,411127172749;0,967741935483871;1
249;160,792033253115;172,146696501551;0,967741935483871;1
250;160,137653411035;124,664182389233;0,967741935483871;1
251;165,797521648967;173,69570118859;0,967741935483871;1
252;158,245317596459;56,2166744946119;0,967741935483871;1
253;161,678546160176;125,254732941318;0,967741935483871;1
254;156,923440670402;75,0434889111989;0,967741935483871;1
255;162,799072325009;133,245166444838;0,967741935483871;1
256;162,280673104143;139,225619870143;0,967741935483871;1
257;162,179152487425;183,665938289816;0,967741935483871;1
258;156,431500206199;33,1498996065595;0,967741935483871;1
259;162,932204092341;161,825502059419;0,967741935483871;1
260;161,634640469121;177,369474683572;0,967741935483871;1
261;157,0366004724;66,6147770260663;0,967741935483871;1
262;156,396947147786;119,711701702977;0,967741935483871;1
263;157,590149678968;40,7398405428697;0,967741935483871;1
264;158,735600891974;93,8418208038768;0,967741935483871;1
265;160,490015866249;117,553373604017;0,967741935483871;1
266;162,996663218058;141,814729458781;0,967741935483871;1
267;164,571003667256;224,656744962356;0,967741935483871;1
268;158,150136243368;49,3953626572018;0,967741935483871;1
269;156,410832203248;86,0375481289932;0,967741935483871;1
270;161,881858134171;123,224715779576;0,967741935483871;1
271;165,037714210548;257,736560486932;0,967741935483871;1
272;160,400605142939;113,397797210465;0,967741935483871;1
273;155,985170191042;53,6788062297509;0,967741935483871;1
274;164,010581400747;146,897826074485;0,967741935483871;1
275;165,607789199697;223,809563692459;0,967741935483871;1
276;159,312591396213;69,5595616893665;0,967741935483871;1
277;159,944374605257;127,093347895234;0,967741935483871;1
278;164,053613287838;211,916506073129;0,967741935483871;1
279;157,883887631352;65,678904972848;0,967741935483871;1
280;166,960089645533;255,263882060415;0,967741935483871;1
281;156,90906488301;65,3208886337009;0,967741935483871;1
282;164,419806402473;192,091455943925;0,967741935483871;1
283;160,713005520768;113,784923545102;0,967741935483871;1
284;163,100062426003;162,173903296934;0,967741935483871;1
285;166,043122721992;187,630639784532;0,967741935483871;1
286;158,618100554019;73,363492221638;0,967741935483871;1
287;167,859518148625;157,646921090593;0,967741935483871;1
288;165,996276245335;172,476174457737;0,967741935483871;1
289;161,760119157558;91,9546232098371;0,967741935483871;1
290;158,488275557366;117,444329542469;0,967741935483871;1
291;160,662397143945;148,065556468376;0,967741935483871;1
292;168,610426894743;228,410568449438;0,967741935483871;1
293;156,46901318278;43,8349783314613;0,967741935483871;1
294;156,110829377822;36,9381303992981;0,967741935483871;1
295;162,170639114212;168,407515916059;0,967741935483871;1
296;161,592898037169;164,733916601233;0,967741935483871;1
297;158,279381177034;140,655137792956;0,967741935483871;1
298;159,422881927251;104,641825254977;0,967741935483871;1
299;161,090195406614;164,831196220495;0,967741935483871;1
300;160,241306175399;142,280980045966;0,967741935483871;1
301;161,715581143892;58,898592685308;0,967741935483871;1
302;159,913935012387;82,1043365797077;0,967741935483871;1
303;167,862211936015;234,760704932764;0,967741935483871;1
304;158,227775491085;68,1370106310123;0,967741935483871;1
305;163,899580444024;200,568661718436;0,967741935483871;1
306;161,295452205791;178,552694395898;0,967741935483871;1
307;157,482963916047;52,8626416035163;0,967741935483871;1
308;157,658227759547;38,0289855008987;0,967741935483871;1
309;156,944398498283;54,1965239613676;0,967741935483871;1
310;166,436146640247;215,317093384233;0,967741935483871;1
311;158,172473420722;133,789263921649;0,967741935483871;1
312;164,710836649918;168,051343943984;0,967741935483871;1
313;157,171298830028;83,8024469541034;0,967741935483871;1
314;167,80469578358;184,562246651165;0,967741935483871;1
315;164,531480717427;203,549660540674;0,967741935483871;1
316;159,158916849586;53,8588861766721;0,967741935483871;1
317;161,354557422857;113,434611983517;0,967741935483871;1
318;159,663878064712;141,916232750657;0,967741935483871;1
319;163,412109390043;159,606462653293;0,967741935483871;1
320;163,225165982786;160,491854588369;0,967741935483871;1
321;165,34601777704;127,310625822749;0,967741935483871;1
322;157,946294094155;82,0642943653996;0,967741935483871;1
323;161,507002045946;157,033352177111;0,967741935483871;1
324;161,393337504144;129,392196675671;0,967741935483871;1
325;163,808131254987;194,941988854702;0,967741935483871;1
326;155,352191096697;36,278705601622;0,967741935483871;1
327;158,136638769627;83,3434734650602;0,967741935483871;1
328;160,849631345077;185,671335706475;0,967741935483871;1
329;164,789946964711;194,365544869536;0,967741935483871;1
330;158,18809893342;55,5113084772711;0,967741935483871;1
331;162,563951964082;138,734084831774;0,967741935483871;1
332;165,87149517167;199,497699709722;0,967741935483871;1
333;159,339932715927;77,243996173684;0,967741935483871;1
334;156,443521818452;107,858229824645;0,967741935483871;1
335;158,740480369438;60,4833538510671;0,967741935483871;1
336;162,002056390353;114,598498513842;0,967741935483871;1
337;158,514499364152;120,857091836849;0,967741935483871;1
338;166,234656402628;224,925923026798;0,967741935483871;1
339;161,04292073891;108,930238799947;0,967741935483871;1
340;157,320897008416;124,52238361783;0,967741935483871;1
341;161,882086388188;130,32021031954;0,967741935483871;1
342;162,66315464062;157,862073102475;0,967741935483871;1
343;164,317709071599;155,347408738783;0,967741935483871;1
344;164,468233489325;199,290040539639;0,967741935483871;1
345;160,80061039792;174,053967108225;0,967741935483871;1
346;168,998904936653;228,483089153077;0,967741935483871;1
347;160,358271900748;105,260098185768;0,967741935483871;1
348;160,299965818026;121,386256824052;0,967741935483871;1
349;157,447968469811;69,1790756175285;0,967741935483871;1
350;166,064748847039;210,218522237628;0,967741935483871;1
351;158,089375701778;100,454361047967;0,967741935483871;1
352;158,03878358522;91,7225367723611;0,967741935483871;1
353;161,3083554258;186,995593984048;0,967741935483871;1
354;166,842827987843;193,946218064405;0,967741935483871;1
355;158,264914310908;41,2874505476896;0,967741935483871;1
356;159,918237487409;92,0906761364919;0,967741935483871;1
357;161,186993960996;134,64627188944;0,967741935483871;1
358;159,287501005604;115,43757272639;0,967741935483871;1
359;164,944729955622;228,728077304166;0,967741935483871;1
360;157,579217751707;126,926347574989;0,967741935483871;1
361;163,405128635188;166,373132222789;0,967741935483871;1
362;162,156335858031;139,826333420886;0,967741935483871;1
363;159,454904054487;135,382855197087;0,967741935483871;1
364;159,525405842755;111,521120227021;0,967741935483871;1
365;158,911548192924;64,8161731625598;0,967741935483871;1
366;161,475690426773;145,079486585341;0,967741935483871;1
367;165,58109721603;276,728139493555;0,967741935483871;1
368;163,909074104698;186,168054295276;0,967741935483871;1
369;163,4540626215;210,806813505349;0,967741935483871;1
370;156,017710821697;35,459797076614;0,967741935483871;1
371;156,480911892435;82,0100599461947;0,967741935483871;1
372;158,474789724554;41,1256987765092;0,967741935483871;1
373;164,53496464908;218,649094805136;0,967741935483871;1
374;162,786165905142;218,805922599944;0,967741935483871;1
375;164,092104319863;163,068814452051;0,967741935483871;1
376;165,017759855797;240,569899741972;0,967741935483871;1
377;163,423031447224;131,516761575906;0,967741935483871;1
378;164,249230236911;159,162449467022;0,967741935483871;1
379;164,824933141477;190,487589858665;0,967741935483871;1
380;161,21095158017;162,212613779184;0,967741935483871;1
381;160,177501829437;87,4664663742459;0,967741935483871;1
382;163,730493923365;193,119625275595;0,967741935483871;1
383;163,20536245178;91,178101343272;0,967741935483871;1
384;157,928093479305;54,4746755744808;0,967741935483871;1
385;157,358726045236;53,4968230484951;0,967741935483871;1
386;159,918916011135;92,8201548654644;0,967741935483871;1
387;162,31436521275;153,555154570902;0,967741935483871;1
388;162,842519305385;191,076375996606;0,967741935483871;1
389;159,159675121194;102,642096558153;0,967741935483871;1
390;161,551650933092;123,663201959644;0,967741935483871;1
391;171,315732984719;256,122446016368;0,967741935483871;1
392;156,186780395975;80,5611067551908;0,967741935483871;1
393;164,673840021993;159,414819990581;0,967741935483871;1
394;158,817180079716;121,163258102682;0,967741935483871;1
395;161,054339429633;114,352869021575;0,967741935483871;1
396;161,963923293576;138,32642058336;0,967741935483871;1
397;161,210079661349;104,220270603488;0,967741935483871;1
398;159,381038026428;119,66631977231;0,967741935483871;1
399;163,191636898696;197,78015713576;0,967741935483871;1
400;157,664874220762;54,2476675288421;0,967741935483871;1
401;161,186681503743;165,20787017574;0,967741935483871;1
402;159,444620552662;103,830943375681;0,967741935483871;1
403;166,3526360968;228,271385974209;0,967741935483871;1
404;160,095137377106;106,096291476429;0,967741935483871;1
405;160,46320997847;166,705990759358;0,967741935483871;1
406;165,849945045605;174,705522110427;0,967741935483871;1
407;167,5623560535;174,962137716084;0,967741935483871;1
408;163,790433221664;186,933673363088;0,967741935483871;1
409;157,766169061129;133,970548047181;0,967741935483871;1
410;167,956203351918;218,307971391154;0,967741935483871;1
411;163,59793476684;212,351072277328;0,967741935483871;1
412;160,547240410648;161,98948670301;0,967741935483871;1
413;165,338583786255;169,100048396755;0,967741935483871;1
414;159,361514651918;118,586411687395;0,967741935483871;1
415;159,109157945663;93,5419960385992;0,967741935483871;1
416;166,048092935839;141,556867808845;0,967741935483871;1
417;163,042040845686;160,855460786935;0,967741935483871;1
418;158,835662057031;69,4611514105502;0,967741935483871;1
419;154,723859068856;57,2144952536988;0,967741935483871;1
420;162,277672249023;181,303188633721;0,967741935483871;1
421;158,446379599059;86,6424731063995;0,967741935483871;1
422;162,136073662192;100,375980670014;0,967741935483871;1
423;159,058515187053;146,213620755363;0,967741935483871;1
424;156,926906820693;76,6897306678252;0,967741935483871;1
425;160,707934053536;163,869492119929;0,967741935483871;1
426;158,298312797483;58,2113864861213;0,967741935483871;1
427;158,050452468227;98,5323548303162;0,967741935483871;1
428;164,012327417985;200,821856782778;0,967741935483871;1
429;162,671796396205;166,830185086319;0,967741935483871;1
430;157,013976933307;42,0214653281006;0,967741935483871;1
431;161,429373170141;111,064638928358;0,967741935483871;1
432;162,412452021634;147,745798032152;0,967741935483871;1
433;165,504993691342;189,955416393375;0,967741935483871;1
434;160,459433659008;113,5149188184;0,967741935483871;1
435;157,095395226362;75,5714013193244;0,967741935483871;1
436;167,890841419283;215,068545416111;0,967741935483871;1
437;155,012105316841;92,2461051959728;0,967741935483871;1
438;157,476109244311;89,8156595000881;0,967741935483871;1
439;163,456780014135;180,281269784723;0,967741935483871;1
440;162,613707634538;123,768293543838;0,967741935483871;1
441;155,472646534241;99,6419444107658;0,967741935483871;1
442;162,793366169607;136,869550638384;0,967741935483871;1
443;154,838674008851;23,5851994782666;0,967741935483871;1
444;158,903603745187;80,4261746339394;0,967741935483871;1
445;159,828204408832;127,49980472874;0,967741935483871;1
446;166,051972380017;200,228263780444;0,967741935483871;1
447;157,620118887922;70,2280106947802;0,967741935483871;1
448;161,257635545861;171,273825981934;0,967741935483871;1
449;162,46859291322;124,582484589569;0,967741935483871;1
450;163,695063387262;205,670660261204;0,967741935483871;1
451;164,861478769027;179,863974345566;0,967741935483871;1
452;162,339698532571;160,159551565125;0,967741935483871;1
453;163,085729001259;209,844681554284;0,967741935483871;1
454;157,99441975736;113,546486743029;0,967741935483871;1
455;159,960735630505;117,429574983612;0,967741935483871;1
456;163,625542776824;155,683183178575;0,967741935483871;1
457;163,496144236789;193,994547100176;0,967741935483871;1
458;162,096098190887;110,33848867146;0,967741935483871;1
459;155,115215499846;31,7161679880186;0,967741935483871;1
460;156,520691260109;50,1849978925083;0,967741935483871;1
461;155,921857238141;44,4253968044839;0,967741935483871;1
462;160,190029262292;168,993302732962;0,967741935483871;1
463;164,155046697779;164,076482340697;0,967741935483871;1
464;158,506652535651;111,003354960691;0,967741935483871;1
465;156,805033485731;90,2950514771802;0,967741935483871;1
466;162,173523936473;140,453587157002;0,967741935483871;1
467;163,953532829941;166,618184215926;0,967741935483871;1
468;159,095604522464;79,3707450717818;0,967741935483871;1
469;156,79332434209;84,1598337412046;0,967741935483871;1
470;159,210435890561;139,265588512688;0,967741935483871;1
471;166,022423323253;232,972936436559;0,967741935483871;1
472;157,771383157994;109,548849066127;0,967741935483871;1
473;161,428848345683;134,65659195168;0,967741935483871;1
474;159,469062437901;183,220911696684;0,967741935483871;1
475;164,336679394707;142,097088200273;0,967741935483871;1
476;162,121500630242;173,057475681666;0,967741935483871;1
477;170,27073109351;254,431758017718;0,967741935483871;1
478;162,9672129568;150,566656897279;0,967741935483871;1
479;165,533638142098;164,232178033867;0,967741935483871;1
480;163,247012627874;132,064481254395;0,967741935483871;1
481;159,280295020005;133,738424938385;0,967741935483871;1
482;159,97354780646;124,845225345398;0,967741935483871;1
483;158,948661987612;68,6450504024989;0,967741935483871;1
484;157,036544822596;58,2627514007103;0,967741935483871;1
485;159,742150665721;136,594835703446;0,967741935483871;1
486;167,924363904492;213,150207157715;0,967741935483871;1
487;161,807210073362;151,435142496398;0,967741935483871;1
488;156,453536668457;79,7058186256599;0,967741935483871;1
489;158,284949849472;90,3567063629112;0,967741935483871;1
490;163,416399772424;91,9810971059757;0,967741935483871;1
491;164,628564697544;124,586694318291;0,967741935483871;1
492;160,313922797329;110,676742357456;0,967741935483871;1
493;165,483574868777;190,842986934033;0,967741935483871;1
494;160,458984165114;134,432085059965;0,967741935483871;1
495;162,506921384644;145,595306269732;0,967741935483871;1
496;157,098262464597;76,5419191748695;0,967741935483871;1
497;164,893253975705;214,086645931196;0,967741935483871;1
498;163,652868062266;122,740256466822;0,967741935483871;1
499;158,622415259505;144,445265069352;0,967741935483871;1
500;163,093842598287;125,722841192575;0,967741935483871;1
501;155,35047930063;66,7455153025093;0,967741935483871;1
502;166,12283663164;176,331911519998;0,967741935483871;1
503;159,845644545142;97,3486107385642;0,967741935483871;1
504;162,982757079979;91,2497523924986;0,967741935483871;1
505;166,064241558349;215,285088583765;0,967741935483871;1
506;159,424602409915;50,144389648986;0,967741935483871;1
507;157,321576654234;109,392844525375;0,967741935483871;1
508;157,846246920344;71,2097790275626;0,967741935483871;1
509;166,491927102481;158,407899543233;0,967741935483871;1
510;167,93317943649;171,908893313462;0,967741935483871;1
511;156,14867761512;83,0343184175895;0,967741935483871;1
512;159,651576474022;96,2102572718095;0,967741935483871;1
513;160,580121247329;134,437872460582;0,967741935483871;1
514;159,144978023093;130,872974241731;0,967741935483871;1
515;159,524041484456;108,220019200223;0,967741935483871;1
516;162,572685761433;120,544214040881;0,967741935483871;1
517;157,287550692765;76,6181829919555;0,967741935483871;1
518;160,28761106149;94,1622356107414;0,967741935483871;1
519;159,031877689453;45,8849915020327;0,967741935483871;1
520;160,167900145497;123,900542016465;0,967741935483871;1
521;158,311538704843;53,6882458605601;0,967741935483871;1
522;167,619458250822;237,468293981404;0,967741935483871;1
523;159,379560178355;86,8004056585682;0,967741935483871;1
524;163,88089206354;139,392524851438;0,967741935483871;1
525;157,212937338353;74,5126507035163;0,967741935483871;1
526;163,112862825647;162,971673464762;0,967741935483871;1
527;156,34512997502;44,3647941558927;0,967741935483871;1
528;157,853630023753;109,832660108466;0,967741935483871;1
529;156,362241107664;44,6293762253397;0,967741935483871;1
530;163,239315605798;125,313823888329;0,967741935483871;1
531;160,990007358028;184,492320074548;0,967741935483871;1
532;166,005502583765;199,304599701978;0,967741935483871;1
533;164,054874809956;179,409573068375;0,967741935483871;1
534;169,581892139312;220,801708222953;0,967741935483871;1
535;166,126998933326;204,066963973392;0,967741935483871;1
536;168,040924862579;266,835779369086;0,967741935483871;1
537;163,231552250959;99,6824656249843;0,967741935483871;1
538;163,479239283025;89,4532939407893;0,967741935483871;1
539;160,606463378404;157,313628758666;0,967741935483871;1
540;160,742027694167;133,292230328725;0,967741935483871;1
541;161,103660176298;113,155441351511;0,967741935483871;1
542;161,675237457723;118,02586162102;0,967741935483871;1
543;160,741655053576;183,006279986953;0,967741935483871;1
544;156,559448015263;68,5385046523575;0,967741935483871;1
545;162,493095984799;192,03914967614;0,967741935483871;1
546;156,241665586618;84,3995803561705;0,967741935483871;1
547;157,412220582849;104,271985930966;0,967741935483871;1
548;163,622430189263;147,639504110893;0,967741935483871;1
549;154,676041615186;59,098302673365;0,967741935483871;1
550;158,958052495576;39,7830692961565;0,967741935483871;1
551;162,639197942444;155,817118392062;0,967741935483871;1
552;162,490881919315;178,587444707615;0,967741935483871;1
553;158,699622004153;69,3005624736074;0,967741935483871;1
554;156,333933905374;118,412434195012;0,967741935483871;1
555;160,453042068971;99,6307811385999;0,967741935483871;1
556;160,034403569017;179,856161205692;0,967741935483871;1
557;162,699440987496;120,793593668821;0,967741935483871;1
558;161,381567470866;159,121876624076;0,967741935483871;1
559;155,383641283168;65,3037023525381;0,967741935483871;1
560;155,295971032673;87,3054612430781;0,967741935483871;1
561;154,429045507918;111,15755149902;0,967741935483871;1
562;165,019369798587;216,000158833294;0,967741935483871;1
563;161,248041847837;116,150149236758;0,967741935483871;1
564;157,099752896248;72,059968052285;0,967741935483871;1
565;157,166731799102;74,2021677379627;0,967741935483871;1
566;161,198882358561;119,43423253042;0,967741935483871;1
567;164,646177586543;159,694958101437;0,967741935483871;1
568;159,582959130334;109,815632577961;0,967741935483871;1
569;163,470732610765;178,244300239324;0,967741935483871;1
570;164,567509937278;185,584503149147;0,967741935483871;1
571;166,488018809815;200,153103109845;0,967741935483871;1
572;157,010416637608;57,5932969467206;0,967741935483871;1
573;158,376045496447;117,751247245424;0,967741935483871;1
574;156,907601052155;54,2998059470253;0,967741935483871;1
575;155,214005878202;79,2505349820065;0,967741935483871;1
576;160,022246333256;105,852036802637;0,967741935483871;1
577;165,415971459605;222,620552666481;0,967741935483871;1
578;157,632909267036;94,7090101647489;0,967741935483871;1
579;162,482584541271;129,452361039206;0,967741935483871;1
580;167,789651258916;235,602399193811;0,967741935483871;1
581;162,027269596003;111,221660240847;0,967741935483871;1
582;158,476336453094;53,9591975223728;0,967741935483871;1
583;163,972517248081;171,178015458535;0,967741935483871;1
584;160,869477390251;154,998441652422;0,967741935483871;1
585;160,317290239733;132,290212003674;0,967741935483871;1
586;161,054210367463;133,320955607258;0,967741935483871;1
587;160,441221863757;108,33999158716;0,967741935483871;1
588;161,419328396492;136,749741732802;0,967741935483871;1
589;165,399313318292;125,591074264812;0,967741935483871;1
590;157,647594498256;30,13233300091;0,967741935483871;1
591;165,469153779237;198,679449115461;0,967741935483871;1
592;157,991922971997;112,340812604049;0,967741935483871;1
593;158,246052365738;47,9897085258966;0,967741935483871;1
594;162,599045417878;164,775508604915;0,967741935483871;1
595;160,939897536012;164,613233494496;0,967741935483871;1
596;166,614096176585;222,018993821312;0,967741935483871;1
597;160,927903654874;75,5865040349082;0,967741935483871;1
598;155,952791945716;51,4378604160015;0,967741935483871;1
599;165,86603147922;135,955965532386;0,967741935483871;1
600;157,856087800182;88,0993026618184;0,967741935483871;1
601;163,868739426227;145,326131309731;0,967741935483871;1
602;160,377081454555;169,995820053222;0,967741935483871;1
603;164,872850398162;118,36536073123;0,967741935483871;1
604;158,14066634271;106,826955850043;0,967741935483871;1
605;164,124661138641;133,53739799123;0,967741935483871;1
606;161,085656601029;139,4120384318;0,967741935483871;1
607;159,866389222051;96,4169566362803;0,967741935483871;1
608;168,657167847753;238,204588680776;0,967741935483871;1
609;160,731659664635;104,774470959756;0,967741935483871;1
610;156,032823334798;27,2324490586193;0,967741935483871;1
611;155,406060194554;77,7215793687271;0,967741935483871;1
612;164,126959267321;164,115051825216;0,967741935483871;1
613;160,956917794946;151,274279321875;0,967741935483871;1
614;158,448626526479;71,3695757858278;0,967741935483871;1
615;162,374272782874;155,651972070043;0,967741935483871;1
616;159,289280901599;130,327799823868;0,967741935483871;1
617;159,231088689173;72,1047667791342;0,967741935483871;1
618;159,27446864336;142,292350585439;0,967741935483871;1
619;163,735954999302;152,623468300628;0,967741935483871;1
620;170,443501947489;285,9620171467;0,967741935483871;1
621;158,82891568563;71,2467613194334;0,967741935483871;1
622;169,63006218574;237,14160467061;0,967741935483871;1
623;166,455606710149;120,360389629539;0,967741935483871;1
624;164,21797095487;142,156008592897;0,967741935483871;1
625;164,91860995403;204,240344593987;0,967741935483871;1
626;163,937493469465;162,082267810689;0,967741935483871;1
627;162,348520672956;150,442403597161;0,967741935483871;1
628;165,587322706459;177,144138784077;0,967741935483871;1
629;168,420103166199;192,720104296895;0,967741935483871;1
630;156,303833507844;84,549934313299;0,967741935483871;1
631;158,682076012876;105,44063247422;0,967741935483871;1
632;162,435851104574;160,507874690629;0,967741935483871;1
633;165,487364242325;203,903267346707;0,967741935483871;1
634;157,448698058694;150,872123816493;0,967741935483871;1
635;155,480842164163;98,0174713215214;0,967741935483871;1
636;161,881825274452;107,229431523955;0,967741935483871;1
637;158,48990989226;128,658041460187;0,967741935483871;1
638;157,34787651313;127,712069873467;0,967741935483871;1
639;157,154186632434;93,736782530791;0,967741935483871;1
640;163,752352310142;152,851284682822;0,967741935483871;1
641;163,44539328779;163,805428471443;0,967741935483871;1
642;162,361475027115;143,648979822422;0,967741935483871;1
643;164,958663193812;151,44039827975;0,967741935483871;1
644;163,358608707331;142,780487409306;0,967741935483871;1
645;161,883901648225;161,737346330219;0,967741935483871;1
646;156,231150502202;79,8961079802446;0,967741935483871;1
647;160,335059878776;94,429167534272;0,967741935483871;1
648;155,695455316679;43,8445060147916;0,967741935483871;1
649;167,099864598626;238,734708161814;0,967741935483871;1
650;158,572745668636;121,069231445066;0,967741935483871;1
651;162,534033998427;140,370740498986;0,967741935483871;1
652;160,782271154702;123,648456393731;0,967741935483871;1
653;160,383064171694;96,4100118143635;0,967741935483871;1
654;163,640512407455;177,525234342262;0,967741935483871;1
655;155,13561348556;54,9705349188215;0,967741935483871;1
656;163,861753642159;169,364637398857;0,967741935483871;1
657;163,220652026897;158,622369349442;0,967741935483871;1
658;168,960157842225;238,128852258447;0,967741935483871;1
659;163,431582585854;119,806193614546;0,967741935483871;1
660;160,159099612196;96,4312147895065;0,967741935483871;1
661;165,253990037438;163,382417576214;0,967741935483871;1
662;164,713038452123;244,337888092616;0,967741935483871;1
663;163,413770396369;160,841516474215;0,967741935483871;1
664;159,010065886381;89,904049609153;0,967741935483871;1
665;154,82084065729;103,738952133813;0,967741935483871;1
666;161,935016304331;201,536206394973;0,967741935483871;1
667;156,880055728178;59,0651753525467;0,967741935483871;1
668;161,240719883323;167,952366309038;0,967741935483871;1
669;165,984140952874;206,793796201932;0,967741935483871;1
670;160,842136421271;104,308165761665;0,967741935483871;1
671;160,758879500448;127,519971662002;0,967741935483871;1
672;155,411274628668;61,5072074229921;0,967741935483871;1
673;164,633459271475;146,259046949856;0,967741935483871;1
674;160,954623010877;93,0293202520254;0,967741935483871;1
675;167,019246947202;197,918077108831;0,967741935483871;1
676;157,436085010005;41,1830543492576;0,967741935483871;1
677;161,541391406197;185,88133968705;0,967741935483871;1
678;168,463895698663;248,346639048147;0,967741935483871;1
679;164,206914543699;159,217609836699;0,967741935483871;1
680;168,287006395257;245,615027439654;0,967741935483871;1
681;167,793953727905;200,200821460515;0,967741935483871;1
682;160,5336142542;163,526752810825;0,967741935483871;1
683;159,361392805722;109,073468619796;0,967741935483871;1
684;162,191144683767;163,587050081397;0,967741935483871;1
685;160,951865840615;98,2726316409025;0,967741935483871;1
686;162,243421042154;128,71908076529;0,967741935483871;1
687;163,722177370262;157,880260849267;0,967741935483871;1
688;164,60461720563;136,204680690111;0,967741935483871;1
689;155,995410511864;72,7187660391296;0,967741935483871;1
690;159,186440224465;151,090410954268;0,967741935483871;1
691;161,342774414089;159,49852159187;0,967741935483871;1
692;157,264215863187;93,2450631860812;0,967741935483871;1
693;162,663460336885;148,268124339486;0,967741935483871;1
694;163,436998422649;227,888410914099;0,967741935483871;1
695;164,948392678942;141,696032241738;0,967741935483871;1
696;164,259692274288;187,680225594519;0,967741935483871;1
697;163,873480318766;158,632912138987;0,967741935483871;1
698;160,435675655675;138,318428372263;0,967741935483871;1
699;159,840915284129;128,693189234588;0,967741935483871;1
700;158,107120571433;70,2843084434064;0,967741935483871;1
701;163,014825092287;140,683359865466;0,967741935483871;1
702;160,114678079085;128,857829829236;0,967741935483871;1
703;163,196592768212;161,973354858332;0,967741935483871;1
704;162,750473594236;182,097905897714;0,967741935483871;1
705;156,754832887411;51,9537962231443;0,967741935483871;1
706;164,60847211489;193,000360210342;0,967741935483871;1
707;158,009024634956;64,9902760777086;0,967741935483871;1
708;166,459980959038;236,61454782668;0,967741935483871;1
709;165,778272070212;226,564803411466;0,967741935483871;1
710;160,253386382694;80,362415755736;0,967741935483871;1
711;171,269125836755;314,963852096072;0,967741935483871;1
712;160,849189103359;68,0671365952425;0,967741935483871;1
713;165,347084924688;174,934137593204;0,967741935483871;1
714;162,914702734651;140,465370693927;0,967741935483871;1
715;156,680040536444;68,0544119392868;0,967741935483871;1
716;158,323438442632;91,4713107753268;0,967741935483871;1
717;161,238145460126;105,418994592425;0,967741935483871;1
718;162,630072334214;139,444989871239;0,967741935483871;1
719;157,435944153046;51,6138294943662;0,967741935483871;1
720;161,13252260692;143,955181239052;0,967741935483871;1
721;162,720470310849;144,372665877478;0,967741935483871;1
722;166,746175584726;195,642209942539;0,967741935483871;1
723;164,617306626549;149,486376810686;0,967741935483871;1
724;159,757450908688;169,661613668502;0,967741935483871;1
725;158,379355297296;155,092353075764;0,967741935483871;1
726;156,156614669666;44,7598165997409;0,967741935483871;1
727;164,234922038917;151,769705866542;0,967741935483871;1
728;164,477914182671;172,607787365626;0,967741935483871;1
729;164,214570472781;128,83326437732;0,967741935483871;1
730;159,722137986012;155,522547070442;0,967741935483871;1
731;159,529792619446;82,0464534757767;0,967741935483871;1
732;166,807996222784;148,63003052823;0,967741935483871;1
733;160,193566506167;124,346112558246;0,967741935483871;1
734;164,753941660071;167,144069548945;0,967741935483871;1
735;156,236919749225;79,0228353449917;0,967741935483871;1
736;165,604801445267;227,867603355073;0,967741935483871;1
737;164,014895718994;102,472208522732;0,967741935483871;1
738;160,982409189592;137,243970361894;0,967741935483871;1
739;162,720839573604;165,72071483759;0,967741935483871;1
740;168,035635265578;204,619830180682;0,967741935483871;1
741;168,822138286884;271,441707596236;0,967741935483871;1
742;158,212596686642;105,419516768233;0,967741935483871;1
743;167,537913346745;185,974215721607;0,967741935483871;1
744;159,341803327514;117,482255182138;0,967741935483871;1
745;157,006099171423;73,8001455000666;0,967741935483871;1
746;156,127721420737;64,8756921899347;0,967741935483871;1
747;156,498237014831;61,7643074745248;0,967741935483871;1
748;160,309640577829;139,010317212945;0,967741935483871;1
749;163,19282673301;136,55606862033;0,967741935483871;1
750;160,054176427297;77,8177562816462;0,967741935483871;1
751;156,562116472633;83,8557735948001;0,967741935483871;1
752;157,068991069695;28,9330681743318;0,967741935483871;1
753;156,119429448965;25,0295818967012;0,967741935483871;1
754;156,083460440145;48,9665370666756;0,967741935483871;1
755;161,227917893734;181,216848757986;0,967741935483871;1
756;161,385215558188;117,138321144268;0,967741935483871;1
757;161,320763454819;113,826409685099;0,967741935483871;1
758;164,503215725764;218,322849370913;0,967741935483871;1
759;160,178342728726;129,858611690272;0,967741935483871;1
760;169,51289387737;218,727856362311;0,967741935483871;1
761;158,682543927887;90,0835941088811;0,967741935483871;1
762;161,106120097826;101,827491872104;0,967741935483871;1
763;161,70041485162;105,380192841551;0,967741935483871;1
764;162,175481735523;120,13044320248;0,967741935483871;1
765;155,540475324532;100,905277638752;0,967741935483871;1
766;167,531875164308;255,972376481864;0,967741935483871;1
767;159,334957352131;137,769899294942;0,967741935483871;1
768;161,592847471298;135,935876785378;0,967741935483871;1
769;160,527379213552;152,247014036685;0,967741935483871;1
770;169,24570303199;197,106635804165;0,967741935483871;1
771;163,866774077524;117,46800982532;0,967741935483871;1
772;158,728318519841;61,8517698013727;0,967741935483871;1
773;163,456125224988;150,477024960684;0,967741935483871;1
774;155,057933629349;87,1394077726589;0,967741935483871;1
775;164,426802234592;165,070030868691;0,967741935483871;1
776;158,591730684859;36,2675500063252;0,967741935483871;1
777;160,789014361346;91,272831573513;0,967741935483871;1
778;160,093114464403;156,428153741491;0,967741935483871;1
779;165,563327612193;132,200855330028;0,967741935483871;1
780;164,417402831552;161,99343624028;0,967741935483871;1
781;160,220336838118;137,014377369441;0,967741935483871;1
782;162,278634418052;146,352261518664;0,967741935483871;1
783;167,336448271589;224,449274729874;0,967741935483871;1
784;163,830724120877;204,768063405186;0,967741935483871;1
785;162,633990844306;154,25764289262;0,967741935483871;1
786;160,415640777386;87,8567922570176;0,967741935483871;1
787;161,88895030051;151,22683009209;0,967741935483871;1
788;167,883428122214;199,558981095883;0,967741935483871;1
789;158,397849837359;50,5559891120951;0,967741935483871;1
790;156,172045291449;40,5660379125717;0,967741935483871;1
791;161,972537847771;110,697006513071;0,967741935483871;1
792;162,077101158264;150,763231990356;0,967741935483871;1
793;164,157328283962;170,952152542273;0,967741935483871;1
794;158,67666865286;109,468914139832;0,967741935483871;1
795;157,541328702281;132,256301757477;0,967741935483871;1
796;158,571361906747;107,406177562343;0,967741935483871;1
797;159,900469036544;102,492983308134;0,967741935483871;1
798;170,156783035285;252,733736651821;0,967741935483871;1
799;158,208052063571;60,1177756598166;0,967741935483871;1
800;163,125494253394;111,052833677017;0,967741935483871;1
801;158,681850946594;121,969453231109;0,967741935483871;1
802;161,762428782523;163,701536814897;0,967741935483871;1
803;155,948619690611;86,2990624166077;0,967741935483871;1
804;160,50169380463;123,877238875643;0,967741935483871;1
805;164,748683049624;152,717137898025;0,967741935483871;1
806;167,489323375335;195,695658384928;0,967741935483871;1
807;159,925191275104;76,8700770672011;0,967741935483871;1
808;164,596074099478;138,291607490747;0,967741935483871;1
809;165,329518838938;200,437381988721;0,967741935483871;1
810;163,511097463776;169,708236879398;0,967741935483871;1
811;162,602271079508;138,32895721188;0,967741935483871;1
812;159,800281251159;119,616112577235;0,967741935483871;1
813;158,459152615097;61,5247472987447;0,967741935483871;1
814;162,850057082589;174,131728630221;0,967741935483871;1
815;157,170750422365;39,3139922735782;0,967741935483871;1
816;157,23573678934;97,0342769265153;0,967741935483871;1
817;161,151518264612;199,150697535666;0,967741935483871;1
818;155,777046388519;59,1688959790448;0,967741935483871;1
819;164,061146468254;174,754731157177;0,967741935483871;1
820;163,767995918534;180,357960112637;0,967741935483871;1
821;160,372078759119;122,374811645083;0,967741935483871;1
822;166,363093552265;231,543183920997;0,967741935483871;1
823;155,919597331302;38,0551262870675;0,967741935483871;1
824;165,247743579511;237,004249822713;0,967741935483871;1
825;163,156293052249;148,991141503904;0,967741935483871;1
826;159,517643406201;126,841849972161;0,967741935483871;1
827;161,695856491212;153,067517053568;0,967741935483871;1
828;159,100567662455;105,605850628367;0,967741935483871;1
829;162,305278629074;171,279902281824;0,967741935483871;1
830;163,120347825854;151,160458774432;0,967741935483871;1
831;164,459951045139;191,550543455004;0,967741935483871;1
832;154,741143655528;55,893935849796;0,967741935483871;1
833;164,221356297655;180,557486605342;0,967741935483871;1
834;162,433099058364;123,579935275673;0,967741935483871;1
835;161,081272348088;106,297330316018;0,967741935483871;1
836;160,521634332154;135,690291863526;0,967741935483871;1
837;168,029701219698;229,863567308129;0,967741935483871;1
838;158,288153782611;138,348982518355;0,967741935483871;1
839;156,745269820224;28,7837161711196;0,967741935483871;1
840;158,07251496908;95,1508577638737;0,967741935483871;1
841;163,81525685055;100,307847074598;0,967741935483871;1
842;162,63936189698;150,700501103192;0,967741935483871;1
843;160,128609089945;112,674988568758;0,967741935483871;1
844;161,4210375269;138,570836691649;0,967741935483871;1
845;165,535213017218;185,109791274911;0,967741935483871;1
846;157,883001640364;115,847488584311;0,967741935483871;1
847;156,098479214399;56,7538537088817;0,967741935483871;1
848;166,621230811408;220,527188836114;0,967741935483871;1
849;154,98430157819;96,2250180111257;0,967741935483871;1
850;156,26445368264;68,7015777414668;0,967741935483871;1
851;159,953419992293;147,578812664589;0,967741935483871;1
852;167,008156621161;207,620778476584;0,967741935483871;1
853;158,789608440734;112,902688798275;0,967741935483871;1
854;155,543778964;71,7253042419798;0,967741935483871;1
855;160,845753926716;97,4069943786273;0,967741935483871;1
856;159,556846966273;148,652355690685;0,967741935483871;1
857;157,31212011138;91,8751072303223;0,967741935483871;1
858;169,26919640786;241,61757376542;0,967741935483871;1
859;163,176203750275;174,68967873318;0,967741935483871;1
860;161,820872485566;108,475590095178;0,967741935483871;1
861;160,636900662219;113,675996970554;0,967741935483871;1
862;163,118863818853;184,039940958116;0,967741935483871;1
863;156,363069941743;72,2959459616125;0,967741935483871;1
864;157,058959110481;51,7082822159293;0,967741935483871;1
865;165,413139375319;171,061852616235;0,967741935483871;1
866;167,516486962142;213,939487147186;0,967741935483871;1
867;161,022953273727;163,689538310595;0,967741935483871;1
868;161,557342559163;169,375079888375;0,967741935483871;1
869;164,002614387735;209,32440358429;0,967741935483871;1
870;163,096083876645;113,876736898407;0,967741935483871;1
871;161,235256147836;166,394728790484;0,967741935483871;1
872;157,985622060005;71,453078360385;0,967741935483871;1
873;163,116520240234;161,007263317637;0,967741935483871;1
874;161,196312839272;148,956597889416;0,967741935483871;1
875;159,478002815953;88,3950394068227;0,967741935483871;1
876;164,501403510255;212,2977299861;0,967741935483871;1
877;160,599265581043;92,8723849282109;0,967741935483871;1
878;156,847138369654;31,0199706810545;0,967741935483871;1
879;162,235911610387;34,2372482270922;0,967741935483871;1
880;156,402497756602;38,7220728064936;0,967741935483871;1
881;163,355400414536;202,644344834586;0,967741935483871;1
882;162,555853625232;145,294670395943;0,967741935483871;1
883;157,859845116349;115,321989015097;0,967741935483871;1
884;162,986999744814;118,118027181575;0,967741935483871;1
885;157,963393328693;60,068208716324;0,967741935483871;1
886;162,802334465722;141,988971457131;0,967741935483871;1
887;158,920497375416;107,975219267475;0,967741935483871;1
888;159,811779096929;113,121415236909;0,967741935483871;1
889;156,923390351524;141,544484162991;0,967741935483871;1
890;162,739999491244;162,107450442972;0,967741935483871;1
891;161,188458900506;140,660823002106;0,967741935483871;1
892;157,932140021017;91,0891584244301;0,967741935483871;1
893;167,629032924696;186,010646542094;0,967741935483871;1
894;157,94092608293;116,959777932876;0,967741935483871;1
895;161,289220534753;167,916845571916;0,967741935483871;1
896;159,82744736923;118,540926514946;0,967741935483871;1
897;165,181975991923;152,106447907022;0,967741935483871;1
898;162,210136463447;141,664535396301;0,967741935483871;1
899;163,151953185783;144,939660204756;0,967741935483871;1
900;154,70977383352;68,3225114982398;0,967741935483871;1
901;170,016034555784;259,963259960647;0,967741935483871;1
902;164,830760654966;225,957800836863;0,967741935483871;1
903;162,063983768148;152,370364346602;0,967741935483871;1
904;166,45778714361;183,22710346559;0,967741935483871;1
905;164,192362860844;222,392586360916;0,967741935483871;1
906;158,865004572782;121,021748014579;0,967741935483871;1
907;157,141401240883;171,497278942308;0,967741935483871;1
908;164,42851811688;158,115531205477;0,967741935483871;1
909;159,965650061062;100,261252526993;0,967741935483871;1
910;160,873914067227;89,4044425567158;0,967741935483871;1
911;162,424235413055;88,6233040872418;0,967741935483871;1
912;168,775832327506;262,379868532342;0,967741935483871;1
913;157,060923147809;89,671034651914;0,967741935483871;1
914;159,554274355313;159,659028378007;0,967741935483871;1
915;156,896914080137;144,290056236172;0,967741935483871;1
916;159,837353726552;100,32049683029;0,967741935483871;1
917;155,260122961623;46,6280488209498;0,967741935483871;1
918;155,6930964857;116,52125177126;0,967741935483871;1
919;157,782610444143;86,3845691550593;0,967741935483871;1
920;165,238593308582;172,056213005755;0,967741935483871;1
921;160,282654060361;112,015690379002;0,967741935483871;1
922;163,380142284647;160,78929548072;0,967741935483871;1
923;162,140326331287;130,31116979218;0,967741935483871;1
924;160,130769936541;112,103538699733;0,967741935483871;1
925;162,47548758848;88,8681389614639;0,967741935483871;1
926;157,527913819139;134,343996745175;0,967741935483871;1
927;160,368096011579;152,548112375466;0,967741935483871;1
928;157,603232139607;92,9447418100437;0,967741935483871;1
929;164,779799665841;198,854797453615;0,967741935483871;1
930;163,965208206656;267,771811995879;0,967741935483871;1
931;158,243463877567;166,475411323932;0,967741935483871;1
932;160,303022183506;113,728426526677;0,967741935483871;1
933;167,822438753677;196,63776173684;0,967741935483871;1
934;169,81561915577;230,991986484962;0,967741935483871;1
935;168,313605652577;200,364462525548;0,967741935483871;1
936;164,787866649673;172,477543362572;0,967741935483871;1
937;157,522689400807;36,049089375313;0,967741935483871;1
938;162,797348117768;236,138091688001;0,967741935483871;1
939;157,27302706731;46,8533349304236;0,967741935483871;1
940;157,750261015655;80,6703271536054;0,967741935483871;1
941;164,769622964801;201,198489996442;0,967741935483871;1
942;168,801932638091;258,542680855059;0,967741935483871;1
943;157,211546759068;90,8930748294747;0,967741935483871;1
944;166,605170439647;139,791719228437;0,967741935483871;1
945;162,626515367704;197,167228681151;0,967741935483871;1
946;162,83029464755;158,635771412452;0,967741935483871;1
947;158,034331969307;50,8397457032898;0,967741935483871;1
948;162,537729904193;176,089923274193;0,967741935483871;1
949;164,220235669914;188,741122135486;0,967741935483871;1
950;162,083196704533;112,457657389117;0,967741935483871;1
951;163,9555178162;120,749434599676;0,967741935483871;1
952;166,228058690253;170,624220337453;0,967741935483871;1
953;158,116593925202;85,9462405317205;0,967741935483871;1
954;163,732059968746;177,488591182976;0,967741935483871;1
955;165,771421666295;140,583282782608;0,967741935483871;1
956;160,181463333239;81,5753531225336;0,967741935483871;1
957;168,004865885153;237,835353905267;0,967741935483871;1
958;158,128833045276;118,506574847964;0,967741935483871;1
959;159,52044980458;144,948579537171;0,967741935483871;1
960;167,453969636581;236,632836865666;0,967741935483871;1
961;161,235630262564;105,278841816177;0,967741935483871;1
962;160,590615669237;127,909222324589;0,967741935483871;1
963;158,828508352063;68,4201895204366;0,967741935483871;1
964;156,007129636399;97,8346030593836;0,967741935483871;1
965;165,385922425664;211,661919651601;0,967741935483871;1
966;161,888604268128;106,974225072699;0,967741935483871;1
967;163,249545810603;166,962636867452;0,967741935483871;1
968;158,24814114343;91,1249572522232;0,967741935483871;1
969;160,053699856388;161,792090927661;0,967741935483871;1
970;158,52466367652;132,40796041485;0,967741935483871;1
971;164,861920780652;207,723974714874;0,967741935483871;1
972;159,112912897105;86,348698828405;0,967741935483871;1
973;165,942913096938;179,414743551182;0,967741935483871;1
974;153,970180804566;73,8193762874452;0,967741935483871;1
975;167,993981810094;283,827449396199;0,967741935483871;1
976;159,628079258876;163,479385563656;0,967741935483871;1
977;160,1051434477;130,169273524582;0,967741935483871;1
978;160,150172745036;61,8383003479329;0,967741935483871;1
979;164,417935424695;213,480050566909;0,967741935483871;1
980;164,871686896563;168,158425960534;0,967741935483871;1
981;155,207820317964;41,2855985197869;0,967741935483871;1
982;162,333844916663;132,853801081365;0,967741935483871;1
983;162,036121626479;199,078756256421;0,967741935483871;1
984;159,904806104207;65,5556916027779;0,967741935483871;1
985;161,029906272263;146,675813587744;0,967741935483871;1
986;161,987218191608;137,395753260525;0,967741935483871;1
987;160,76827572852;89,7869649212642;0,967741935483871;1
988;165,093371894297;176,950593339711;0,967741935483871;1
989;158,349651415443;64,7560244222435;0,967741935483871;1
990;161,119949798194;128,062238958202;0,967741935483871;1
991;162,714865871288;120,59887464482;0,967741935483871;1
992;158,692475610395;148,032946568659;0,967741935483871;1
993;167,643703801861;185,730528342487;0,967741935483871;1
994;161,041373626243;144,010064944131;0,967741935483871;1
995;165,968180926595;206,83697365801;0,967741935483871;1
996;157,089252387947;80,2475449959643;0,967741935483871;1
997;161,466845278397;133,529140267771;0,967741935483871;1
998;160,647484074651;158,156292018396;0,967741935483871;1
999;157,32519581966;106,753443452526;0,967741935483871;1
