0;62,0219159823397;91,5739766691665;0,967741935483871;1
1;59,6806213516822;61,7805694089895;0,967741935483871;1
2;64,3276057281889;105,658031157612;0,967741935483871;1
3;60,6845519908419;63,6124868068767;0,967741935483871;1
4;63,9330375209106;97,2936921185562;0,967741935483871;1
5;62,5813448954195;100,603195720956;0,967741935483871;1
6;59,4560051912299;89,6229144692016;0,967741935483871;1
7;59,0287765027906;66,6548340151008;0,967741935483871;1
8;63,2398245095894;102,276590618229;0,967741935483871;1
9;60,5695628315972;109,48188639531;0,967741935483871;1
10;60,8551456370828;93,4045830155396;0,967741935483871;1
11;63,8059347288089;142,998821196865;0,967741935483871;1
12;58,6206488732471;65,8252373980532;0,967741935483871;1
13;60,1966814710406;82,6035058274542;0,967741935483871;1
14;65,1584033470908;91,3491998504875;0,967741935483871;1
15;62,3059319002512;76,0473108887263;0,967741935483871;1
16;61,0366994438595;78,7190388107951;0,967741935483871;1
17;58,4398605349117;77,6268899708094;0,967741935483871;1
18;61,3981718656983;87,1076608389961;0,967741935483871;1
19;61,5959611624488;59,0379427910444;0,967741935483871;1
20;62,8500356638075;101,688510536804;0,967741935483871;1
21;59,5512102831472;61,2548653134363;0,967741935483871;1
22;61,354214090469;94,617512988988;0,967741935483871;1
23;59,725540743264;77,5463718858717;0,967741935483871;1
24;64,6274646026333;104,474155811844;0,967741935483871;1
25;64,8908110754886;96,9963633093028;0,967741935483871;1
26;62,0532313801419;82,8962582514471;0,967741935483871;1
27;59,3596772513164;73,9468802863894;0,967741935483871;1
28;60,762674553751;68,8429059496957;0,967741935483871;1
29;58,6178855426511;79,4666934808384;0,967741935483871;1
30;60,2087291087368;44,397797698292;0,967741935483871;1
31;58,5823718772297;57,9791383505306;0,967741935483871;1
32;60,9832798842135;79,1712998255321;0,967741935483871;1
33;64,8657659776518;132,843355596613;0,967741935483871;1
34;62,4581145256295;76,998423754846;0,967741935483871;1
35;60,0052872965453;106,360963111739;0,967741935483871;1
36;61,3634089331842;92,948523791863;0,967741935483871;1
37;63,6245944835719;97,8319095033764;0,967741935483871;1
38;68,7261367626527;141,244028963556;0,967741935483871;1
39;62,4329174554938;91,8466113929203;0,967741935483871;1
40;58,6024213576889;63,9726126583036;0,967741935483871;1
41;59,1342543616815;41,41581872845;0,967741935483871;1
42;64,6643728701329;138,720473984537;0,967741935483871;1
43;59,7255157905499;102,249397934495;0,903225806451613;0,935483870967742
44;59,700527405331;89,8572148909227;0,967741935483871;1
45;59,8579708221503;62,6836283165721;0,967741935483871;1
46;59,9229803661463;72,6047601927444;0,967741935483871;1
47;60,7799806889877;97,0184643138342;0,967741935483871;1
48;60,126802270932;78,2982725359231;0,967741935483871;1
49;61,9216730378027;79,5085065349789;0,967741935483871;1
50;60,3576493450702;99,1436697270475;0,967741935483871;1
51;59,4174252473056;66,499560021151;0,967741935483871;1
52;58,6400417984203;57,2408958353822;0,967741935483871;1
53;61,5459182484676;102,595545993979;0,967741935483871;1
54;57,3293584176856;59,3700577580347;0,967741935483871;1
55;60,1907488401689;79,4867204834999;0,967741935483871;1
56;62,988583939954;72,9114898456679;0,967741935483871;1
57;56,7065039394928;54,9237629387626;0,967741935483871;1
58;60,0576121149744;61,1908967444913;0,967741935483871;1
59;57,1301024232878;48,4604284360081;0,967741935483871;1
60;65,2877343893176;113,361524552419;0,967741935483871;1
61;59,3389000779174;87,655571113072;0,967741935483871;1
62;62,6535277320042;82,1403573823271;0,967741935483871;1
63;64,1401836498751;92,0897107978655;0,967741935483871;1
64;57,5074469984851;72,4393070858958;0,967741935483871;1
65;59,8696436004048;84,5215456530905;0,967741935483871;1
66;63,2991609469041;97,8688709921691;0,967741935483871;1
67;60,8392047464118;78,1747841382424;0,967741935483871;1
68;61,8443615427408;102,003758104561;0,967741935483871;1
69;60,9133995040012;51,945695450678;0,967741935483871;1
70;63,38884916965;104,838005094307;0,967741935483871;1
71;64,999158413875;103,091262002899;0,967741935483871;1
72;66,1294384446317;119,167286850416;0,967741935483871;1
73;58,8291834033365;81,6880155956422;0,967741935483871;1
74;59,770348699053;67,7575999955799;0,967741935483871;1
75;58,9815654287475;63,8911311898539;0,967741935483871;1
76;60,97475120933;86,6853865925195;0,967741935483871;1
77;59,8136633300765;99,7398363780231;0,967741935483871;1
78;60,0653414889083;80,6140960388828;0,967741935483871;1
79;60,6943599360525;95,3296698186285;0,967741935483871;1
80;64,7513446478029;92,5129926217658;0,967741935483871;1
81;59,7844693841321;45,9089848059181;0,967741935483871;1
82;60,5933114625014;44,4079993096125;0,967741935483871;1
83;64,999968769134;104,60494935882;0,967741935483871;1
84;62,3381483790173;97,0802153937284;0,967741935483871;1
85;61,5755011657745;110,482002663408;0,967741935483871;1
86;58,6994896690137;70,2678798434969;0,967741935483871;1
87;63,3534706137238;89,1704120565371;0,967741935483871;1
88;58,8312594447926;80,250714418434;0,967741935483871;1
89;61,8305160690163;103,168653023622;0,967741935483871;1
90;58,1843493664169;48,7199538507394;0,967741935483871;1
91;60,8540570555229;67,0792817347361;0,967741935483871;1
92;64,5083281804708;94,1632598494179;0,967741935483871;1
93;59,2030929950923;82,701700539324;0,967741935483871;1
94;62,2629964416585;85,9488543928751;0,967741935483871;1
95;59,168148341023;73,6724238973135;0,967741935483871;1
96;58,1522407861275;39,0919960313204;0,967741935483871;1
97;64,0694237390014;112,591367819965;0,967741935483871;1
98;60,2392439516984;68,1096485709926;0,967741935483871;1
99;68,7049512669575;121,261227417831;0,967741935483871;1
100;63,5204488486956;119,590812248748;0,967741935483871;1
101;59,9724465467066;61,504806135368;0,967741935483871;1
102;58,4357806671528;74,7642109208034;0,967741935483871;1
103;62,1635409377897;92,8617931453004;0,967741935483871;1
104;59,4340678770332;60,8172049604939;0,967741935483871;1
105;60,980846429273;72,8587751240163;0,967741935483871;1
106;60,148315870572;100,764492729268;0,967741935483871;1
107;70,7879973161187;135,329645035206;0,967741935483871;1
108;62,533531718596;61,1297292188717;0,967741935483871;1
109;61,8004947173917;115,50245202246;0,967741935483871;1
110;62,5683882266658;64,4555001533604;0,967741935483871;1
111;59,1795764525869;38,4160974552098;0,967741935483871;1
112;63,4918403300293;89,5973425433833;0,967741935483871;1
113;60,6658888080331;113,665685548664;0,967741935483871;1
114;59,7813459766045;90,9063112172444;0,967741935483871;1
115;61,5309424996356;81,3444626624126;0,967741935483871;1
116;62,193582773232;86,6643277680355;0,967741935483871;1
117;58,7814584220258;70,8543809560315;0,967741935483871;1
118;58,6142884012154;52,6625356084455;0,967741935483871;1
119;60,494161341158;90,050189337042;0,967741935483871;1
120;61,1347332288984;86,3744858199786;0,903225806451613;0,935483870967742
121;61,828195971931;95,610866272024;0,967741935483871;1
122;58,0859633898394;83,3837775639867;0,967741935483871;1
123;62,8448418569339;102,581660618659;0,967741935483871;1
124;59,1565715608616;90,2434229711969;0,967741935483871;1
125;61,3844725975504;90,6342364262522;0,967741935483871;1
126;58,1307744527821;80,7912100670316;0,967741935483871;1
127;61,8542196517792;106,597142187226;0,967741935483871;1
128;58,1683304692259;91,7443671230649;0,967741935483871;1
129;63,1934254616764;75,2549492030535;0,903225806451613;0,935483870967742
130;60,3380367034794;70,8147493818997;0,967741935483871;1
131;57,8794724576911;65,933107823934;0,967741935483871;1
132;62,5532251090745;101,073727447388;0,967741935483871;1
133;60,2677579012047;87,2213343222041;0,967741935483871;1
134;59,5128014354002;79,6673326993539;0,967741935483871;1
135;62,0397317475126;128,706386389809;0,967741935483871;1
136;60,1234207036381;72,2994266889933;0,967741935483871;1
137;60,4308533404347;80,9230977585914;0,967741935483871;1
138;59,6363888122921;80,473899604267;0,967741935483871;1
139;59,5691886707088;53,0040968812179;0,967741935483871;1
140;63,4184314041049;108,790036552859;0,967741935483871;1
141;61,1567957713947;95,3418920864681;0,967741935483871;1
142;60,1759524922318;64,5810629983772;0,967741935483871;1
143;58,9823827552462;79,073898778178;0,967741935483871;1
144;64,7110823661812;109,312961915006;0,967741935483871;1
145;62,6524672231468;103,944242406837;0,967741935483871;1
146;63,4945589534185;130,483582741502;0,967741935483871;1
147;60,4902709544665;62,2110146469069;0,967741935483871;1
148;58,9214505541786;55,417445800356;0,967741935483871;1
149;58,4862445901517;58,0574986040401;0,967741935483871;1
150;62,6408681801938;106,092643373531;0,967741935483871;1
151;62,1595415559315;105,010606655036;0,967741935483871;1
152;60,2930777231033;69,9611776323339;0,967741935483871;1
153;61,3890347081546;87,9999787649218;0,967741935483871;1
154;66,392607862665;125,424226420001;0,967741935483871;1
155;67,5557977974164;133,614725148176;0,967741935483871;1
156;60,136980130261;62,5981552746175;0,967741935483871;1
157;60,299887201258;85,0384447109782;0,967741935483871;1
158;62,1795109279288;101,462021670563;0,967741935483871;1
159;60,8594440532257;60,6599386204906;0,967741935483871;1
160;59,9316029459522;86,5165329228265;0,967741935483871;1
161;57,5985223088314;77,4948101497458;0,967741935483871;1
162;59,8489803092304;81,353823023435;0,967741935483871;1
163;67,2396910876749;143,578635602836;0,967741935483871;1
164;61,3242882887198;45,9469181407584;0,967741935483871;1
165;59,9223969377549;95,3752711752166;0,967741935483871;1
166;58,5620824452384;68,4425574457389;0,967741935483871;1
167;60,2084512354692;55,4723751784365;0,967741935483871;1
168;58,8344461244861;74,3051349377438;0,967741935483871;1
169;59,3543358446108;44,4707545126675;0,967741935483871;1
170;63,6665219385858;130,717966323642;0,967741935483871;1
171;61,4841788357751;92,9461230505666;0,967741935483871;1
172;61,7815172238861;93,113757229231;0,967741935483871;1
173;65,6734535844755;100,30127802495;0,967741935483871;1
174;60,0561302556905;85,2322434445589;0,903225806451613;0,935483870967742
175;58,0057611742685;42,7375326117495;0,967741935483871;1
176;58,720696510123;78,8233320438459;0,967741935483871;1
177;64,0008892112901;83,1972130365945;0,967741935483871;1
178;61,0058239196801;69,5189180672537;0,967741935483871;1
179;62,8395993518637;97,6034131413794;0,967741935483871;1
180;62,9263314144985;84,3132207536509;0,967741935483871;1
181;58,7551052032889;59,9075752392878;0,967741935483871;1
182;59,3115961395679;70,3407792814339;0,967741935483871;1
183;62,4560887826625;88,7431231908504;0,967741935483871;1
184;59,5550534220525;70,3977746155115;0,967741935483871;1
185;57,53985493745;82,4488516887805;0,967741935483871;1
186;61,4357528855254;82,2509220277215;0,967741935483871;1
187;60,3286164016839;68,0374985770945;0,967741935483871;1
188;62,3652621157447;77,0069604921861;0,967741935483871;1
189;61,8203347205044;64,0115141535361;0,967741935483871;1
190;60,7765081657679;75,189933533754;0,967741935483871;1
191;60,4888311398078;103,27245090531;0,967741935483871;1
192;65,8379492533137;104,915001897107;0,967741935483871;1
193;62,6489825774971;100,346715016464;0,967741935483871;1
194;61,3725339034061;46,4914944165663;0,967741935483871;1
195;63,2037777263636;69,7932701272181;0,967741935483871;1
196;58,0332246700799;82,4239814904882;0,967741935483871;1
197;62,1196273836674;93,0512521534772;0,967741935483871;1
198;66,7377274567124;105,104877256916;0,967741935483871;1
199;64,1566211161889;110,741874579739;0,967741935483871;1
200;61,1739585736814;53,7943010297846;0,967741935483871;1
201;61,8139677203459;61,6968828359272;0,967741935483871;1
202;60,372114550816;64,7846772791595;0,967741935483871;1
203;56,9725443768212;81,7411093036625;0,967741935483871;1
204;60,4207046657773;92,1587824931863;0,967741935483871;1
205;61,1995439915187;67,2476229268407;0,967741935483871;1
206;56,2042892484803;74,1408816502954;0,967741935483871;1
207;59,8448154530532;57,4944126908557;0,967741935483871;1
208;62,2049033654255;96,1251395683786;0,967741935483871;1
209;57,2987828895403;58,7426072791177;0,967741935483871;1
210;64,8068412101574;96,4032873194095;0,967741935483871;1
211;61,8605492373178;75,5710790171032;0,967741935483871;1
212;60,4722117578945;81,7709670446853;0,967741935483871;1
213;60,4163966012399;68,4166190017907;0,967741935483871;1
214;56,9650323415472;85,5086131791393;0,967741935483871;1
215;60,0567831789834;57,4123351821303;0,967741935483871;1
216;61,7824320885472;86,7784422027031;0,967741935483871;1
217;59,180386496633;52,8244389951179;0,967741935483871;1
218;60,6721804617362;68,8625609742849;0,967741935483871;1
219;60,452123357266;61,8092109585463;0,967741935483871;1
220;62,3220106536917;79,1398083774514;0,967741935483871;1
221;65,07318412943;98,5509932982721;0,967741935483871;1
222;58,3890577140545;76,3946061099813;0,967741935483871;1
223;59,3457094559502;86,3296345701179;0,967741935483871;1
224;61,5742793624681;69,4614157040124;0,967741935483871;1
225;61,5701424599209;78,0010171231315;0,967741935483871;1
226;60,0171315310236;84,6454184660262;0,967741935483871;1
227;61,8082054977976;67,684247080164;0,967741935483871;1
228;65,173092627952;121,338589571791;0,967741935483871;1
229;65,0583022936565;98,6656274479513;0,967741935483871;1
230;59,2309540301148;57,0626870307652;0,967741935483871;1
231;62,4512088962905;94,2549195637132;0,967741935483871;1
232;62,1066641779962;71,8988415561535;0,967741935483871;1
233;59,4114564359694;91,3211508234136;0,903225806451613;0,935483870967742
234;62,495039583227;71,7300867396964;0,967741935483871;1
235;62,1006621354882;56,7212148237023;0,967741935483871;1
236;60,9625947310427;89,5010720207868;0,967741935483871;1
237;59,4579565109856;54,544796437817;0,967741935483871;1
238;61,9902960098726;90,5483816444866;0,967741935483871;1
239;59,1801270122659;74,2668429308172;0,967741935483871;1
240;59,3722595021089;89,421326831089;0,967741935483871;1
241;63,9188949009853;92,8037791488063;0,967741935483871;1
242;59,7027910339237;56,4836330850482;0,967741935483871;1
243;59,601599922855;56,7350410867942;0,967741935483871;1
244;59,6571517275353;63,8276759057648;0,967741935483871;1
245;61,6005998848037;64,7160231830144;0,967741935483871;1
246;59,4364778359205;67,573374111175;0,967741935483871;1
247;66,4449921515267;125,591010077707;0,967741935483871;1
248;60,6728533857294;64,3296196755428;0,967741935483871;1
249;57,3303604450616;58,6432161480495;0,967741935483871;1
250;61,9269649803616;63,8952936502941;0,967741935483871;1
251;56,8680345234477;96,1664868242629;0,967741935483871;1
252;58,8459719967693;59,5212287713806;0,967741935483871;1
253;64,1900743028657;89,3768080682703;0,967741935483871;1
254;57,6748822829599;60,6234348006427;0,967741935483871;1
255;60,0356448799948;68,2951670149531;0,967741935483871;1
256;58,2391282087764;63,6494670037291;0,967741935483871;1
257;62,6457350008714;102,457638138536;0,967741935483871;1
258;57,4306757884615;60,9503570865296;0,967741935483871;1
259;64,5567004664837;89,7324127675175;0,967741935483871;1
260;61,6035805469155;90,1507433563686;0,967741935483871;1
261;62,8509271274591;85,8981751783151;0,967741935483871;1
262;62,4352404917399;109,63043811831;0,967741935483871;1
263;59,4272047431688;86,393803078141;0,967741935483871;1
264;63,7379622322583;95,7475944700533;0,967741935483871;1
265;59,1267055417223;87,1913124222062;0,967741935483871;1
266;61,4805468297863;95,1309022648685;0,967741935483871;1
267;62,7302569724093;91,3708924006204;0,967741935483871;1
268;64,3485466449463;94,7383279743605;0,967741935483871;1
269;59,8241041104638;99,8115770950805;0,967741935483871;1
270;67,6378937306431;139,931627158683;0,967741935483871;1
271;57,2408626041272;46,6836420272333;0,967741935483871;1
272;56,5071778876987;76,5453666335551;0,967741935483871;1
273;57,313966995979;50,4593483652843;0,967741935483871;1
274;61,8696000630177;109,414572765877;0,967741935483871;1
275;64,5262429041709;89,4939873177097;0,967741935483871;1
276;60,8003439030467;80,4379313919485;0,967741935483871;1
277;61,2594139544848;94,6260290250823;0,967741935483871;1
278;63,1450127109359;97,9598882347854;0,967741935483871;1
279;63,0802760744486;88,0131213238419;0,967741935483871;1
280;59,233342757019;52,5715162575393;0,967741935483871;1
281;63,9087531979796;97,1775344504558;0,967741935483871;1
282;60,8509680912815;57,4898608047292;0,967741935483871;1
283;63,0381176088187;115,328157927423;0,967741935483871;1
284;60,9010368930922;89,8291523680507;0,967741935483871;1
285;58,6141903399819;37,3030028127312;0,967741935483871;1
286;64,9827350932687;99,9435646019359;0,967741935483871;1
287;61,6154799468609;88,83056391039;0,967741935483871;1
288;60,5724272274348;75,2464167247789;0,967741935483871;1
289;63,5735911983153;82,1086977233377;0,967741935483871;1
290;58,7259983727334;87,67616845731;0,967741935483871;1
291;61,7460378343806;93,4015863270474;0,967741935483871;1
292;58,5349811715483;67,8663561309258;0,967741935483871;1
293;64,272618593593;88,6064601755993;0,967741935483871;1
294;61,3161780570992;76,8721167676402;0,967741935483871;1
295;64,7723737420121;110,812041729162;0,967741935483871;1
296;59,1508478348109;69,4212555075355;0,967741935483871;1
297;62,4344749809;100,425515514019;0,967741935483871;1
298;59,4305443652133;43,416629597737;0,967741935483871;1
299;65,9413643036477;103,537476786626;0,967741935483871;1
300;61,3020481498425;103,329230577594;0,967741935483871;1
301;65,6157167963166;126,008376785251;0,967741935483871;1
302;58,8078085417161;79,6799804569959;0,967741935483871;1
303;60,1384869989348;67,5071682774872;0,967741935483871;1
304;58,4449336162673;83,222434727736;0,967741935483871;1
305;66,6337255661695;116,493326571019;0,967741935483871;1
306;62,1230666377124;101,846458315468;0,967741935483871;1
307;63,3893444896001;97,9807878964262;0,967741935483871;1
308;61,7428245212211;74,2090028888967;0,967741935483871;1
309;60,4331132248261;101,969191917704;0,967741935483871;1
310;60,322421233748;78,3573624730797;0,967741935483871;1
311;59,9395364430861;68,1525061774086;0,967741935483871;1
312;64,9136691514935;96,5732881145945;0,967741935483871;1
313;57,8545400886731;70,1263860665675;0,967741935483871;1
314;57,5835240268973;59,0291608854492;0,967741935483871;1
315;57,7911686878494;55,6914563845786;0,967741935483871;1
316;68,2240737608819;141,059186615001;0,967741935483871;1
317;58,6996019687746;90,1036237100485;0,967741935483871;1
318;60,8629224411255;71,6256777547623;0,967741935483871;1
319;61,5097644956859;83,2355365579464;0,967741935483871;1
320;66,450515767195;132,326630592678;0,967741935483871;1
321;65,8901452013844;138,647577321437;0,967741935483871;1
322;60,9169795798322;96,582799188145;0,967741935483871;1
323;63,1907129935538;90,4290901419254;0,967741935483871;1
324;62,5484279049552;78,445432543361;0,967741935483871;1
325;56,6666119364109;47,3956197976821;0,967741935483871;1
326;62,0592861072635;62,8941871777948;0,967741935483871;1
327;61,5930399654929;84,5474437472768;0,967741935483871;1
328;58,9759651781788;69,5688760943945;0,967741935483871;1
329;58,4370342767781;67,515907004529;0,967741935483871;1
330;59,6981206371857;76,0253032112334;0,967741935483871;1
331;61,8197827525747;74,9858843573468;0,967741935483871;1
332;66,3377363601836;127,140527459833;0,967741935483871;1
333;57,1849189688499;77,8101810340381;0,967741935483871;1
334;61,5973529582887;104,954822920603;0,967741935483871;1
335;61,285740612063;94,0733591932445;0,967741935483871;1
336;57,9802443684029;62,7502959770104;0,967741935483871;1
337;63,3653924544474;109,154179423721;0,967741935483871;1
338;62,5226276310163;88,6340463412454;0,967741935483871;1
339;64,2026431750563;121,576265790962;0,967741935483871;1
340;60,84428535057;89,563397088989;0,967741935483871;1
341;60,0769546575387;66,7105554204147;0,967741935483871;1
342;59,4949204949075;93,136511373118;0,967741935483871;1
343;58,4827055977503;67,3915688491205;0,967741935483871;1
344;60,9020001315321;99,6411591235566;0,967741935483871;1
345;59,5277554727312;73,964380376664;0,967741935483871;1
346;65,66443203448;124,312579818594;0,967741935483871;1
347;60,91014150288;71,0200715757568;0,967741935483871;1
348;62,627901986721;90,3827891771192;0,967741935483871;1
349;63,2339807264139;71,9871703524465;0,967741935483871;1
350;61,6034008592899;106,098417784639;0,967741935483871;1
351;57,6321944713414;42,7053877238718;0,967741935483871;1
352;63,0453552193942;99,1603172397575;0,967741935483871;1
353;66,3530481857517;86,4112756098003;0,967741935483871;1
354;57,5271001662896;67,8062717787697;0,967741935483871;1
355;58,5484812747202;88,7328646970131;0,967741935483871;1
356;60,3184361283591;82,1817099888127;0,967741935483871;1
357;65,2532746479584;96,2107260535176;0,967741935483871;1
358;64,7096987428296;104,229717050547;0,967741935483871;1
359;66,7512659111278;140,043880048136;0,967741935483871;1
360;61,0431207267778;69,3208676285904;0,967741935483871;1
361;58,5855411403402;66,1740551883652;0,967741935483871;1
362;58,7000712811117;60,9766540687073;0,967741935483871;1
363;60,9788823362384;84,0671875174894;0,967741935483871;1
364;59,6391182307957;52,8366573418968;0,967741935483871;1
365;62,0328059601265;77,8102751791303;0,967741935483871;1
366;59,7977346832009;72,6426413608325;0,967741935483871;1
367;66,0079988710914;113,294096465909;0,967741935483871;1
368;58,9242269751293;61,002197472722;0,967741935483871;1
369;62,4858968642524;90,1317886949762;0,967741935483871;1
370;62,0515058663533;92,9828785031779;0,967741935483871;1
371;58,7904841119837;83,3822103230763;0,967741935483871;1
372;63,3349485538122;99,0533593658066;0,967741935483871;1
373;61,3121446431389;128,98426580521;0,967741935483871;1
374;59,071702788068;55,1996353249452;0,967741935483871;1
375;57,0001191474065;36,7432365864075;0,967741935483871;1
376;63,0646782033588;114,958814145854;0,967741935483871;1
377;63,0307838170518;88,5416923596882;0,967741935483871;1
378;61,9905675850762;90,9413713525689;0,967741935483871;1
379;61,6612525198107;88,6464656649246;0,967741935483871;1
380;64,7056692312408;120,564466469645;0,967741935483871;1
381;64,2326431543211;84,7156417840903;0,967741935483871;1
382;58,4517108283447;60,5812505577437;0,967741935483871;1
383;61,2746164933289;57,7737839370116;0,967741935483871;1
384;58,0134292979639;46,2284103463596;0,967741935483871;1
385;62,8464142852136;79,761894436406;0,967741935483871;1
386;61,4961942515123;54,9697231404444;0,967741935483871;1
387;61,5088411233084;74,0473117609414;0,967741935483871;1
388;56,1204935665503;65,6544559143899;0,967741935483871;1
389;57,7369656020088;58,8052321510283;0,967741935483871;1
390;61,1479180343544;89,6718233598553;0,967741935483871;1
391;60,0581819434474;78,2951375775691;0,967741935483871;1
392;63,4510206595269;73,6842255611426;0,967741935483871;1
393;61,6055063670663;67,181283123021;0,967741935483871;1
394;60,8959537917333;77,2703820522191;0,967741935483871;1
395;63,1738905575482;118,852120972375;0,967741935483871;1
396;60,4472066983309;66,3880412152576;0,967741935483871;1
397;60,8706093481236;74,4554326786069;0,967741935483871;1
398;61,7657634985692;83,6130635970012;0,967741935483871;1
399;59,4746550647347;76,5901896569641;0,967741935483871;1
400;62,4484561826665;106,610069014454;0,967741935483871;1
401;62,787336033082;109,892055999649;0,967741935483871;1
402;62,1397514409328;103,504566786065;0,967741935483871;1
403;62,6992153179855;130,539049443647;0,967741935483871;1
404;67,7213225195922;118,976051373843;0,967741935483871;1
405;61,6717866411666;103,337544163324;0,967741935483871;1
406;65,6557389729922;103,109384066245;0,967741935483871;1
407;57,2841576870284;60,0938359534077;0,967741935483871;1
408;59,8605050499232;83,6432169737324;0,967741935483871;1
409;64,1400157520708;103,634050556162;0,967741935483871;1
410;63,2566175311924;105,498172565228;0,967741935483871;1
411;58,7513591780372;77,09387682947;0,967741935483871;1
412;57,0751299046877;47,324860322166;0,967741935483871;1
413;61,5083366455514;75,6739477222066;0,967741935483871;1
414;61,5456239373753;75,799511320568;0,967741935483871;1
415;58,6584880359239;55,9156027370753;0,967741935483871;1
416;59,8582711769071;67,133811566885;0,967741935483871;1
417;58,4051999102058;53,5534738121751;0,967741935483871;1
418;61,383427132829;85,4944226579703;0,967741935483871;1
419;63,3183655276748;93,5345400229197;0,967741935483871;1
420;59,6270928518823;68,8647048415558;0,967741935483871;1
421;62,5327894602163;101,735704373813;0,903225806451613;0,935483870967742
422;65,1904730961017;102,645732321577;0,967741935483871;1
423;57,0963412637227;59,8550682594288;0,967741935483871;1
424;64,5024700305846;129,586431406535;0,967741935483871;1
425;61,4637553555895;72,0266821029106;0,967741935483871;1
426;62,0085822927072;99,9672622711482;0,967741935483871;1
427;61,1831690390163;78,2241340749621;0,967741935483871;1
428;60,5372375563338;76,1376355722653;0,967741935483871;1
429;60,0200370862767;65,8662126511421;0,967741935483871;1
430;62,1838772149215;101,013154554531;0,967741935483871;1
431;58,8949677665328;106,135621341084;0,967741935483871;1
432;70,5165718758;129,595456150386;0,967741935483871;1
433;58,2167517431566;78,7857949466814;0,967741935483871;1
434;64,0339392854508;96,998095251765;0,967741935483871;1
435;63,8985541326593;84,3388860845258;0,967741935483871;1
436;64,112025137326;116,581052345846;0,967741935483871;1
437;58,1827839651556;89,523244753856;0,967741935483871;1
438;62,9370912553285;91,8265274087895;0,967741935483871;1
439;59,4290238340204;74,0564933693437;0,967741935483871;1
440;58,33078857872;63,5505431467997;0,967741935483871;1
441;59,7874291331458;37,9805835318081;0,967741935483871;1
442;66,0785574778169;123,365799030472;0,967741935483871;1
443;62,6673894824847;129,186288652186;0,967741935483871;1
444;61,3989666627793;107,929308832363;0,967741935483871;1
445;61,8254394174023;96,9964387424588;0,967741935483871;1
446;62,9250229090822;116,918747703391;0,967741935483871;1
447;60,8366887267366;94,9201674569968;0,967741935483871;1
448;61,2735625208567;72,8256030712461;0,967741935483871;1
449;59,9903143696407;79,5451759092624;0,967741935483871;1
450;64,7531085434047;106,786349502447;0,967741935483871;1
451;58,7319412555207;67,8864519626918;0,967741935483871;1
452;62,0946012171424;108,169753210454;0,967741935483871;1
453;62,4160305733566;95,8068104570146;0,967741935483871;1
454;58,2072402975227;81,318237015879;0,967741935483871;1
455;62,4599685725104;63,1217034110642;0,967741935483871;1
456;57,8909458510901;48,6305074704555;0,967741935483871;1
457;59,6998817361628;63,1454676271455;0,967741935483871;1
458;61,6538582482762;87,0908120082634;0,967741935483871;1
459;61,4426542245371;92,8462586400755;0,967741935483871;1
460;65,3781469469602;120,907261379489;0,967741935483871;1
461;59,3952325725032;97,1518604304261;0,967741935483871;1
462;66,5739459527661;122,595047294312;0,967741935483871;1
463;59,1280014486617;50,1331045139271;0,967741935483871;1
464;56,3880029736007;45,6618103217039;0,967741935483871;1
465;61,072500767293;89,2421863303997;0,967741935483871;1
466;60,7223227919995;75,8147238890008;0,967741935483871;1
467;59,9802794927642;53,1160601473985;0,967741935483871;1
468;64,2946168438515;103,752332239059;0,967741935483871;1
469;62,9262197798542;102,588665560134;0,967741935483871;1
470;61,500785346942;86,2094674149781;0,967741935483871;1
471;58,7514520084582;79,793397044346;0,967741935483871;1
472;59,7288175808929;59,1034482702229;0,967741935483871;1
473;60,3515570063106;75,6476614383924;0,967741935483871;1
474;62,0093373528258;78,7594506063966;0,967741935483871;1
475;61,2217273187544;77,4909628903422;0,967741935483871;1
476;56,2647816937505;75,1834232594076;0,967741935483871;1
477;61,1972402543115;92,1629343528078;0,967741935483871;1
478;58,6222057786231;38,8765586514578;0,967741935483871;1
479;59,210403201697;55,5683573725903;0,967741935483871;1
480;63,2217601719037;70,3743138283358;0,967741935483871;1
481;57,6941145499934;35,6403922028473;0,967741935483871;1
482;61,0217008926065;102,575810006397;0,967741935483871;1
483;64,2095684840159;151,325769711283;0,967741935483871;1
484;60,819094662275;94,3080834459529;0,967741935483871;1
485;61,9252929426236;72,1272865274836;0,967741935483871;1
486;60,9131940777207;85,5001286952481;0,967741935483871;1
487;58,5469604985531;72,5282928748458;0,967741935483871;1
488;64,2678470213461;85,3194180803506;0,967741935483871;1
489;61,3347999425624;79,499252625065;0,967741935483871;1
490;61,1229712502794;69,0606872648686;0,967741935483871;1
491;64,4038685925649;107,56011245713;0,967741935483871;1
492;59,1408528477363;64,2567108667382;0,967741935483871;1
493;63,5224430551495;93,8077848993339;0,967741935483871;1
494;61,325373156254;76,8490607081712;0,967741935483871;1
495;64,1970401265197;99,9218538640562;0,967741935483871;1
496;64,0889683930807;65,844201194352;0,967741935483871;1
497;60,7638745048794;76,8615867006892;0,967741935483871;1
498;61,2747171258886;89,2392022739433;0,967741935483871;1
499;60,169035014069;84,5298836722503;0,967741935483871;1
500;62,5656385421452;108,232845662618;0,967741935483871;1
501;60,6371107611564;71,6796324621634;0,967741935483871;1
502;63,8944353546242;98,0805563280122;0,967741935483871;1
503;59,5647318355952;43,9744808907084;0,967741935483871;1
504;58,1672891622223;53,2052173002672;0,967741935483871;1
505;58,5592579826354;80,99736761336;0,967741935483871;1
506;65,415882077233;112,492461250698;0,967741935483871;1
507;64,1537362215745;102,003082957195;0,967741935483871;1
508;64,5204347099397;104,631367339804;0,967741935483871;1
509;66,1094722686922;88,2514703391905;0,967741935483871;1
510;61,5884172697078;95,7278031417992;0,967741935483871;1
511;61,6447003079885;82,9303804330758;0,967741935483871;1
512;61,4659917163322;99,8533806081306;0,967741935483871;1
513;57,4146331989858;53,8006744657445;0,967741935483871;1
514;62,8955326748061;84,5954032434688;0,967741935483871;1
515;66,183832459609;140,766628184305;0,967741935483871;1
516;61,7407581215947;83,8948725286447;0,967741935483871;1
517;60,7500044089619;101,228189274611;0,967741935483871;1
518;61,9604904944013;77,7805754489445;0,967741935483871;1
519;61,7794497720741;129,66038753942;0,967741935483871;1
520;59,1961752138291;52,095731124121;0,967741935483871;1
521;59,7520515129765;61,3366806367532;0,967741935483871;1
522;60,1216631542441;57,9953205364865;0,967741935483871;1
523;64,4147123655965;86,4511800245172;0,967741935483871;1
524;57,4407787538807;48,7272808430525;0,967741935483871;1
525;63,7794311882619;91,9179464663007;0,967741935483871;1
526;58,1111745196992;71,7967010398692;0,967741935483871;1
527;61,739332328482;78,8576401921661;0,967741935483871;1
528;62,9987637434609;111,693733373724;0,967741935483871;1
529;58,3671730491826;77,1058895108204;0,967741935483871;1
530;57,4617421553726;61,0863640651108;0,967741935483871;1
531;63,3740788906415;101,072318330695;0,967741935483871;1
532;60,4278995291175;67,1725381813229;0,967741935483871;1
533;58,3505509719487;41,0749568636217;0,967741935483871;1
534;65,0982256769401;96,9967715562542;0,967741935483871;1
535;60,6417903051614;69,7708557911097;0,967741935483871;1
536;60,5947974861301;85,3601761151403;0,967741935483871;1
537;61,6542033278448;98,3368498196901;0,967741935483871;1
538;61,9695423030112;67,8759162900905;0,967741935483871;1
539;58,2034607879985;65,4461287968353;0,967741935483871;1
540;60,1012245104849;101,440726618654;0,967741935483871;1
541;59,0497149300763;77,3248401611973;0,967741935483871;1
542;64,3591277064123;94,4333243377849;0,967741935483871;1
543;61,1231690522582;98,8839461111878;0,967741935483871;1
544;60,9539051308909;103,513684390784;0,967741935483871;1
545;60,8863910074625;80,8986224050319;0,967741935483871;1
546;64,0504183705813;124,133304291533;0,967741935483871;1
547;62,2318712846473;106,128438989199;0,967741935483871;1
548;60,6158784808014;43,4514192581277;0,967741935483871;1
549;61,6816069389504;67,0063504485211;0,967741935483871;1
550;63,2338812379547;96,5371283507631;0,967741935483871;1
551;60,6866033199566;48,5320850908604;0,967741935483871;1
552;62,1866837454098;104,660577645292;0,967741935483871;1
553;62,7684517527214;85,0512201293978;0,967741935483871;1
554;64,7332860580943;107,300027494582;0,967741935483871;1
555;61,4757149871065;112,581023623723;0,967741935483871;1
556;60,466319316659;72,1833166607173;0,967741935483871;1
557;64,0379966151912;122,01104777457;0,967741935483871;1
558;61,2761351406502;84,2699507834462;0,967741935483871;1
559;67,1617641805471;96,5474411757218;0,967741935483871;1
560;63,2289513872512;95,5145264136163;0,967741935483871;1
561;58,7373179139737;99,0120090427084;0,967741935483871;1
562;58,3765105821489;53,0355043378834;0,967741935483871;1
563;59,8569428867396;72,332630532171;0,967741935483871;1
564;63,6729221271259;90,2960143162474;0,967741935483871;1
565;57,9528934698733;63,2106054774056;0,967741935483871;1
566;59,7467086601634;70,345576048187;0,967741935483871;1
567;59,8538390438957;73,9103746256103;0,967741935483871;1
568;64,5076808196602;125,283619566571;0,967741935483871;1
569;60,0218983188345;71,2645330896291;0,967741935483871;1
570;60,6092259328632;97,1873986510898;0,967741935483871;1
571;62,3615525308406;106,063818513794;0,967741935483871;1
572;60,687752655788;77,9485582262604;0,967741935483871;1
573;59,9003879107733;64,7858919838407;0,903225806451613;0,935483870967742
574;63,5124975283922;82,6836449050891;0,967741935483871;1
575;58,2685051138131;46,3801147808944;0,967741935483871;1
576;60,2751072686961;54,7014337734012;0,967741935483871;1
577;62,6619031633535;99,7257621607941;0,967741935483871;1
578;63,8110012617933;79,0580848517502;0,967741935483871;1
579;58,0733267956263;78,7797153680233;0,967741935483871;1
580;57,1794511883754;54,3822447094632;0,967741935483871;1
581;61,8018703940856;80,5225688498647;0,967741935483871;1
582;64,4898983427637;107,273818598414;0,967741935483871;1
583;59,1571994009413;50,595507205089;0,967741935483871;1
584;59,5296204689849;104,764432321248;0,967741935483871;1
585;66,2407677918428;111,435382446391;0,967741935483871;1
586;66,4826898743693;86,2422281717009;0,967741935483871;1
587;61,6310155351395;38,8247219287695;0,967741935483871;1
588;63,8279960893471;122,766550036649;0,967741935483871;1
589;62,0502711324789;119,754358749321;0,967741935483871;1
590;63,2308718785287;80,7301775269471;0,967741935483871;1
591;59,8570901890548;78,1183213607139;0,967741935483871;1
592;62,7414004138944;108,767199761138;0,967741935483871;1
593;59,5396666720107;67,893701378559;0,967741935483871;1
594;59,7804110995368;76,6787705397537;0,967741935483871;1
595;58,4194730839545;71,8501041351773;0,967741935483871;1
596;58,1151992818209;50,5441792664239;0,967741935483871;1
597;62,97730803274;85,2365377865983;0,967741935483871;1
598;59,050835123844;81,1156095923912;0,967741935483871;1
599;60,9709685076797;94,9432254178873;0,967741935483871;1
600;57,7489365512877;58,5337356258112;0,967741935483871;1
601;57,8695535339713;78,1070810902752;0,967741935483871;1
602;63,7457653998476;115,292122271615;0,967741935483871;1
603;59,105304804218;65,9005931598542;0,967741935483871;1
604;60,1525116496979;100,252772779607;0,967741935483871;1
605;57,8516188618653;51,8814183463632;0,967741935483871;1
606;62,0860172650133;95,9471165315457;0,967741935483871;1
607;63,3753211047411;109,0680302951;0,967741935483871;1
608;62,1798714048237;80,4838880990705;0,967741935483871;1
609;62,6749097498535;105,010391136074;0,967741935483871;1
610;60,8569684417492;79,1801711751572;0,967741935483871;1
611;59,6991850481503;75,0309775088411;0,967741935483871;1
612;64,0935908423214;84,6669672230314;0,967741935483871;1
613;60,6942900313109;107,072792923552;0,967741935483871;1
614;66,4095469278099;122,834062119853;0,903225806451613;0,935483870967742
615;64,8400873218943;85,9772071421609;0,967741935483871;1
616;61,1583746318539;69,8259313491315;0,967741935483871;1
617;62,2127784039397;70,4824289000874;0,967741935483871;1
618;63,3907036749832;78,9147138065045;0,967741935483871;1
619;66,8275431150618;112,734233025179;0,967741935483871;1
620;59,4173516172885;88,4332415508464;0,967741935483871;1
621;59,2852633923398;33,9578154920039;0,967741935483871;1
622;58,1072178997058;91,2276066315798;0,967741935483871;1
623;66,9974178538403;140,125734777848;0,967741935483871;1
624;58,7256564539968;72,1297030404343;0,967741935483871;1
625;60,0151124915093;74,7192446116399;0,967741935483871;1
626;61,6617595616073;79,4586837254326;0,967741935483871;1
627;59,2541261210828;60,5201367416726;0,967741935483871;1
628;59,8755185986829;89,4912954993882;0,967741935483871;1
629;58,4811556186104;67,7207703119847;0,967741935483871;1
630;65,8573405654853;98,4530665469082;0,967741935483871;1
631;62,6437823560229;88,7288163949698;0,967741935483871;1
632;63,1425785076972;121,789353319251;0,967741935483871;1
633;62,1833673864083;61,5954121833857;0,967741935483871;1
634;62,6171957428646;87,5171093930453;0,967741935483871;1
635;61,2546518243522;71,5078776017054;0,967741935483871;1
636;60,5267891986195;79,8176568356322;0,967741935483871;1
637;61,3560459214949;83,89119954474;0,967741935483871;1
638;61,8668921519419;103,438155360106;0,967741935483871;1
639;60,7320849228412;59,9939322357975;0,967741935483871;1
640;62,0657266718168;70,5248178087111;0,967741935483871;1
641;63,6823497139289;85,0706332533896;0,967741935483871;1
642;58,4349970083371;42,3349398707532;0,967741935483871;1
643;63,7891691270817;118,975696497909;0,967741935483871;1
644;63,102690166038;82,5001459057237;0,967741935483871;1
645;63,3437000720117;103,895952796834;0,967741935483871;1
646;57,7106912292785;74,1343264967641;0,967741935483871;1
647;57,1361811857837;85,5348672890773;0,967741935483871;1
648;58,5955362177567;56,4375721794769;0,967741935483871;1
649;58,9734986796621;50,3347165476919;0,967741935483871;1
650;59,0592208274638;75,5433172354355;0,967741935483871;1
651;63,83925265957;95,793070410631;0,967741935483871;1
652;61,5402300759991;106,468884820885;0,967741935483871;1
653;58,6123914672125;91,0328968937339;0,967741935483871;1
654;57,8033906976374;95,3235147620306;0,967741935483871;1
655;61,6192866208045;89,9171809783414;0,967741935483871;1
656;61,8764860602052;85,1087459115576;0,967741935483871;1
657;65,2076785091301;98,1591016588871;0,967741935483871;1
658;62,3092828172511;107,966459923814;0,967741935483871;1
659;57,6623360721006;55,9376837236381;0,967741935483871;1
660;58,8441791288159;58,6924438571412;0,967741935483871;1
661;60,4823549363923;74,3772571806395;0,967741935483871;1
662;60,9326598334157;73,3230373814527;0,967741935483871;1
663;58,4094010436425;49,388344165942;0,967741935483871;1
664;58,81168336975;69,3423179387359;0,967741935483871;1
665;62,6874878603583;93,5145164438239;0,967741935483871;1
666;61,5915855590052;65,0810238721096;0,967741935483871;1
667;64,4980014599707;113,129239739865;0,967741935483871;1
668;58,8969073742948;69,1409822286737;0,967741935483871;1
669;56,9065602194582;51,1373959011045;0,967741935483871;1
670;64,3335552917566;122,482831244733;0,967741935483871;1
671;60,2690099546179;69,9464354466166;0,967741935483871;1
672;63,3442724654826;109,593636946597;0,967741935483871;1
673;66,5620575338275;124,106993711693;0,967741935483871;1
674;60,2668969544385;76,3312061835464;0,967741935483871;1
675;62,1387826371908;89,501866656249;0,967741935483871;1
676;58,0752710543968;63,1177006302044;0,967741935483871;1
677;62,5266818118456;83,4206985489636;0,967741935483871;1
678;59,4223534775282;98,6179682646895;0,967741935483871;1
679;61,6039181885867;67,6429276495242;0,967741935483871;1
680;62,7065137296011;73,4407123934341;0,967741935483871;1
681;61,9540492899882;98,8003699200478;0,967741935483871;1
682;57,1855610182935;77,0903213744368;0,967741935483871;1
683;60,1952034243159;46,2753195533544;0,967741935483871;1
684;59,1417815631942;86,3307847526236;0,967741935483871;1
685;63,0060541400243;85,3326485339413;0,967741935483871;1
686;57,9624859156523;95,6100128435835;0,967741935483871;1
687;62,0564825065642;106,511953116846;0,967741935483871;1
688;61,0210221204716;94,66909802741;0,967741935483871;1
689;62,3024014179927;95,1975306881506;0,967741935483871;1
690;66,0954154835149;138,439220779992;0,967741935483871;1
691;60,6761360100713;80,1812890880446;0,967741935483871;1
692;58,4214537329996;54,2711199325622;0,967741935483871;1
693;58,4280590346792;70,4896797965203;0,967741935483871;1
694;59,6466298565604;73,0797113965043;0,967741935483871;1
695;57,6097789315935;67,9111635231549;0,967741935483871;1
696;60,5589460088844;82,7384025033884;0,967741935483871;1
697;58,8077623292531;58,4561084264238;0,967741935483871;1
698;58,4504626481588;52,1197424937328;0,967741935483871;1
699;61,1109440780494;108,21906968412;0,967741935483871;1
700;61,5206319450319;110,878181544504;0,967741935483871;1
701;60,3572971484002;72,3261742110221;0,967741935483871;1
702;58,9869606425138;100,067985259882;0,967741935483871;1
703;60,718732772908;78,7308044475572;0,967741935483871;1
704;62,6267654752962;109,811515412413;0,967741935483871;1
705;61,6591798982576;78,8567753767632;0,967741935483871;1
706;59,614897575917;83,0819429703809;0,967741935483871;1
707;59,6222181738472;71,8442283000119;0,967741935483871;1
708;61,7908535980041;77,4759413296317;0,967741935483871;1
709;58,8226997741822;65,2089459790023;0,967741935483871;1
710;59,0438839347534;68,9924572887378;0,967741935483871;1
711;56,538874924173;50,0958110051969;0,967741935483871;1
712;62,5618621903925;107,854366849965;0,967741935483871;1
713;61,1442295732057;96,3878956088506;0,967741935483871;1
714;60,9150506221299;75,0240098303448;0,967741935483871;1
715;65,6900620249846;152,45986899667;0,967741935483871;1
716;64,1620823991003;114,872842640848;0,967741935483871;1
717;61,0275935837239;96,8455924723388;0,967741935483871;1
718;58,8930995074233;60,0355949765377;0,967741935483871;1
719;65,3542187108898;95,2595762640569;0,967741935483871;1
720;57,9612476288227;104,190138276924;0,967741935483871;1
721;61,3247229654865;93,0669090966202;0,967741935483871;1
722;59,730666423531;80,3129591310147;0,967741935483871;1
723;61,525503648641;101,064236205599;0,967741935483871;1
724;62,2245212689177;135,607025632948;0,967741935483871;1
725;59,8184277254127;67,0284527722868;0,967741935483871;1
726;63,4727997372719;81,5888014142809;0,967741935483871;1
727;62,4924605632233;75,848013671242;0,967741935483871;1
728;60,3133902542366;60,8622047321614;0,967741935483871;1
729;61,3835870996604;81,7836914549336;0,967741935483871;1
730;62,5632917861552;116,991895301185;0,967741935483871;1
731;57,7377860995221;78,463738658286;0,967741935483871;1
732;58,8706402924535;51,2086484760683;0,967741935483871;1
733;59,5318557713024;86,1410056270725;0,967741935483871;1
734;60,153231953176;82,4433920295926;0,967741935483871;1
735;59,1331183055242;98,8786843622857;0,967741935483871;1
736;58,6938349390751;60,8724874710659;0,967741935483871;1
737;66,4179270941421;105,011640026373;0,967741935483871;1
738;62,7373105027683;70,6958664619101;0,967741935483871;1
739;59,8794509532533;71,4029728210644;0,967741935483871;1
740;62,2240739728057;85,1255882146488;0,967741935483871;1
741;61,8777714920587;88,2673708083059;0,967741935483871;1
742;59,2872524210823;83,0026910691794;0,967741935483871;1
743;61,186478051666;93,2414133185994;0,967741935483871;1
744;64,1336322171401;84,6674273970846;0,967741935483871;1
745;57,1472181769436;70,36285559135;0,967741935483871;1
746;58,0649142002445;73,4349169320506;0,967741935483871;1
747;65,0849949351794;91,4296458707489;0,967741935483871;1
748;61,926384533709;66,7897797500369;0,967741935483871;1
749;65,3957674449636;128,612529295592;0,967741935483871;1
750;58,7414309768295;73,9062780438062;0,967741935483871;1
751;63,5759337661793;105,863844899178;0,967741935483871;1
752;61,2862875193569;66,2376668492194;0,967741935483871;1
753;57,729358191117;58,877588581716;0,967741935483871;1
754;61,571493458633;69,3338371202464;0,967741935483871;1
755;60,0139619465978;75,4849618528917;0,967741935483871;1
756;59,277990356711;61,8896500003253;0,967741935483871;1
757;61,6822771551183;92,9395346302963;0,967741935483871;1
758;60,0542106461013;95,7749106634523;0,967741935483871;1
759;58,4359594958473;73,9444563740543;0,967741935483871;1
760;61,2770920984942;76,3950150978802;0,967741935483871;1
761;60,2687871077161;65,2950367966802;0,967741935483871;1
762;58,3237384462601;70,936059070841;0,967741935483871;1
763;60,3365954845829;89,8877997106245;0,967741935483871;1
764;61,0485835105912;58,9316900252601;0,838709677419355;0,870967741935484
765;63,8603213947193;116,865850808655;0,967741935483871;1
766;61,7726050577025;100,946458225787;0,967741935483871;1
767;60,2097615203954;73,0910471211526;0,967741935483871;1
768;62,3919935519693;103,493192449833;0,967741935483871;1
769;65,8819738576943;111,062013153056;0,967741935483871;1
770;62,5935455261634;92,2694128413213;0,967741935483871;1
771;63,5650684292678;114,154342603845;0,967741935483871;1
772;62,7764362399199;100,541508788503;0,967741935483871;1
773;61,8984767279054;87,1063464138473;0,967741935483871;1
774;61,1302532735695;80,6477620403636;0,967741935483871;1
775;62,7023613773525;70,9822606596912;0,967741935483871;1
776;63,7715809491645;111,086551460984;0,967741935483871;1
777;63,9526335834533;84,577004196716;0,967741935483871;1
778;59,2107560653833;76,5460905651799;0,967741935483871;1
779;62,1230106896061;93,8748908014776;0,967741935483871;1
780;62,9305871661894;123,124049881671;0,967741935483871;1
781;61,8132965521809;72,7351731421577;0,967741935483871;1
782;63,767678825441;81,1234468499287;0,967741935483871;1
783;60,6365315913102;77,0979461088084;0,967741935483871;1
784;63,7431220453976;105,8291813701;0,967741935483871;1
785;57,9914995482466;63,1271041153268;0,967741935483871;1
786;64,1714520111828;101,134723775822;0,967741935483871;1
787;58,2708112592753;62,5637193215903;0,967741935483871;1
788;64,3870675375803;115,443373679448;0,967741935483871;1
789;60,9484571589418;106,293969692931;0,967741935483871;1
790;57,2300659917675;62,4020733425846;0,967741935483871;1
791;62,6003353017567;90,6638895915156;0,967741935483871;1
792;66,9234320340145;142,768747267452;0,967741935483871;1
793;57,4388294164857;74,1683480199633;0,967741935483871;1
794;61,7712488727743;88,437213637682;0,967741935483871;1
795;58,914642741744;75,2437549504124;0,967741935483871;1
796;61,4192165848853;88,8362711964968;0,967741935483871;1
797;67,2342914698623;113,401440593255;0,967741935483871;1
798;64,4802324115582;128,850640135692;0,967741935483871;1
799;60,3181685394739;84,8921288439882;0,967741935483871;1
800;63,0641711979305;111,047408223908;0,967741935483871;1
801;61,5169632790495;103,380178976757;0,967741935483871;1
802;63,3654033113691;96,2450670514676;0,967741935483871;1
803;57,6174670188104;77,2537873410586;0,967741935483871;1
804;64,2573206724811;120,493307938591;0,967741935483871;1
805;58,4727325362016;80,517244356248;0,967741935483871;1
806;58,5955366405556;57,6083380542786;0,967741935483871;1
807;59,7248793474903;78,9344081672768;0,967741935483871;1
808;61,9503698162851;83,6140129635752;0,967741935483871;1
809;60,8378496239973;55,8399292812303;0,967741935483871;1
810;62,3751678789133;103,986911677409;0,967741935483871;1
811;57,890653395171;54,2304512580364;0,967741935483871;1
812;61,1700605937135;81,7288262911645;0,967741935483871;1
813;66,0288207914066;108,164947508662;0,967741935483871;1
814;59,372818880173;70,8730460267037;0,967741935483871;1
815;61,4539422358239;96,3596270920563;0,967741935483871;1
816;61,6810120454217;74,4283301451599;0,967741935483871;1
817;64,5315702602794;116,829817388949;0,967741935483871;1
818;59,5924515314609;56,592086302632;0,967741935483871;1
819;59,0239729493548;74,1105460576955;0,967741935483871;1
820;65,3409197945774;108,500980482125;0,967741935483871;1
821;65,5935945644944;132,075466058381;0,967741935483871;1
822;61,9463019007326;87,600404851324;0,967741935483871;1
823;63,7707314577422;105,879621778063;0,967741935483871;1
824;61,3939949491388;92,3215495554558;0,967741935483871;1
825;61,7130279616904;90,4786170091694;0,967741935483871;1
826;60,818753570108;76,3781876116737;0,967741935483871;1
827;60,6639351821156;76,3816108160773;0,967741935483871;1
828;62,0840811898457;100,680762801946;0,967741935483871;1
829;64,7992970421329;91,0404612855562;0,967741935483871;1
830;60,4383582927002;50,4745978557556;0,967741935483871;1
831;65,8257887532518;94,9883558204206;0,967741935483871;1
832;64,436879473524;98,6491205521033;0,967741935483871;1
833;60,4327540749501;82,3723462304812;0,967741935483871;1
834;61,6713759701149;89,744958347138;0,967741935483871;1
835;62,780508300823;74,8629757359784;0,967741935483871;1
836;58,9463623990514;64,5935027300313;0,967741935483871;1
837;63,8371650498106;95,5495709503933;0,967741935483871;1
838;63,8116805518766;135,681014518229;0,967741935483871;1
839;63,354425762985;91,2199214982905;0,967741935483871;1
840;60,9873943507047;64,0013508401087;0,967741935483871;1
841;58,7583314362491;80,3577082889836;0,967741935483871;1
842;64,2060396836534;112,142789381821;0,967741935483871;1
843;61,101017283942;96,8755749880359;0,967741935483871;1
844;62,4954256956034;92,157574366737;0,967741935483871;1
845;64,6919934419706;122,436867533623;0,967741935483871;1
846;58,962519420209;59,9039073530302;0,967741935483871;1
847;61,91071091825;63,3894515457181;0,967741935483871;1
848;60,4246345393269;104,819334518635;0,967741935483871;1
849;63,4963588761536;87,9351917755393;0,967741935483871;1
850;60,0782316707759;109,674020705808;0,967741935483871;1
851;64,752697491401;98,1794660075796;0,967741935483871;1
852;61,1953668617804;74,9363835932559;0,967741935483871;1
853;62,3178535829808;86,4522414190964;0,967741935483871;1
854;61,7915402777433;79,8287293953062;0,967741935483871;1
855;66,3062267837539;133,120809752715;0,967741935483871;1
856;59,3770965131818;51,7848154426768;0,967741935483871;1
857;60,5995923190687;54,4081077487549;0,903225806451613;0,935483870967742
858;59,2086150744734;71,2719006316516;0,967741935483871;1
859;64,8969715530187;124,126625385629;0,967741935483871;1
860;60,8047834410096;71,1298767239621;0,967741935483871;1
861;59,8977961182716;77,4538267628887;0,967741935483871;1
862;61,3243257993254;68,5186013767098;0,967741935483871;1
863;60,3161499636284;59,8028775909299;0,967741935483871;1
864;61,8513959098022;71,5992172333265;0,967741935483871;1
865;65,01258504341;92,1401985464936;0,967741935483871;1
866;62,9879187347641;92,8134950691007;0,967741935483871;1
867;60,3690110183444;68,5160088861768;0,967741935483871;1
868;62,6968161928432;91,2518434978851;0,967741935483871;1
869;62,0528689564948;76,9211465784726;0,967741935483871;1
870;60,1942102107652;74,8577352208588;0,967741935483871;1
871;65,2535623514389;122,154811114849;0,967741935483871;1
872;58,3776367538128;70,8566438713446;0,967741935483871;1
873;59,3850107028495;60,4402720914475;0,967741935483871;1
874;65,554821679071;101,613133769119;0,967741935483871;1
875;66,4560555683012;104,95183819354;0,967741935483871;1
876;60,3219633929452;81,3659206243159;0,967741935483871;1
877;62,5532142321656;91,9141318623691;0,967741935483871;1
878;62,2837899171582;112,189867167441;0,967741935483871;1
879;59,0684852741333;74,387391581269;0,967741935483871;1
880;56,13796423663;62,881885906827;0,967741935483871;1
881;62,7656720354177;94,5426565264698;0,967741935483871;1
882;59,8412222612079;106,043733253884;0,967741935483871;1
883;61,2394768582889;84,7676179710144;0,967741935483871;1
884;59,7034291779935;57,4687227312924;0,967741935483871;1
885;59,3017912561505;66,3016252905047;0,967741935483871;1
886;58,7459430948709;64,8289349705361;0,967741935483871;1
887;58,7327591649206;71,3057555490346;0,967741935483871;1
888;59,6604549876379;89,9086432774349;0,967741935483871;1
889;63,1001633569841;82,6944870029432;0,967741935483871;1
890;59,5065516627489;89,6192693719578;0,967741935483871;1
891;60,8813371084167;84,7131629803999;0,967741935483871;1
892;57,2696913406403;48,8586557126814;0,967741935483871;1
893;59,8238977396787;87,8425863652798;0,967741935483871;1
894;60,5739465503943;71,2028025111618;0,967741935483871;1
895;57,642680594492;90,8258919191586;0,967741935483871;1
896;64,9034285022268;110,739487621264;0,967741935483871;1
897;64,7122811636273;83,0302265013981;0,967741935483871;1
898;67,0094321843812;141,814569754539;0,967741935483871;1
899;62,8453713709696;119,613065208446;0,967741935483871;1
900;65,4118271480149;94,8904350971779;0,967741935483871;1
901;62,6367749688912;97,639731607144;0,967741935483871;1
902;58,4284130898551;67,9999892140173;0,967741935483871;1
903;60,1301641298863;81,9569088209711;0,967741935483871;1
904;60,7756422116149;97,6438825175686;0,967741935483871;1
905;59,428324651759;60,518423261376;0,967741935483871;1
906;64,2175484073697;112,077919285088;0,967741935483871;1
907;59,5016227361015;63,8919440986262;0,967741935483871;1
908;65,9536116974223;110,541798549444;0,967741935483871;1
909;61,690672200705;97,521422635302;0,903225806451613;0,935483870967742
910;61,0551185119526;83,3274947023941;0,967741935483871;1
911;60,1987859455081;76,7336993022257;0,967741935483871;1
912;63,2920074070781;74,532431209596;0,967741935483871;1
913;60,2268564810813;70,902954244322;0,967741935483871;1
914;62,4837790590694;83,1066970321719;0,967741935483871;1
915;58,1776062853049;47,8593407738022;0,967741935483871;1
916;58,0678819873146;80,7124354612046;0,967741935483871;1
917;63,0428551824689;101,632869200715;0,967741935483871;1
918;64,1728001122636;71,4835936898398;0,967741935483871;1
919;61,4471864398038;98,8849462175798;0,967741935483871;1
920;62,6696917618384;75,30317957227;0,967741935483871;1
921;60,2031684173283;65,7356130870833;0,903225806451613;0,935483870967742
922;57,5372483053707;75,1131355092835;0,967741935483871;1
923;64,2333229041597;96,915510795268;0,903225806451613;0,935483870967742
924;60,3463107268176;66,932669137788;0,967741935483871;1
925;62,694837813108;85,4743946517615;0,967741935483871;1
926;58,3101186607454;75,9614028990567;0,967741935483871;1
927;66,4028818316321;113,540106908999;0,967741935483871;1
928;60,5356560739145;95,2102212476767;0,967741935483871;1
929;58,6441070453535;60,8021372218194;0,967741935483871;1
930;59,1334278499825;66,0175760455178;0,967741935483871;1
931;65,0987461529117;96,6887508429328;0,967741935483871;1
932;63,3658899744467;82,1549375733899;0,967741935483871;1
933;60,957456974321;84,1754612278428;0,967741935483871;1
934;59,9768753508887;77,6004998854336;0,967741935483871;1
935;63,1063805609801;107,556413279585;0,967741935483871;1
936;65,2212607303133;94,4157728554677;0,967741935483871;1
937;61,2073410102452;81,0216014224023;0,967741935483871;1
938;64,0158158479997;108,863164052606;0,967741935483871;1
939;60,5337666903956;56,4135461032157;0,967741935483871;1
940;59,5730624129244;82,8875521418871;0,967741935483871;1
941;57,0145201320693;57,2593042623429;0,967741935483871;1
942;61,3068062563954;83,9408101108169;0,967741935483871;1
943;61,2071322659848;95,7988855726518;0,967741935483871;1
944;58,6103668634744;65,5027125789679;0,967741935483871;1
945;63,2094005864536;103,947724962988;0,967741935483871;1
946;59,1895261951807;88,0381480077586;0,967741935483871;1
947;60,1482211552837;92,0737849118221;0,967741935483871;1
948;64,8347232122061;84,4418328931501;0,967741935483871;1
949;60,4642434665128;62,2953600534266;0,967741935483871;1
950;64,2246414489612;101,545869114807;0,967741935483871;1
951;60,030431423604;91,2187866591268;0,967741935483871;1
952;60,7253361240507;104,774401861002;0,967741935483871;1
953;61,9107446036516;81,8396462835373;0,967741935483871;1
954;61,3703079115448;72,9675460012605;0,967741935483871;1
955;64,7379969016458;112,825304107344;0,967741935483871;1
956;61,5681531092215;92,9205661454841;0,967741935483871;1
957;63,2050485922413;75,8418191929736;0,967741935483871;1
958;65,1911944844045;94,6899606984521;0,967741935483871;1
959;63,304448331869;78,4451254457126;0,967741935483871;1
960;58,9818105800796;106,685811206741;0,967741935483871;1
961;63,4293370269921;87,3284215001406;0,967741935483871;1
962;64,7555834237038;120,922623215439;0,967741935483871;1
963;62,2416386580122;86,1764885933745;0,967741935483871;1
964;64,4514212510316;92,8238825949315;0,967741935483871;1
965;61,6370663950988;105,323116980626;0,967741935483871;1
966;62,9120360650876;107,291621994299;0,967741935483871;1
967;62,3274762973958;90,2973493504657;0,967741935483871;1
968;62,4191712952579;102,355101909259;0,967741935483871;1
969;58,7422025294921;66,7266752524585;0,967741935483871;1
970;56,4301227658097;44,9034216802059;0,967741935483871;1
971;59,7193498442827;80,8710558561868;0,967741935483871;1
972;58,3656462432381;63,172602182273;0,967741935483871;1
973;57,9947311059058;49,8939784912511;0,967741935483871;1
974;64,9962288949909;97,6087464465504;0,967741935483871;1
975;63,4228740199695;86,790772396584;0,967741935483871;1
976;65,2296584051804;103,359783747343;0,967741935483871;1
977;63,1614935182196;86,7682370144312;0,967741935483871;1
978;60,0610810358257;73,7753213646565;0,967741935483871;1
979;57,5792146419339;53,6676178154943;0,967741935483871;1
980;60,7032517189245;104,472320600038;0,967741935483871;1
981;62,1045274628584;87,2608848772903;0,967741935483871;1
982;65,6360461441832;87,6805931585446;0,967741935483871;1
983;60,9624657269246;71,3053247810831;0,967741935483871;1
984;62,3522237186666;77,0735780560914;0,967741935483871;1
985;60,5432966739148;56,5343224270436;0,967741935483871;1
986;59,4802543853099;74,4306119030472;0,967741935483871;1
987;58,7946740899061;44,2592830233575;0,967741935483871;1
988;61,4345699869125;81,3428112372969;0,967741935483871;1
989;57,9904306112753;77,6506840945917;0,967741935483871;1
990;63,6474668510626;99,5907972373173;0,967741935483871;1
991;58,5949617543191;68,199338787175;0,967741935483871;1
992;57,8857117719703;56,4675671317386;0,967741935483871;1
993;63,3084302223187;90,4318870939118;0,967741935483871;1
994;59,1321018202324;54,5247819557928;0,967741935483871;1
995;62,2570369235583;91,817384674794;0,967741935483871;1
996;59,7147862444993;60,808734906151;0,967741935483871;1
997;62,640480215271;81,6024396146467;0,967741935483871;1
998;59,2004851486728;82,2188397179278;0,967741935483871;1
999;66,8072900702973;143,526144404379;0,967741935483871;1
