0;185,504040722045;215,814499132757;0,98019801980198;0,99009900990099
1;185,700096522118;179,232320702046;0,98019801980198;1
2;186,499781416705;154,752029603718;0,98019801980198;1
3;188,128213489857;255,577425376877;0,98019801980198;0,99009900990099
4;184,92570978607;244,924039958952;0,98019801980198;1
5;186,87422154119;230,995552419005;0,98019801980198;0,99009900990099
6;185,384771070629;242,708489191984;0,98019801980198;1
7;191,552919650259;284,557072638891;0,98019801980198;0,99009900990099
8;188,778066459167;171,009122672437;0,98019801980198;1
9;191,503712029407;219,356974778386;0,98019801980198;0,99009900990099
10;190,027628176031;277,336903898527;0,98019801980198;0,99009900990099
11;187,994530789909;140,627506992812;0,98019801980198;0,99009900990099
12;186,16325530265;241,95718448045;0,98019801980198;0,99009900990099
13;188,053534956506;256,108029710931;0,98019801980198;1
14;188,503158704401;173,825377873901;0,98019801980198;0,99009900990099
15;189,781742109489;339,714305780813;0,98019801980198;0,99009900990099
16;187,468835782108;161,923786182903;0,98019801980198;0,99009900990099
17;186,041398330188;178,967774127603;0,98019801980198;0,99009900990099
18;185,327983469978;216,126024947809;0,98019801980198;0,99009900990099
19;187,975973600005;212,328991247662;0,98019801980198;0,99009900990099
20;185,508537342601;250,698324993333;0,98019801980198;0,99009900990099
21;185,80002474504;195,282893477193;0,98019801980198;0,99009900990099
22;187,054419142521;220,547941657495;0,98019801980198;0,99009900990099
23;185,214131651779;172,000934167607;0,98019801980198;1
24;185,257734558955;229,437426419366;0,98019801980198;1
25;185,996822869095;264,566456949301;0,98019801980198;1
26;193,572996463311;197,849372104016;0,98019801980198;0,99009900990099
27;185,805678810618;288,521496202455;0,98019801980198;0,99009900990099
28;191,414238358453;225,503421825547;0,98019801980198;0,99009900990099
29;189,169266642433;238,727849135152;0,98019801980198;1
30;187,151054720262;176,020275970848;0,98019801980198;1
31;189,644301612084;181,368416089456;0,98019801980198;1
32;183,85108327802;224,542520135289;0,98019801980198;1
33;185,581362850461;198,051286449041;0,98019801980198;0,99009900990099
34;189,481761331493;333,820899414579;0,98019801980198;0,99009900990099
35;187,625718310858;261,077606081829;0,98019801980198;1
36;184,45771764354;223,115944258324;0,98019801980198;1
37;185,694685955786;214,54063297617;0,98019801980198;1
38;192,486948309447;254,423858970471;0,98019801980198;0,99009900990099
39;185,251415524362;175,007751798175;0,98019801980198;0,99009900990099
40;186,084096360414;281,568792720543;0,98019801980198;0,99009900990099
41;187,926800587278;204,901320997196;0,98019801980198;0,99009900990099
42;187,08171495554;220,186390667937;0,98019801980198;1
43;188,967035182114;167,977720054832;0,98019801980198;0,99009900990099
44;184,458314400685;196,780628314192;0,98019801980198;0,99009900990099
45;185,257481450317;160,580388277139;0,98019801980198;1
46;192,100351751756;277,033089993417;0,98019801980198;1
47;193,956845295344;256,672330134162;0,98019801980198;0,99009900990099
48;189,612913775244;204,542951945681;0,98019801980198;0,99009900990099
49;189,381119569352;193,633331235428;0,98019801980198;0,99009900990099
50;186,145680904351;216,940080713737;0,98019801980198;1
51;189,390474472033;184,591001905821;0,98019801980198;1
52;187,885185630702;145,89394623626;0,98019801980198;1
53;188,904092859255;198,571209099278;0,98019801980198;0,99009900990099
54;191,006664954601;208,108147759847;0,98019801980198;1
55;184,218396181435;214,883110507019;0,98019801980198;0,99009900990099
56;188,180133937768;274,110011736384;0,98019801980198;0,99009900990099
57;184,208609287022;154,777223995872;0,98019801980198;1
58;190,402125421814;263,369476549999;0,98019801980198;0,99009900990099
59;188,032173034926;158,356947705297;0,98019801980198;1
60;189,797128295067;295,284586895961;0,98019801980198;1
61;186,831409983698;223,291911819527;0,98019801980198;1
62;183,919965631563;174,186127298087;0,98019801980198;0,99009900990099
63;189,061944730537;239,395986131934;0,98019801980198;0,99009900990099
64;190,536385315547;240,052520036303;0,98019801980198;0,99009900990099
65;186,076231505065;163,665624413394;0,98019801980198;0,99009900990099
66;189,938768196945;236,208919220999;0,98019801980198;1
67;186,911635552023;181,468516017601;0,98019801980198;1
68;185,719366339839;196,478748314992;0,98019801980198;0,99009900990099
69;187,090421224635;186,296217969349;0,98019801980198;0,99009900990099
70;187,5459327167;171,235727040872;0,98019801980198;0,99009900990099
71;185,397105739124;156,316812876484;0,98019801980198;0,99009900990099
72;189,623680641266;209,303689817124;0,98019801980198;1
73;186,28281517672;220,03208388386;0,98019801980198;1
74;184,851111452789;165,543952778618;0,98019801980198;0,99009900990099
75;186,659222435716;191,401574802662;0,98019801980198;1
76;195,497363614014;263,213487433943;0,98019801980198;0,99009900990099
77;185,507805263735;163,772426009776;0,98019801980198;1
78;188,161628617356;277,096553611525;0,98019801980198;1
79;187,932485625886;205,430641905357;0,98019801980198;0,99009900990099
80;190,601661031339;216,806183083835;0,98019801980198;0,99009900990099
81;186,839042224391;196,11638996007;0,98019801980198;1
82;191,717123587879;253,858669739529;0,98019801980198;1
83;186,644683864452;220,527142164057;0,98019801980198;0,99009900990099
84;185,5963013595;187,884391219021;0,98019801980198;1
85;185,572177950151;166,678518947934;0,98019801980198;1
86;185,943616711181;240,710094060062;0,98019801980198;0,99009900990099
87;188,023070711513;286,270963364734;0,98019801980198;0,99009900990099
88;186,61294356645;184,191037055878;0,98019801980198;1
89;187,645205099841;208,09557752131;0,98019801980198;0,99009900990099
90;188,742648709661;239,522447397751;0,98019801980198;0,99009900990099
91;188,539162373323;197,165264422467;0,98019801980198;0,99009900990099
92;188,951335094645;236,406479295133;0,98019801980198;0,99009900990099
93;185,662314648417;175,486186649963;0,98019801980198;0,99009900990099
94;184;117,97886123197;0,544554455445545;0,564356435643564
95;189,398167061229;223,759763791095;0,98019801980198;0,99009900990099
96;186,027153365653;171,056572089624;0,98019801980198;1
97;187,119094050382;235,212354647431;0,98019801980198;1
98;186,743255649464;164,417034121979;0,98019801980198;0,99009900990099
99;187,041047809861;168,794494727212;0,98019801980198;0,99009900990099
100;184;142,619055678096;0,544554455445545;0,554455445544555
101;190,049418089731;228,82321960346;0,98019801980198;1
102;183,646566460773;171,03551366747;0,98019801980198;0,99009900990099
103;185,954932049643;189,886398196209;0,98019801980198;1
104;187,311008777871;177,708406614049;0,98019801980198;1
105;188,63764798087;188,097968969793;0,98019801980198;0,99009900990099
106;190,055862789495;213,52125901387;0,98019801980198;1
107;186,570422969047;225,787968276892;0,98019801980198;1
108;190,201071475702;224,238822414662;0,98019801980198;0,99009900990099
109;186,952100234966;201,116673000596;0,98019801980198;1
110;184,903199137084;207,071081759355;0,98019801980198;0,99009900990099
111;185,9668751626;222,018405692683;0,98019801980198;1
112;185,032351147856;157,372874179702;0,98019801980198;0,99009900990099
113;184,619453049933;201,79761840015;0,98019801980198;1
114;183,824121326229;185,319715578838;0,98019801980198;0,99009900990099
115;187,763405048264;221,946304503597;0,98019801980198;0,99009900990099
116;184,654078218109;168,259221219947;0,98019801980198;1
117;186,764547007092;215,186824995703;0,98019801980198;0,99009900990099
118;185,672220160727;178,773939882354;0,98019801980198;0,99009900990099
119;186,242007515722;240,719789418692;0,98019801980198;1
120;191,219491108996;308,568060052677;0,98019801980198;0,99009900990099
121;190,744324107721;286,268361164397;0,98019801980198;0,99009900990099
122;186,555920617242;284,013557473699;0,98019801980198;1
123;185,878462103039;142,854096698222;0,98019801980198;1
124;191,511299547532;256,139073820277;0,98019801980198;1
125;185,775195350043;186,625147570249;0,98019801980198;0,99009900990099
126;185,09117455519;196,062478707876;0,98019801980198;1
127;189,826180855133;197,398236315864;0,98019801980198;1
128;189,662342707308;140,359379315933;0,98019801980198;0,99009900990099
129;193,443319353426;322,695524224444;0,98019801980198;1
130;189,564174917988;175,397094082921;0,98019801980198;1
131;191,46220087006;286,784445167696;0,98019801980198;0,99009900990099
132;185,269233466123;216,864095502216;0,98019801980198;1
133;192,310576659845;256,934584664753;0,98019801980198;1
134;189,515255580691;227,426709554404;0,98019801980198;0,99009900990099
135;184,559980531514;183,643497287205;0,98019801980198;1
136;188,177052630126;181,972398048487;0,98019801980198;1
137;191,460917040444;216,775499567472;0,98019801980198;0,99009900990099
138;185,930252693281;180,324073115119;0,98019801980198;1
139;187,085699482445;176,193607105696;0,98019801980198;0,99009900990099
140;184,911442416059;194,253146055968;0,98019801980198;0,99009900990099
141;185,618236768538;147,763272589872;0,98019801980198;0,99009900990099
142;194,631377856121;250,920649298863;0,98019801980198;1
143;186,460141779678;170,324902063151;0,98019801980198;0,99009900990099
144;183,036881140108;149,036341547426;0,98019801980198;1
145;187,502334279755;242,62999594108;0,98019801980198;1
146;184,347180071905;142,64763139694;0,98019801980198;0,99009900990099
147;184,368295545627;167,260763177884;0,98019801980198;0,99009900990099
148;187,893762984482;172,420310334926;0,98019801980198;0,99009900990099
149;186,695241011236;207,718675329378;0,98019801980198;1
150;184,632822656393;157,660441897362;0,98019801980198;1
151;188,105756771972;269,111666221416;0,98019801980198;1
152;195,572496605703;253,921996110235;0,98019801980198;1
153;185,397015011641;192,140411902612;0,98019801980198;0,99009900990099
154;189,681384921666;226,587980399061;0,98019801980198;1
155;183,7338383953;181,628785273829;0,98019801980198;1
156;187,67282938221;202,841215189469;0,98019801980198;0,99009900990099
157;187,845185143746;148,648082173699;0,98019801980198;1
158;187,407461654395;226,693343493289;0,98019801980198;1
159;184,138445096173;159,652575200355;0,98019801980198;0,99009900990099
160;189,728946231034;205,738222701877;0,98019801980198;0,99009900990099
161;194,733994430104;234,018440098204;0,98019801980198;1
162;188,340181474448;223,666359025552;0,98019801980198;0,99009900990099
163;188,194314531596;228,410119305613;0,98019801980198;1
164;189,404039547903;337,396547846505;0,98019801980198;1
165;184,875805002846;163,183362560849;0,98019801980198;0,99009900990099
166;188,651254176796;312,963102234139;0,98019801980198;1
167;187,101886467968;174,63800153548;0,98019801980198;0,99009900990099
168;191,952709919291;255,090329083589;0,98019801980198;0,99009900990099
169;192,075266366906;223,043077039258;0,98019801980198;1
170;186,110687526645;168,549154814096;0,98019801980198;1
171;184,913864762978;159,703231673222;0,98019801980198;1
172;190,452486340473;185,629892452362;0,98019801980198;1
173;183,822780905667;151,304495982243;0,98019801980198;0,99009900990099
174;188,802365801544;355,46634063311;0,98019801980198;1
175;185,330786326415;158,635937783935;0,98019801980198;1
176;189,215969700351;246,807632169839;0,98019801980198;1
177;184,791586041532;203,897410274639;0,98019801980198;0,99009900990099
178;190,335358931032;187,828332013173;0,98019801980198;1
179;185,040169633646;152,410297536562;0,98019801980198;0,99009900990099
180;195,83678072141;309,293488887952;0,98019801980198;0,99009900990099
181;187,515742146142;264,324599767483;0,98019801980198;0,99009900990099
182;197,732964530764;384,042152397065;0,98019801980198;1
183;189,626518448904;195,787750226202;0,98019801980198;0,99009900990099
184;188,174417745154;206,176804241433;0,98019801980198;0,99009900990099
185;191,894194563572;295,41029705241;0,98019801980198;0,99009900990099
186;188,610037090455;190,676971509261;0,98019801980198;1
187;190,852725056956;231,929300871455;0,98019801980198;0,99009900990099
188;184;160,196899184277;0,544554455445545;0,564356435643564
189;183,587617455461;194,459425287651;0,98019801980198;0,99009900990099
190;185,087553604828;166,176554722947;0,98019801980198;0,99009900990099
191;186,05387981096;151,140315159128;0,98019801980198;1
192;186,626238746325;182,544264522713;0,98019801980198;0,99009900990099
193;189,026073481509;242,913443551904;0,98019801980198;0,99009900990099
194;185,012128380921;185,778663982264;0,98019801980198;1
195;186,285658857832;224,100541857541;0,98019801980198;0,99009900990099
196;190,060916091068;202,117082648616;0,98019801980198;0,99009900990099
197;183,208733733978;232,163879207993;0,98019801980198;0,99009900990099
198;188,848331943135;325,747649707956;0,98019801980198;1
199;185,503693374111;225,569361906521;0,98019801980198;1
200;188,647861576431;178,92175531066;0,98019801980198;1
201;184,656532980043;162,505525379945;0,98019801980198;1
202;185,512314045447;167,133445507073;0,98019801980198;1
203;185,869160618672;236,612284151015;0,98019801980198;0,99009900990099
204;189,160567149662;202,528693902484;0,98019801980198;1
205;189,467149146215;225,748472352863;0,98019801980198;1
206;186,457306467655;292,152309403764;0,98019801980198;1
207;188,239205789126;157,632472752373;0,98019801980198;0,99009900990099
208;184,849896464771;140,991012080325;0,98019801980198;1
209;188,517392423617;225,815976098268;0,98019801980198;1
210;186,903479455099;220,399746959785;0,98019801980198;0,99009900990099
211;190,277309710484;314,896810011028;0,98019801980198;0,99009900990099
212;185,430407084632;185,10398138018;0,98019801980198;0,99009900990099
213;186,167070698432;243,767883065368;0,98019801980198;1
214;187,315641292162;199,557705902277;0,98019801980198;1
215;185,532887975224;171,505989022156;0,98019801980198;0,99009900990099
216;190,011867724879;154,203182484347;0,98019801980198;0,99009900990099
217;184,338131219681;268,791544555168;0,98019801980198;1
218;186,63239230815;221,520798034191;0,98019801980198;1
219;188,749161424521;248,58723908975;0,98019801980198;1
220;188,966921518196;147,748550465701;0,98019801980198;1
221;190,074685678746;233,39293186753;0,98019801980198;0,99009900990099
222;190,38151740846;271,995331452087;0,98019801980198;1
223;192,444530871168;207,017306883972;0,98019801980198;1
224;185,484486822465;169,149257420668;0,98019801980198;1
225;187,763585905548;174,534434751465;0,98019801980198;0,99009900990099
226;187,259211472706;162,410349504396;0,98019801980198;0,99009900990099
227;187,055542267878;239,466982118888;0,98019801980198;1
228;185,364250852881;244,160161384907;0,98019801980198;0,99009900990099
229;187,840176180428;187,647007115536;0,98019801980198;1
230;186,355836307451;175,964335379303;0,98019801980198;1
231;184,895380735872;199,765615888756;0,98019801980198;1
232;188,639434059951;214,855687386595;0,98019801980198;1
233;187,136760393645;272,792911472263;0,98019801980198;1
234;186,362766122345;165,17455762964;0,98019801980198;0,99009900990099
235;188,153728192562;237,68318671088;0,98019801980198;1
236;190,288621977621;254,494889028128;0,98019801980198;0,99009900990099
237;190,415511450984;183,728230071268;0,98019801980198;1
238;184,475032714804;173,408234069375;0,98019801980198;0,99009900990099
239;185,478469104125;166,638252323036;0,98019801980198;1
240;193,155496086636;232,511339694821;0,98019801980198;1
241;195,665934940016;296,847637858188;0,98019801980198;0,99009900990099
242;185,242035683971;156,212971092507;0,98019801980198;0,99009900990099
243;188,30540977211;256,991266055486;0,98019801980198;1
244;185,630647225129;148,045940767292;0,98019801980198;1
245;190,137660748432;281,566458132415;0,98019801980198;1
246;185,787403777224;171,708637181826;0,98019801980198;0,99009900990099
247;184,621841274874;199,117618772892;0,98019801980198;0,99009900990099
248;190,786184657275;258,891566384782;0,98019801980198;0,99009900990099
249;185,978177587171;237,740626912526;0,98019801980198;1
250;187,674810904391;283,952809953056;0,98019801980198;0,99009900990099
251;185,948962106293;183,183577963581;0,98019801980198;0,99009900990099
252;183,872974408141;154,876179932953;0,98019801980198;0,99009900990099
253;184,034624700028;169,030553810978;0,98019801980198;0,99009900990099
254;184,739059078396;224,485067719326;0,98019801980198;1
255;185,721224112119;163,215048949772;0,98019801980198;1
256;183,451479820903;232,89578981865;0,98019801980198;1
257;184,467066656697;175,948410307152;0,98019801980198;0,99009900990099
258;184,583044927865;166,149443292796;0,98019801980198;0,99009900990099
259;183,677884636784;186,40364122394;0,98019801980198;1
260;184,310727495751;268,077181298477;0,98019801980198;0,99009900990099
261;183,353828230243;264,869354514663;0,98019801980198;0,99009900990099
262;185,571193009305;149,264290070553;0,98019801980198;1
263;187,102995437116;217,009496409954;0,98019801980198;0,99009900990099
264;186,686235239961;212,474383417177;0,98019801980198;0,99009900990099
265;186,79720715538;140,748179984735;0,98019801980198;0,99009900990099
266;185,287006790502;172,800079373044;0,98019801980198;0,99009900990099
267;185,509014801395;214,919125335796;0,98019801980198;0,99009900990099
268;184,307277871527;167,450929013242;0,98019801980198;1
269;188,785378230996;238,162542455739;0,98019801980198;1
270;184,380812833873;168,909374552875;0,98019801980198;0,99009900990099
271;190,859018986664;244,605974329026;0,98019801980198;0,99009900990099
272;187,927153661638;216,165435794803;0,98019801980198;1
273;188,35985468403;263,14110580215;0,98019801980198;0,99009900990099
274;188,392147098289;307,480041123398;0,98019801980198;1
275;186,447825679377;288,461686199469;0,98019801980198;0,99009900990099
276;185,709804762395;210,271548768558;0,98019801980198;1
277;188,843419584463;201,407784920451;0,98019801980198;1
278;185,484878979222;205,306447500973;0,98019801980198;0,99009900990099
279;187,279546056812;239,38324640094;0,98019801980198;1
280;188,47632749165;249,787365946248;0,98019801980198;0,99009900990099
281;187,877830880594;159,898214781622;0,98019801980198;0,99009900990099
282;192,089574154691;248,951227404657;0,98019801980198;0,99009900990099
283;184,754568624051;146,246758347246;0,98019801980198;0,99009900990099
284;193,579996191628;220,670479728211;0,98019801980198;0,99009900990099
285;186,639576285763;156,063638245826;0,98019801980198;0,99009900990099
286;185,014870897146;124,2289623356;0,98019801980198;0,99009900990099
287;185,500466102893;221,907006125307;0,98019801980198;1
288;184,631319470944;199,939781433378;0,98019801980198;0,99009900990099
289;191,047678144997;309,239857786735;0,98019801980198;1
290;185,233398279465;162,543177193596;0,98019801980198;1
291;184,669905296175;152,878382623265;0,98019801980198;1
292;188,907360421695;310,050950801327;0,98019801980198;1
293;189,923300480926;250,712485723312;0,98019801980198;0,99009900990099
294;187,116668992834;181,057598493942;0,98019801980198;1
295;188,406283555239;164,01041200706;0,98019801980198;1
296;184,925258918116;194,542271733218;0,98019801980198;0,99009900990099
297;186,524700193332;174,055267335293;0,98019801980198;1
298;186,023215514185;232,830266712796;0,98019801980198;1
299;190,091359378389;269,509506104052;0,98019801980198;1
300;187,801211167268;168,742328364975;0,98019801980198;0,99009900990099
301;185,911476720498;215,268715325843;0,98019801980198;0,99009900990099
302;184,959395536946;191,910402076443;0,98019801980198;0,99009900990099
303;183,72691650776;193,496491377724;0,98019801980198;1
304;189,581856179079;196,131838037259;0,98019801980198;1
305;185,387909253749;159,333125521649;0,98019801980198;0,99009900990099
306;193,612602786577;234,513159266846;0,98019801980198;0,99009900990099
307;184,332618087415;216,170660569154;0,98019801980198;1
308;191,268623293242;185,716218379119;0,98019801980198;1
309;187,140353837826;178,948005086504;0,98019801980198;0,99009900990099
310;186,37829554471;246,143850080332;0,98019801980198;1
311;190,134696489011;187,526591608056;0,98019801980198;0,99009900990099
312;189,322554690038;242,139036099988;0,98019801980198;0,99009900990099
313;186,842653689462;158,85481494376;0,98019801980198;0,99009900990099
314;189,931834847577;170,135340278948;0,98019801980198;0,99009900990099
315;189,392062085376;189,324361961835;0,98019801980198;1
316;185,689507249381;221,791275911279;0,98019801980198;0,99009900990099
317;184,637262973789;165,646873025439;0,98019801980198;1
318;190,383122775673;237,855425854421;0,98019801980198;0,99009900990099
319;185,999219492868;174,717127758143;0,98019801980198;0,99009900990099
320;186,9036321422;213,229297653187;0,98019801980198;0,99009900990099
321;188,590150141619;161,461992287317;0,98019801980198;1
322;186,332241696546;149,176209608952;0,98019801980198;1
323;185,957027671966;189,518082655221;0,98019801980198;1
324;188,192248547408;183,975323514293;0,98019801980198;1
325;186,219617193883;176,011934685669;0,98019801980198;1
326;190,801118110596;239,698016410656;0,98019801980198;1
327;189,790536371844;238,009090167855;0,98019801980198;1
328;186,292998359208;161,45869500447;0,98019801980198;1
329;184;125,719039984977;0,544554455445545;0,554455445544555
330;183,475414055001;157,502754976672;0,98019801980198;1
331;185,222352974066;175,632584628311;0,98019801980198;0,99009900990099
332;185,350293413757;192,395555581473;0,98019801980198;0,99009900990099
333;183,978285293271;178,433700848945;0,98019801980198;1
334;189,149286721432;227,267446360869;0,98019801980198;0,99009900990099
335;186,158135126437;250,422851553866;0,98019801980198;0,99009900990099
336;187,266342566799;223,061974845707;0,98019801980198;1
337;184,459844903782;154,572824342065;0,98019801980198;1
338;189,924865000048;258,117362189059;0,98019801980198;0,99009900990099
339;184,279054009646;271,518849586899;0,98019801980198;1
340;185,651902299355;168,494366815167;0,98019801980198;0,99009900990099
341;183,318707313702;180,48351338625;0,98019801980198;1
342;186,314263740995;167,273039455625;0,98019801980198;1
343;191,510750839262;289,746512657795;0,98019801980198;0,99009900990099
344;187,740716815084;255,296953830592;0,98019801980198;0,99009900990099
345;190,683680839536;296,649695791934;0,98019801980198;0,99009900990099
346;187,66317787627;191,397013915356;0,98019801980198;1
347;184;158,398623102047;0,643564356435644;0,653465346534653
348;183,254320553192;192,731440668679;0,98019801980198;1
349;187,508673324475;186,751482861076;0,98019801980198;1
350;194,303808065681;289,292198885457;0,98019801980198;0,99009900990099
351;192,83814012074;237,54470222602;0,98019801980198;1
352;191,17781106014;243,329666181289;0,98019801980198;1
353;184,492295897978;125,359014119102;0,98019801980198;1
354;189,539839879658;269,994121076348;0,98019801980198;0,99009900990099
355;186,145559046675;165,961222746454;0,98019801980198;1
356;184,484107691384;318,222529627069;0,98019801980198;1
357;184,430543420645;188,036916426563;0,98019801980198;0,99009900990099
358;190,370515386801;238,005812455828;0,98019801980198;0,99009900990099
359;184;138,021818330037;0,544554455445545;0,564356435643564
360;184,920861608316;196,423414605674;0,98019801980198;1
361;189,829229741782;215,80480927536;0,98019801980198;0,99009900990099
362;190,619608472371;177,772677866633;0,98019801980198;0,99009900990099
363;191,530914113382;252,45489872843;0,98019801980198;1
364;184,757369233108;186,385250949903;0,98019801980198;0,99009900990099
365;185,960053909454;176,258446063089;0,98019801980198;0,99009900990099
366;185,314379197623;211,397422090677;0,98019801980198;0,99009900990099
367;189,353555864825;132,344368324517;0,98019801980198;1
368;186,407409473669;164,308364117312;0,98019801980198;0,99009900990099
369;194,105046686397;338,933725979752;0,98019801980198;0,99009900990099
370;186,976599938946;147,314754813277;0,98019801980198;1
371;188,322068537168;220,315057758504;0,98019801980198;0,99009900990099
372;184,934109175962;178,981061089942;0,98019801980198;1
373;185,587388218035;285,298892800661;0,98019801980198;0,99009900990099
374;184,930621969339;178,026186140575;0,98019801980198;1
375;188,95899291308;262,525281524996;0,98019801980198;0,99009900990099
376;187,539709162405;182,545797955256;0,98019801980198;1
377;185,511635595378;193,542447945998;0,98019801980198;0,99009900990099
378;193,006625251196;335,810916055497;0,98019801980198;0,99009900990099
379;193,932997295916;375,735077029661;0,98019801980198;1
380;186,982746786739;228,356412706799;0,98019801980198;1
381;189,402338028124;196,931374852365;0,98019801980198;0,99009900990099
382;187,068432678994;250,425733893527;0,98019801980198;0,99009900990099
383;186,419725087193;158,509454563077;0,98019801980198;0,99009900990099
384;189,230053923617;230,163379021757;0,98019801980198;1
385;185,386735310086;223,453923478406;0,98019801980198;1
386;187,513345216411;182,914025030261;0,98019801980198;1
387;184,611309395457;263,149876216233;0,98019801980198;1
388;188,380052582316;170,195643014066;0,98019801980198;0,99009900990099
389;192,135817830171;261,732771915934;0,98019801980198;0,99009900990099
390;187,707137084272;165,883269477075;0,98019801980198;0,99009900990099
391;191,459575773055;196,580254843446;0,98019801980198;1
392;190,456573630175;347,072545983735;0,98019801980198;0,99009900990099
393;186,207613823616;233,4163453235;0,98019801980198;0,99009900990099
394;192,977567604034;223,40175680326;0,98019801980198;0,99009900990099
395;186,977574346391;157,009053204546;0,98019801980198;1
396;186,479587841078;226,695846858552;0,98019801980198;0,99009900990099
397;189,679941972154;353,61058266975;0,98019801980198;0,99009900990099
398;190,222916558499;308,298751424583;0,98019801980198;1
399;182,207519362459;280,816683909114;0,98019801980198;0,99009900990099
400;185,195407874198;146,471290474782;0,98019801980198;0,99009900990099
401;185,904080827189;246,256140747402;0,98019801980198;0,99009900990099
402;184,099647802248;167,337934852561;0,98019801980198;0,99009900990099
403;190,916689898324;343,089607047253;0,98019801980198;0,99009900990099
404;185,741287890778;185,428796126303;0,98019801980198;1
405;187,551642214745;255,663602969592;0,98019801980198;1
406;188,967698134042;208,414686839337;0,98019801980198;0,99009900990099
407;193,276476487842;209,312581374078;0,98019801980198;0,99009900990099
408;186,698015924434;233,021684255507;0,98019801980198;1
409;187,8100730075;205,173101701401;0,98019801980198;0,99009900990099
410;195,256212757412;238,301994258804;0,98019801980198;0,99009900990099
411;190,711673739549;205,221368319128;0,98019801980198;1
412;183,978747433709;175,998942850456;0,98019801980198;1
413;186,990537520517;213,812889406975;0,98019801980198;0,99009900990099
414;185,145024231614;205,84099850713;0,98019801980198;1
415;188,969526035876;198,764850839614;0,98019801980198;0,99009900990099
416;189,069563862594;167,080457506699;0,98019801980198;1
417;186,684615582759;185,451693856957;0,98019801980198;0,99009900990099
418;183,716239345145;182,381044182361;0,98019801980198;0,99009900990099
419;187,027972074556;252,319413110345;0,98019801980198;1
420;189,495895346682;204,896789445536;0,98019801980198;1
421;186,174221725741;200,297535726581;0,98019801980198;0,99009900990099
422;185,629789337529;208,970599458947;0,98019801980198;0,99009900990099
423;185,22709017625;206,703455527128;0,98019801980198;1
424;189,683704217216;352,246664858984;0,98019801980198;1
425;195,388281754834;321,807130721702;0,98019801980198;1
426;187,111237616616;170,477074193057;0,98019801980198;0,99009900990099
427;188,069043323328;225,493796552406;0,98019801980198;0,99009900990099
428;187,927089261891;224,165443090046;0,98019801980198;0,99009900990099
429;185,392538768687;184,628165325862;0,98019801980198;0,99009900990099
430;186,919831966786;176,28623168179;0,98019801980198;0,99009900990099
431;185,995191817302;200,763327470863;0,98019801980198;1
432;185,177388553505;178,283554392702;0,98019801980198;0,99009900990099
433;191,566798134044;339,214244522823;0,98019801980198;0,99009900990099
434;185,726909071908;227,801562916429;0,98019801980198;0,99009900990099
435;184,14209911893;173,972446763233;0,98019801980198;0,99009900990099
436;189,633400747533;183,241633588273;0,98019801980198;1
437;187,452791784179;197,157214180894;0,98019801980198;0,99009900990099
438;192,208994122995;258,75983142518;0,98019801980198;1
439;194,041076458358;301,277937193554;0,98019801980198;1
440;186,177970473637;275,788984649789;0,98019801980198;0,99009900990099
441;191,897487957531;205,405131109408;0,98019801980198;0,99009900990099
442;186,82251338737;329,359853342156;0,98019801980198;0,99009900990099
443;182,440741061196;178,299776515305;0,98019801980198;0,99009900990099
444;191,458689637112;264,559703947155;0,98019801980198;0,99009900990099
445;184,666958596979;224,94790334286;0,98019801980198;0,99009900990099
446;185,623533833068;198,001776458338;0,98019801980198;0,99009900990099
447;187,756054514559;239,730591802861;0,98019801980198;1
448;188,630086067249;227,173197303088;0,98019801980198;0,99009900990099
449;184,253266558102;262,09644413977;0,98019801980198;0,99009900990099
450;188,16412615271;195,704487149671;0,98019801980198;1
451;188,234090399806;277,925519945698;0,98019801980198;0,99009900990099
452;188,306934025335;231,231024793561;0,98019801980198;1
453;189,270314671405;251,286081549585;0,98019801980198;0,99009900990099
454;186,476099579304;142,962633550637;0,98019801980198;0,99009900990099
455;188,838868563253;281,004652255081;0,98019801980198;1
456;184,336601011915;208,288749699319;0,98019801980198;0,99009900990099
457;192,39323856136;210,700118900905;0,98019801980198;1
458;186,226162186902;180,535255839172;0,98019801980198;0,99009900990099
459;188,92164952111;221,210225020077;0,98019801980198;1
460;184,615850518974;146,926908132406;0,98019801980198;0,99009900990099
461;184,155747011047;228,19972342763;0,98019801980198;1
462;185,74863596727;159,269919290851;0,98019801980198;1
463;191,446680429181;235,52953432178;0,98019801980198;1
464;186,102192023035;299,129620353792;0,98019801980198;1
465;189,605892149627;350,569633222284;0,98019801980198;1
466;187,661731466853;254,491068269284;0,98019801980198;0,99009900990099
467;188,435950994826;198,671756119202;0,98019801980198;0,99009900990099
468;192,59664912446;259,172304407955;0,98019801980198;0,99009900990099
469;190,865654337692;340,307058643518;0,98019801980198;0,99009900990099
470;194,44562034578;298,102485471654;0,98019801980198;1
471;189,267123479934;227,371064523962;0,98019801980198;1
472;184;161,023481135196;0,544554455445545;0,554455445544555
473;186,843567480402;230,684355050445;0,98019801980198;1
474;187,166553454211;220,970496692381;0,98019801980198;0,99009900990099
475;188,286995663057;231,95312556792;0,98019801980198;0,99009900990099
476;184,349843761032;200,297440145195;0,98019801980198;1
477;190,246835726721;308,319745747861;0,98019801980198;0,99009900990099
478;187,052626463934;163,629369914487;0,98019801980198;0,99009900990099
479;188,297650212791;188,180910046425;0,98019801980198;1
480;192,589230516143;207,207781429885;0,98019801980198;1
481;185,317930502918;215,276584550745;0,98019801980198;0,99009900990099
482;195,203978088843;314,439606905299;0,98019801980198;1
483;184,747079944418;247,319497657377;0,98019801980198;1
484;191,772711683189;321,562147208866;0,98019801980198;1
485;188,682519761339;244,656858385487;0,98019801980198;0,99009900990099
486;190,958347257369;160,95013037563;0,98019801980198;0,99009900990099
487;192,756305172101;283,108752634643;0,98019801980198;0,99009900990099
488;188,398062536586;205,545846842238;0,98019801980198;0,99009900990099
489;189,022548523798;243,166763180176;0,98019801980198;1
490;184,491071283557;230,578002953229;0,98019801980198;1
491;187,246529564435;211,544904059845;0,98019801980198;1
492;185,368684684556;195,878166878401;0,98019801980198;0,99009900990099
493;195,468780313752;359,453121410509;0,98019801980198;1
494;191,047313680117;275,810919018713;0,98019801980198;0,99009900990099
495;186,224689534377;146,321125804873;0,98019801980198;1
496;187,81142080192;234,512528804527;0,98019801980198;1
497;189,504547459326;193,887912380621;0,98019801980198;1
498;186,623177353724;143,705937930011;0,98019801980198;0,99009900990099
499;186,653378060202;149,177974128494;0,98019801980198;0,99009900990099
500;187,084698526566;172,946226835533;0,98019801980198;0,99009900990099
501;185,429342244715;162,932961870965;0,98019801980198;0,99009900990099
502;192,613710317533;265,112567539919;0,98019801980198;0,99009900990099
503;187,338167922973;185,702546002283;0,98019801980198;1
504;196,208629363797;365,293048683902;0,98019801980198;1
505;188,842124799096;195,761586929222;0,98019801980198;0,99009900990099
506;186,121899637107;271,182023375283;0,98019801980198;0,99009900990099
507;189,226677669249;314,013756748211;0,98019801980198;1
508;189,2698287663;235,268709981709;0,98019801980198;0,99009900990099
509;191,832955225101;203,62457332835;0,98019801980198;1
510;185,663781828383;191,477539072256;0,98019801980198;0,99009900990099
511;184,054119094395;253,159620276886;0,98019801980198;0,99009900990099
512;185,382909621769;193,265725608713;0,98019801980198;1
513;187,946360533519;208,509966464161;0,98019801980198;0,99009900990099
514;190,250342515384;219,705887616662;0,98019801980198;1
515;191,002282827486;261,805768671158;0,98019801980198;0,99009900990099
516;187,858376949684;222,390026375758;0,98019801980198;0,99009900990099
517;189,174420604641;259,10987302234;0,98019801980198;0,99009900990099
518;189,842806699267;346,999763566193;0,98019801980198;1
519;186,21469699285;186,63742993135;0,98019801980198;1
520;186,819211893381;188,34225906949;0,98019801980198;1
521;186,017016054951;220,259411718581;0,98019801980198;1
522;185,129104411535;159,393187570675;0,98019801980198;0,99009900990099
523;184,885354365506;222,473284943467;0,98019801980198;1
524;188,280452708991;234,95849786774;0,98019801980198;0,99009900990099
525;192,561321480968;311,181493059012;0,98019801980198;0,99009900990099
526;186,295166771039;163,346810025389;0,98019801980198;0,99009900990099
527;183,819133342049;219,895368020654;0,98019801980198;1
528;191,367768919726;279,156415206902;0,98019801980198;1
529;185,92467309086;169,581293070461;0,98019801980198;1
530;188,707504306549;234,226415168748;0,98019801980198;1
531;186,548320522974;242,421096561434;0,98019801980198;0,99009900990099
532;184,966420272606;150,339670155427;0,98019801980198;0,99009900990099
533;187,116283124059;132,65495462648;0,98019801980198;0,99009900990099
534;185,125420223108;169,567628294616;0,98019801980198;1
535;198,477902014983;349,790106450325;0,98019801980198;1
536;185,421522320767;134,341516618848;0,98019801980198;1
537;185,27015407485;174,037316099143;0,98019801980198;1
538;184,767576919171;173,973536892627;0,98019801980198;0,99009900990099
539;190,540281827208;195,447575615557;0,98019801980198;1
540;185,89608673064;218,393063730395;0,98019801980198;1
541;188,65023093399;262,388475854365;0,98019801980198;0,99009900990099
542;185,916258789942;211,046729062797;0,98019801980198;0,99009900990099
543;186,420254446837;221,245543364794;0,98019801980198;1
544;185,169603981857;158,286954401607;0,98019801980198;0,99009900990099
545;191,366554028209;192,754089943592;0,98019801980198;0,99009900990099
546;192,488418606081;266,452812769076;0,98019801980198;0,99009900990099
547;189,991322237081;200,92880391851;0,98019801980198;0,99009900990099
548;190,579236600483;223,90195977099;0,98019801980198;1
549;186,961957150632;203,76310407873;0,98019801980198;0,99009900990099
550;184,672714878184;187,668609705776;0,98019801980198;0,99009900990099
551;188,064800341078;182,682270567551;0,98019801980198;0,99009900990099
552;184,524428519967;160,446328892742;0,98019801980198;0,99009900990099
553;186,57842061076;127,48156733424;0,98019801980198;0,99009900990099
554;190,958067868373;264,35634231853;0,98019801980198;1
555;185,956054209302;177,690630458459;0,98019801980198;0,99009900990099
556;189,760507827919;214,819954459999;0,98019801980198;1
557;186,009236843799;163,927083150433;0,98019801980198;1
558;186,209737480357;238,599616854957;0,98019801980198;0,99009900990099
559;185,596744614674;230,775049831848;0,98019801980198;1
560;186,003387156689;206,621509940588;0,98019801980198;1
561;188,028578211428;200,284731113047;0,98019801980198;1
562;187,124800556391;146,814526828374;0,98019801980198;0,99009900990099
563;186,322770330298;135,793231423383;0,98019801980198;0,99009900990099
564;189,915974727835;265,25588848265;0,98019801980198;1
565;189,200971580712;212,862728353548;0,98019801980198;0,99009900990099
566;186,688778188721;151,821646510964;0,98019801980198;1
567;189,594093403037;211,243421412651;0,98019801980198;1
568;190,554210812066;382,122032487068;0,98019801980198;1
569;187,870724606349;245,825643606295;0,98019801980198;0,99009900990099
570;185,871223122417;139,095751301997;0,98019801980198;0,99009900990099
571;186,860280206789;188,290074128976;0,98019801980198;0,99009900990099
572;186,710018572411;199,731565270246;0,98019801980198;0,99009900990099
573;186,910887590057;176,841351727354;0,98019801980198;0,99009900990099
574;191,760574410862;223,423690004736;0,98019801980198;0,99009900990099
575;193,296625451585;304,913859105541;0,98019801980198;0,99009900990099
576;192,910485794079;262,123577660844;0,98019801980198;1
577;184,71226914149;165,168357943168;0,98019801980198;0,99009900990099
578;185,160983370541;145,227580061064;0,98019801980198;0,99009900990099
579;189,264872496934;244,401368819274;0,98019801980198;0,99009900990099
580;185,716494689978;124,570783510225;0,98019801980198;1
581;186,520017938201;192,923907951102;0,98019801980198;0,99009900990099
582;187,805276199875;200,011787154063;0,98019801980198;0,99009900990099
583;185,145324488264;191,660902427302;0,98019801980198;1
584;184,617423144654;190,550668859688;0,98019801980198;0,99009900990099
585;189,461281327845;134,461596478181;0,98019801980198;0,99009900990099
586;185,239274862468;240,568870854075;0,98019801980198;1
587;190,467928903738;234,893334660729;0,98019801980198;0,99009900990099
588;184,371761250328;278,672153054438;0,98019801980198;1
589;187,460338545765;235,018556258359;0,98019801980198;0,99009900990099
590;187,036165009184;202,508812597903;0,98019801980198;1
591;187,153542974129;162,043301406063;0,98019801980198;1
592;185,022466524433;288,189509458307;0,98019801980198;1
593;185,232469100055;212,846287976977;0,98019801980198;1
594;188,774588442997;221,481758339116;0,98019801980198;0,99009900990099
595;184,759752469462;226,739521616551;0,98019801980198;0,99009900990099
596;184;149,338548577441;0,544554455445545;0,554455445544555
597;184,973409778377;220,377700000626;0,98019801980198;0,99009900990099
598;187,040802048246;144,855264691725;0,98019801980198;1
599;184,259340665355;204,875545271513;0,98019801980198;1
600;185,307525367236;139,177305033789;0,98019801980198;0,99009900990099
601;186,22742966993;196,922010500533;0,98019801980198;0,99009900990099
602;190,773731724963;187,8482444354;0,98019801980198;0,99009900990099
603;190,257415734696;344,131889610375;0,98019801980198;0,99009900990099
604;192,246877676769;220,411081125813;0,98019801980198;1
605;188,906384191919;188,255198371145;0,98019801980198;0,99009900990099
606;183,485254497736;194,27627491875;0,98019801980198;1
607;187,261826032443;203,057954131976;0,98019801980198;0,99009900990099
608;184,575397598478;187,470032652986;0,98019801980198;1
609;190,659020630632;275,466523727921;0,98019801980198;0,99009900990099
610;187,468125060714;232,927439351112;0,98019801980198;1
611;184,075737586452;214,361765816327;0,98019801980198;1
612;188,23344467864;283,420148982849;0,98019801980198;0,99009900990099
613;188,755350091971;189,801623876754;0,98019801980198;0,99009900990099
614;184,342292463886;201,081644014319;0,98019801980198;1
615;186,200651900082;194,104004790656;0,98019801980198;0,99009900990099
616;185,876117718876;143,533763265697;0,98019801980198;1
617;188,613369963465;221,444027516279;0,98019801980198;0,99009900990099
618;190,051056658176;220,109335045085;0,98019801980198;0,99009900990099
619;184;139,786142428701;0,544554455445545;0,554455445544555
620;186,66371158638;289,437833167313;0,98019801980198;0,99009900990099
621;189,200217602158;181,790479259301;0,98019801980198;0,99009900990099
622;190,850779521641;236,228250186942;0,98019801980198;0,99009900990099
623;185,80613943617;212,017427136138;0,98019801980198;0,99009900990099
624;184,198175008442;176,843497574987;0,98019801980198;1
625;190,166780557215;290,951038018253;0,98019801980198;1
626;187,737856358317;154,483554294917;0,98019801980198;0,99009900990099
627;183,723539049478;231,109201646309;0,98019801980198;1
628;187,107152704021;198,810629023192;0,98019801980198;0,99009900990099
629;186,40331963581;152,207042566049;0,98019801980198;0,99009900990099
630;188,283451336769;191,369843622742;0,98019801980198;0,99009900990099
631;190,161798550259;210,033770495687;0,98019801980198;1
632;185,221181598746;224,15219069984;0,98019801980198;0,99009900990099
633;188,509763286796;268,978981406963;0,98019801980198;0,99009900990099
634;191,007346752082;209,179092826159;0,98019801980198;0,99009900990099
635;190,162759605974;277,138154452858;0,98019801980198;0,99009900990099
636;186,942168725204;216,804292601564;0,98019801980198;0,99009900990099
637;184;155,375010393485;0,643564356435644;0,653465346534653
638;184;139,367077544525;0,643564356435644;0,663366336633663
639;189,941591507642;196,315775409529;0,98019801980198;0,99009900990099
640;184;169,276908644217;0,544554455445545;0,564356435643564
641;185,917068043494;180,958948444055;0,98019801980198;0,99009900990099
642;192,429239654115;300,368346992428;0,98019801980198;0,99009900990099
643;186,93878964709;189,815545616216;0,98019801980198;0,99009900990099
644;186,667307476472;250,809282800797;0,98019801980198;0,99009900990099
645;185,140660923401;300,626528685484;0,98019801980198;0,99009900990099
646;189,741902776823;265,78498765514;0,98019801980198;0,99009900990099
647;189,741755142598;172,321309686232;0,98019801980198;1
648;187,868864626071;223,611927630861;0,98019801980198;1
649;190,07690276866;216,151451793065;0,98019801980198;1
650;188,802110452008;176,373920406444;0,98019801980198;1
651;183,386659667188;274,017986867014;0,98019801980198;1
652;184;140,056033829658;0,544554455445545;0,554455445544555
653;190,730455459295;236,148679685034;0,98019801980198;1
654;190,886441400679;225,600321674753;0,98019801980198;0,99009900990099
655;189,351814546882;315,814367808425;0,98019801980198;1
656;192,543904176186;294,678265254836;0,98019801980198;0,99009900990099
657;186,050397552423;219,619560133426;0,98019801980198;1
658;190,37434918552;278,5078104765;0,98019801980198;1
659;192,134986784531;257,972539195343;0,98019801980198;0,99009900990099
660;192,599609355738;277,375856445199;0,98019801980198;1
661;190,788199876919;312,12188039474;0,98019801980198;1
662;187,673079280338;249,501300895685;0,98019801980198;1
663;187,108519167663;209,212279950421;0,98019801980198;0,99009900990099
664;185,007545876012;201,076272562486;0,98019801980198;1
665;189,64271966698;257,330345526778;0,98019801980198;1
666;186,551900456902;156,177131442052;0,98019801980198;0,99009900990099
667;189,164442251147;169,04134363008;0,98019801980198;1
668;187,710059984943;227,409827459799;0,98019801980198;0,99009900990099
669;188,531932312034;190,901002708024;0,98019801980198;0,99009900990099
670;185,620714875381;193,245386712233;0,98019801980198;1
671;183,284894557567;133,588722392902;0,98019801980198;1
672;194,088410576818;240,579214183325;0,98019801980198;0,99009900990099
673;191,867933370398;282,842855087131;0,98019801980198;1
674;186,13115049006;176,064958165166;0,98019801980198;0,99009900990099
675;189,530284570767;310,287449302192;0,98019801980198;1
676;186,472791740948;206,775676506557;0,98019801980198;1
677;192,939983064867;217,844141045153;0,98019801980198;0,99009900990099
678;186,68449828539;188,229591309889;0,98019801980198;1
679;184;115,162506040853;0,544554455445545;0,564356435643564
680;185,856162771813;262,996919332017;0,98019801980198;0,99009900990099
681;190,489006300015;244,235602383428;0,98019801980198;0,99009900990099
682;189,623043550117;219,366045308631;0,98019801980198;1
683;184,37233948449;154,538993993576;0,98019801980198;1
684;186,659497838967;154,656859701127;0,98019801980198;0,99009900990099
685;189,100396474654;187,639417862555;0,98019801980198;1
686;192,699486523385;198,261979940303;0,98019801980198;1
687;193,804949225274;203,423617653064;0,98019801980198;0,99009900990099
688;190,745603285357;191,271858627714;0,98019801980198;1
689;186,770444411464;165,855618151656;0,98019801980198;0,99009900990099
690;191,713988600339;258,213223759707;0,98019801980198;1
691;187,23681118959;192,816495709473;0,98019801980198;1
692;190,449206422674;239,969970312907;0,98019801980198;0,99009900990099
693;186,296035933216;208,914465616874;0,98019801980198;1
694;185,41137160748;181,186975335948;0,98019801980198;1
695;184,483788001116;166,157868270852;0,98019801980198;1
696;185,32084524738;264,809702635806;0,98019801980198;1
697;186,440616882267;163,392632574133;0,98019801980198;1
698;191,05869046638;388,753818484718;0,98019801980198;1
699;185,745361433655;179,806190558707;0,98019801980198;0,99009900990099
700;186,513566518791;128,126252865399;0,98019801980198;0,99009900990099
701;184,869598228661;181,632837553899;0,98019801980198;0,99009900990099
702;185,094779312445;146,171280211197;0,98019801980198;1
703;190,498702652803;216,186196733729;0,98019801980198;0,99009900990099
704;184;129,301044293118;0,544554455445545;0,564356435643564
705;184;148,091541125872;0,643564356435644;0,653465346534653
706;188,140233011018;176,101333310096;0,98019801980198;0,99009900990099
707;189,164002806615;286,378405623024;0,98019801980198;0,99009900990099
708;186,806718937855;216,725377885931;0,98019801980198;0,99009900990099
709;188,337879213005;205,734332399709;0,98019801980198;1
710;185,038662779498;193,999838409296;0,98019801980198;1
711;185,167325226675;253,835995236541;0,98019801980198;1
712;187,036727749029;206,648788853373;0,98019801980198;1
713;194,215304675395;223,222434948171;0,98019801980198;1
714;187,558931186201;181,461891734511;0,98019801980198;0,99009900990099
715;185,355262736997;250,001919811884;0,98019801980198;0,99009900990099
716;189,702361349357;171,172546551823;0,98019801980198;0,99009900990099
717;188,787666255611;184,365901315486;0,98019801980198;0,99009900990099
718;187,326318456783;203,933144849012;0,98019801980198;1
719;187,67301002456;191,609912210637;0,98019801980198;0,99009900990099
720;187,145472221078;159,646360272916;0,98019801980198;0,99009900990099
721;183,912169277043;176,331271504767;0,98019801980198;0,99009900990099
722;187,02769359398;219,887150643135;0,98019801980198;1
723;192,088040737746;260,531185319618;0,98019801980198;0,99009900990099
724;190,630687212085;338,418935514873;0,98019801980198;0,99009900990099
725;185,512842109904;179,062306097585;0,98019801980198;1
726;188,961409014241;284,860109821744;0,98019801980198;1
727;185,453465796012;123,148683271892;0,98019801980198;1
728;186,395532742523;184,204415863624;0,98019801980198;0,99009900990099
729;186,62148460417;279,881803525012;0,98019801980198;0,99009900990099
730;190,827540334666;185,624984812679;0,98019801980198;1
731;185,100601805372;200,952846661991;0,98019801980198;0,99009900990099
732;185,738041576484;146,655700520277;0,98019801980198;1
733;189,816906716972;217,337720216579;0,98019801980198;1
734;184,512155078938;210,534006336598;0,98019801980198;0,99009900990099
735;190,634382397142;322,884424794531;0,98019801980198;1
736;188,532979411019;197,211061734997;0,98019801980198;0,99009900990099
737;186,211386205045;177,714027992653;0,98019801980198;1
738;184;138,55343698045;0,544554455445545;0,564356435643564
739;190,222150230885;257,57238850382;0,98019801980198;1
740;186,65640356717;173,219506597066;0,98019801980198;0,99009900990099
741;185,228719318307;229,727857214731;0,98019801980198;0,99009900990099
742;190,122986881257;237,982908244087;0,98019801980198;1
743;185,579826120227;160,585237727093;0,98019801980198;0,99009900990099
744;187,25511774892;174,35859240198;0,98019801980198;0,99009900990099
745;191,175832477033;217,121955116341;0,98019801980198;1
746;188,835950955708;239,102655058825;0,98019801980198;1
747;184;151,200508617649;0,643564356435644;0,653465346534653
748;185,114794903742;162,223130310334;0,98019801980198;0,99009900990099
749;184,362117379485;164,632915642024;0,98019801980198;1
750;189,258973309379;276,605781636518;0,98019801980198;0,99009900990099
751;192,205876179634;195,212658850821;0,98019801980198;1
752;189,130428733157;183,90898871016;0,98019801980198;0,99009900990099
753;187,796398238263;241,315243885352;0,98019801980198;0,99009900990099
754;190,025493078896;225,13837007807;0,98019801980198;1
755;183,741890164979;171,736978671611;0,98019801980198;0,99009900990099
756;185,917982378141;143,655560625257;0,98019801980198;0,99009900990099
757;185,45792245295;187,275745521453;0,98019801980198;0,99009900990099
758;185,375695346543;147,997456762667;0,98019801980198;1
759;190,027640928894;280,893720929771;0,98019801980198;0,99009900990099
760;194,546067555189;237,230416094096;0,98019801980198;1
761;190,227531291346;223,320275003133;0,98019801980198;1
762;185,311220963237;173,480431170584;0,98019801980198;1
763;188,652604035707;252,64042417141;0,98019801980198;0,99009900990099
764;187,150453955265;192,498533903456;0,98019801980198;0,99009900990099
765;189,598139412332;240,785038591033;0,98019801980198;0,99009900990099
766;186,787726869309;190,476897066683;0,98019801980198;1
767;189,748812098964;183,615359987099;0,98019801980198;0,99009900990099
768;188,64778324961;156,362445765017;0,98019801980198;1
769;187,199470862863;196,404395380003;0,98019801980198;0,99009900990099
770;190,316994851817;311,241103089665;0,98019801980198;0,99009900990099
771;185,501537391654;163,100613744767;0,98019801980198;1
772;191,158640838008;205,088678360701;0,98019801980198;0,99009900990099
773;192,041239448219;188,057994325629;0,98019801980198;1
774;186,985708386505;236,531929262293;0,98019801980198;0,99009900990099
775;189,396760924832;230,105124108738;0,98019801980198;1
776;191,29951061786;217,951077500823;0,98019801980198;0,99009900990099
777;188,326438586174;165,689543065076;0,98019801980198;1
778;187,511965737842;163,579653900544;0,98019801980198;1
779;188,706981233055;243,763789875024;0,98019801980198;1
780;188,823273110356;212,031127092041;0,98019801980198;1
781;183,946304698896;200,673025354364;0,98019801980198;1
782;191,346339839538;286,741916246354;0,98019801980198;1
783;187,390746258191;281,020137685406;0,98019801980198;0,99009900990099
784;187,199570390476;173,402371923419;0,98019801980198;0,99009900990099
785;186,866403670539;174,622705537835;0,98019801980198;1
786;184,900236518508;148,455945635226;0,98019801980198;0,99009900990099
787;186,493090728455;183,178161422925;0,98019801980198;0,99009900990099
788;187,825132831014;181,798667274154;0,98019801980198;0,99009900990099
789;187,624902268416;215,079549238905;0,98019801980198;1
790;188,858442276665;175,121208189384;0,98019801980198;1
791;188,812610355264;273,385864898506;0,98019801980198;1
792;190,198896404809;204,209414653894;0,98019801980198;0,99009900990099
793;183,615745710086;193,077806510061;0,98019801980198;0,99009900990099
794;190,057719933564;212,527603597444;0,98019801980198;1
795;185,608970249344;212,381415334723;0,98019801980198;1
796;185,254188254667;153,816212164645;0,98019801980198;0,99009900990099
797;186,14526592317;188,121745141317;0,98019801980198;0,99009900990099
798;189,141062934508;247,858142521312;0,98019801980198;1
799;184,430250129606;217,866083143214;0,98019801980198;1
800;188,651617749025;191,790254862325;0,98019801980198;0,99009900990099
801;184,84916533848;162,426890822088;0,98019801980198;1
802;185,906100467987;160,250095412492;0,98019801980198;1
803;184;114,584903058179;0,544554455445545;0,554455445544555
804;184,341105689947;232,844691518742;0,98019801980198;0,99009900990099
805;188,009701410611;261,908162631339;0,98019801980198;0,99009900990099
806;187,706807727704;154,512006679722;0,98019801980198;1
807;186,570304455532;205,151690246868;0,98019801980198;0,99009900990099
808;184;170,945869039816;0,643564356435644;0,663366336633663
809;185,992117908534;208,921287951103;0,98019801980198;1
810;188,672672652038;242,42920799349;0,98019801980198;1
811;189,424668705826;252,10675569156;0,98019801980198;0,99009900990099
812;185,278332668678;217,697746015403;0,98019801980198;0,99009900990099
813;182,844910999862;130,954963722447;0,98019801980198;0,99009900990099
814;186,576502066227;211,420932148752;0,98019801980198;1
815;185,683845962072;175,050230442196;0,98019801980198;1
816;186,058694619616;256,892430113464;0,98019801980198;0,99009900990099
817;186,824104541994;161,895604790019;0,98019801980198;1
818;190,290542784956;251,511956256243;0,98019801980198;0,99009900990099
819;187,343875680617;201,345164847999;0,98019801980198;1
820;190,400649113272;211,414417294197;0,98019801980198;1
821;187,661073945629;213,988872863034;0,98019801980198;1
822;187,6082475532;179,48116326663;0,98019801980198;1
823;195,007532213308;241,918086372266;0,98019801980198;0,99009900990099
824;186,418497310748;167,722027192776;0,98019801980198;0,99009900990099
825;185,815347250882;170,039719534817;0,98019801980198;1
826;187,719105743646;169,892988996569;0,98019801980198;0,99009900990099
827;187,02801521739;231,183383955237;0,98019801980198;1
828;189,257031476387;302,462194338826;0,98019801980198;1
829;186,457528964002;120,125709659187;0,98019801980198;1
830;187,633785710845;157,27081800101;0,98019801980198;0,99009900990099
831;184,418469925281;216,035835137835;0,98019801980198;1
832;183,356000918143;174,865327351161;0,98019801980198;1
833;188,352326273056;212,356718282545;0,98019801980198;1
834;183,881322518447;163,299082699352;0,98019801980198;0,99009900990099
835;187,863038145876;232,98832077996;0,98019801980198;0,99009900990099
836;188,44176669203;233,46867830638;0,98019801980198;1
837;187,807471006704;178,701060677542;0,98019801980198;1
838;185,456104655775;213,592927923104;0,98019801980198;0,99009900990099
839;187,088349197537;240,229196062635;0,98019801980198;1
840;189,736121209226;213,916475944588;0,98019801980198;1
841;184,969179950947;212,368924092267;0,98019801980198;1
842;187,573122092917;155,972272713805;0,98019801980198;0,99009900990099
843;188,491565691671;273,132586136055;0,98019801980198;0,99009900990099
844;187,000144617054;216,021410317851;0,98019801980198;1
845;188,573452713659;129,880492362868;0,98019801980198;0,99009900990099
846;187,364168809419;155,628335406331;0,98019801980198;0,99009900990099
847;189,75766030127;281,523014402184;0,98019801980198;0,99009900990099
848;187,596416253117;149,48994700372;0,98019801980198;1
849;186,425979709254;202,361275161819;0,98019801980198;1
850;183,761805344041;201,516214167899;0,98019801980198;1
851;190,42778978735;229,659145382538;0,98019801980198;0,99009900990099
852;185,217333286356;164,938754405927;0,98019801980198;0,99009900990099
853;191,368542528544;210,483609153392;0,98019801980198;1
854;184,800843491169;313,389353284678;0,98019801980198;1
855;184,39395678793;174,591248805286;0,98019801980198;0,99009900990099
856;183,883264813114;221,38286619083;0,98019801980198;1
857;188,296657392914;216,494477918889;0,98019801980198;1
858;192,090275327356;209,322346520208;0,98019801980198;1
859;188,360568992204;277,180185365471;0,98019801980198;1
860;189,621948194418;188,879594373074;0,98019801980198;0,99009900990099
861;186,407427622745;171,278515555506;0,98019801980198;0,99009900990099
862;191,328721013095;338,496086580967;0,98019801980198;1
863;193,07111808639;201,594055177417;0,98019801980198;1
864;188,560115477258;337,083542689054;0,98019801980198;0,99009900990099
865;192,271340744672;240,424704127479;0,98019801980198;0,99009900990099
866;187,152315209064;218,534445809769;0,98019801980198;1
867;188,288871091018;241,729223735045;0,98019801980198;0,99009900990099
868;185,1081997073;276,107568583084;0,98019801980198;0,99009900990099
869;185,87762265046;215,274165939533;0,98019801980198;0,99009900990099
870;186,281297036204;156,263063883007;0,98019801980198;1
871;185,612464935366;167,61892046043;0,98019801980198;0,99009900990099
872;185,492239078725;240,610518423163;0,98019801980198;1
873;184,414883383694;202,118752581115;0,98019801980198;1
874;185,454964048141;192,374732923887;0,98019801980198;1
875;189,43066009867;290,795098683022;0,98019801980198;0,99009900990099
876;188,818418352783;227,751090958341;0,98019801980198;1
877;190,602076975615;302,629660061418;0,98019801980198;1
878;193,289587472101;250,051513897582;0,98019801980198;0,99009900990099
879;183,975306995661;187,803302936969;0,98019801980198;0,99009900990099
880;191,532496707325;250,785548188577;0,98019801980198;1
881;187,203077714654;223,69594361767;0,98019801980198;1
882;189,26659105471;180,760872447068;0,98019801980198;0,99009900990099
883;188,098194510761;282,647009664878;0,98019801980198;0,99009900990099
884;185,157394392022;188,383630285702;0,98019801980198;1
885;184,713358850893;166,949260326938;0,98019801980198;1
886;187,54152526203;197,992565659183;0,98019801980198;1
887;187,19811197723;169,053210673803;0,98019801980198;0,99009900990099
888;185,75166915929;164,019030344486;0,98019801980198;0,99009900990099
889;187,789219018472;172,012541260137;0,98019801980198;1
890;190,586389953645;234,355814697776;0,98019801980198;0,99009900990099
891;188,056825513536;317,342439084486;0,98019801980198;0,99009900990099
892;187,06352880639;188,437699094344;0,98019801980198;0,99009900990099
893;184;170,87069588519;0,643564356435644;0,663366336633663
894;187,548567499035;192,283688394745;0,98019801980198;1
895;185,744012642674;238,661660391587;0,98019801980198;1
896;188,356789389584;234,930212987348;0,98019801980198;0,99009900990099
897;187,195554452896;185,979439706395;0,98019801980198;1
898;188,881704509828;231,854906254361;0,98019801980198;0,99009900990099
899;185,459251612841;138,125467023745;0,98019801980198;0,99009900990099
900;186,495533755094;238,94447427782;0,98019801980198;1
901;188,294524140933;167,557273997825;0,98019801980198;1
902;186,89147281987;213,679954379014;0,98019801980198;0,99009900990099
903;194,810313073188;289,015341793141;0,98019801980198;0,99009900990099
904;185,887874454492;160,498288373083;0,98019801980198;1
905;187,516313184476;243,446980684538;0,98019801980198;1
906;190,289662977687;265,512516121795;0,98019801980198;0,99009900990099
907;191,327660500767;256,136677675059;0,98019801980198;0,99009900990099
908;191,217724800072;250,007559270131;0,98019801980198;1
909;187,737873520848;182,104429276564;0,98019801980198;0,99009900990099
910;186,902129159425;207,921010257609;0,98019801980198;0,99009900990099
911;187,594544918199;214,479939185988;0,98019801980198;1
912;186,429411271416;219,897429072068;0,98019801980198;0,99009900990099
913;185,220921171258;143,223804711123;0,98019801980198;0,99009900990099
914;185,751269210902;154,897443507253;0,98019801980198;0,99009900990099
915;183,536325702877;186,978843524441;0,98019801980198;1
916;186,455796787929;198,493863146127;0,98019801980198;0,99009900990099
917;186,41426600982;206,498629093139;0,98019801980198;0,99009900990099
918;188,529802838321;182,482611794278;0,98019801980198;0,99009900990099
919;186,1487963294;183,744262098462;0,98019801980198;1
920;184,561445372393;233,114290974475;0,98019801980198;0,99009900990099
921;188,800821550697;223,349523443974;0,98019801980198;1
922;188,686310820732;178,276888312876;0,98019801980198;0,99009900990099
923;191,336772818053;274,516733467393;0,98019801980198;0,99009900990099
924;191,723006623424;218,221367740444;0,98019801980198;0,99009900990099
925;186,048237155611;221,73548318715;0,98019801980198;0,99009900990099
926;187,490219573885;227,051249118759;0,98019801980198;0,99009900990099
927;184,96610688326;244,691140947778;0,98019801980198;0,99009900990099
928;189,81522221671;243,877202276222;0,98019801980198;0,99009900990099
929;185,030877232311;191,611447950652;0,98019801980198;1
930;184;156,137111916293;0,544554455445545;0,564356435643564
931;189,177220381917;214,332871176521;0,98019801980198;1
932;190,811493276637;217,007376737519;0,98019801980198;1
933;186,210253488785;193,478051112582;0,98019801980198;0,99009900990099
934;189,530687357446;181,993318194766;0,98019801980198;1
935;188,629910212263;250,736011041993;0,98019801980198;1
936;185,105092261465;143,901022386444;0,98019801980198;0,99009900990099
937;185,983315736417;190,078845076521;0,98019801980198;0,99009900990099
938;188,7902331034;240,659517670806;0,98019801980198;1
939;183,055803770444;195,877851570843;0,98019801980198;0,99009900990099
940;190,841274112216;323,773765695319;0,98019801980198;0,99009900990099
941;187,893819331155;207,405851341457;0,98019801980198;0,99009900990099
942;186,99235897172;213,708320020417;0,98019801980198;0,99009900990099
943;185,591751380203;192,416432023723;0,98019801980198;0,99009900990099
944;187,482302764001;253,49936967266;0,98019801980198;1
945;191,368469650878;208,863848455469;0,98019801980198;1
946;186,415920543628;223,716982387131;0,98019801980198;1
947;187,586445093374;282,636632669248;0,98019801980198;1
948;184,569785686627;215,3893703701;0,98019801980198;1
949;187,770383654601;228,526396342993;0,98019801980198;1
950;187,765610092943;247,993994499848;0,98019801980198;1
951;187,163893158612;263,967567204257;0,98019801980198;0,99009900990099
952;189,481630309046;229,044140012151;0,98019801980198;0,99009900990099
953;190,428022411598;323,381633997429;0,98019801980198;0,99009900990099
954;185,851833879617;168,296378142634;0,98019801980198;0,99009900990099
955;186,937831450062;179,074518174965;0,98019801980198;0,99009900990099
956;184,453373731667;220,439070123455;0,98019801980198;1
957;188,379668316355;157,335443674666;0,98019801980198;0,99009900990099
958;188,05582177995;165,006807428439;0,98019801980198;1
959;187,849359214695;206,923124540455;0,98019801980198;1
960;187,920527556807;164,143382161047;0,98019801980198;0,99009900990099
961;185,944896704605;232,117521107743;0,98019801980198;1
962;186,923481378983;172,95259233983;0,98019801980198;1
963;185,190651111466;193,182042430628;0,98019801980198;1
964;186,618178940453;174,428781573546;0,98019801980198;0,99009900990099
965;194,535797403779;324,892703528881;0,98019801980198;0,99009900990099
966;188,569460037316;205,333476401241;0,98019801980198;0,99009900990099
967;184,250346232215;220,011401993735;0,98019801980198;0,99009900990099
968;186,4042200601;144,776303921222;0,98019801980198;0,99009900990099
969;190,593657041881;215,499336180692;0,98019801980198;0,99009900990099
970;187,82797978917;213,699693859813;0,98019801980198;1
971;193,333825409352;196,388375713196;0,98019801980198;1
972;191,816432837886;243,403621927015;0,98019801980198;1
973;189,431833031792;238,628800977629;0,98019801980198;0,99009900990099
974;184,814519227581;143,192235105366;0,98019801980198;1
975;192,230510102774;204,197331180966;0,98019801980198;1
976;190,93326416711;268,274506006424;0,98019801980198;1
977;192,857981937052;229,268418714408;0,98019801980198;0,99009900990099
978;186,219265859838;202,363372417433;0,98019801980198;1
979;189,098732400121;183,570100746378;0,98019801980198;0,99009900990099
980;188,424281749036;262,270235383551;0,98019801980198;1
981;186,778621699875;188,52493953235;0,98019801980198;1
982;188,410927420351;239,531661093512;0,98019801980198;1
983;188,51478883721;200,362301181476;0,98019801980198;1
984;187,631235559725;243,110223784054;0,98019801980198;0,99009900990099
985;191,47128249929;270,260167331378;0,98019801980198;1
986;189,020930348011;314,466019104471;0,98019801980198;0,99009900990099
987;189,982393020937;282,535444903998;0,98019801980198;0,99009900990099
988;186,987486431608;203,036450464568;0,98019801980198;0,99009900990099
989;188,73698288659;204,932414281826;0,98019801980198;1
990;185,398983898634;151,687248827248;0,98019801980198;1
991;187,011566420575;220,131063543462;0,98019801980198;1
992;188,880911186925;176,931353728932;0,98019801980198;0,99009900990099
993;184,183118181775;228,729596482879;0,98019801980198;0,99009900990099
994;185,85925426937;227,550971048784;0,98019801980198;0,99009900990099
995;185,174340452915;201,266028147467;0,98019801980198;1
996;184,376043508056;165,708512415046;0,98019801980198;1
997;189,237031427639;199,461808802959;0,98019801980198;0,99009900990099
998;184,944501830066;194,535625503296;0,98019801980198;1
999;188,565384659032;180,259140106191;0,98019801980198;0,99009900990099
