0;37,3504049088367;5,06723442460363;1;1
1;39,1167287541959;5,96724490772729;0,8;0,9
2;41,5142739659973;15,8068965569214;1;1
3;38,465729226131;8,32610875531954;0,8;0,9
4;38,8986049111734;3,02552745853263;0,8;0,9
5;41,5518292657994;3,05202813783538;1;1
6;41,6392985329082;16,6551338330643;1;1
7;38,7877587038741;5,46383421789751;0,8;0,9
8;42,3537128993976;6,29328184680851;1;1
9;38,2827726344446;9,18305559330536;1;1
10;39,9145685159099;7,29631822750171;1;1
11;41,2394287982183;10,3863237810793;1;1
12;40,1527103894176;8,45890907538786;0,8;0,9
13;38,3840167501292;2,11818648440647;1;1
14;41,8438485788498;6,66439950814741;1;1
15;41,7157155130925;14,1510536890583;1;1
16;40,1554801779168;6,9689475880817;0,8;0,9
17;41,442527027784;5,16734403932578;1;1
18;40,1012239144116;3,1736923242644;1;1
19;39,6389221128093;3,82149352219328;1;1
20;41,7785178178662;6,80687804624442;0,8;0,9
21;44,1953033710553;24,6778087361342;0,8;0,9
22;42,9208142676139;18,9358864524423;0,8;0,9
23;39,875372489015;5,83431490123175;1;1
24;39,9461666350854;4,02593604924545;1;1
25;39,8153359198026;1,46275724068668;1;1
26;43,4596193372192;9,05928375903395;1;1
27;41,2842416344976;9,82656769532038;0,8;0,9
28;37,3025631679018;4,03839808435797;1;1
29;43,1144712622552;19,0922311934215;0,8;0,9
30;41,7829193827987;6,63718961276171;0,8;0,9
31;40,2541600528814;9,52366851367055;0,8;0,9
32;39,0995519916862;0,297953339910544;1;1
33;38,6713567973287;0,60784808647783;1;1
34;39,4417581001008;2,61692947029375;0,8;0,9
35;39,8168759775457;4,20572475394818;1;1
36;38,3538738416243;0,96168216417402;1;1
37;38,5608796601305;4,75249100852707;1;1
38;40,4648523395665;8,4598951453284;0,8;0,9
39;39,8512004814685;2,28413146754649;1;1
40;40,9922375366805;25,4600346852995;0,8;0,9
41;39,4826334521106;1,90234395574744;1;1
42;39,2227179311409;7,99427680150026;1;1
43;39,2520918410419;2,48175964958668;1;1
44;40,0604772446872;17,8619195336678;1;1
45;41,282137252549;14,5543010909612;0,8;0,9
46;39,5241726782718;7,78879209263466;0,8;0,9
47;39,0969736124658;2,66452938807464;1;1
48;43,1073775592416;18,0656977976534;0,8;0,9
49;40,3723747112193;10,0880856967787;1;1
50;43,002777496077;23,8069137342977;0,8;0,9
51;41,6169583925271;15,7622860875281;1;1
52;40,1737282982109;5,9694180655231;1;1
53;42,646971230118;10,8391984968166;1;1
54;41,7640512438436;28,1988017219701;0,8;0,9
55;39,7265332918112;6,36841427810005;1;1
56;43,8731553852611;14,9083454940212;0,8;0,9
57;38,1776024522132;5,98700588515338;0,8;0,9
58;40,9006305508549;1,02126915345647;1;1
59;39,6509890886526;2,14888410154881;1;1
60;38,1946038083009;0,423392247095153;1;1
61;38,7058197217455;6,88087566089257;0,8;0,9
62;38,1240991124709;1,78457415997655;1;1
63;39,6090907591132;3,77642313915631;1;1
64;40,0144174093253;11,2014987914555;1;1
65;43,3932076596274;30,0708092224132;0,8;0,9
66;41,169365214959;19,7754850949921;0,8;0,9
67;40,9658545767117;10,6644914330247;1;1
68;41,921950207292;17,6811026986597;0,8;0,9
69;38,7297378918042;4,67556584955428;1;1
70;40,0843088944192;8,808451373184;0,8;0,9
71;39,6087517496375;9,93224393885741;0,8;0,9
72;40,4727791305834;5,68117563241446;1;1
73;40,1151218848093;3,92082077090256;0,8;0,9
74;38,0225018486252;5,66605186305814;1;1
75;42,5678444581176;16,1250984073225;1;1
76;40,8363622227354;8,99115055043743;1;1
77;38,9846938580258;3,38292667473831;0,8;0,9
78;41,0135126297629;7,7073308587125;1;1
79;40,4500466887237;11,8942320425842;0,8;0,9
80;43,3665683554445;13,2524636948587;1;1
81;42,6479575765855;7,30414544640148;1;1
82;40,3550216209751;0,705646176679476;1;1
83;39,8146801084618;5,89718889038686;1;1
84;39,7388834966859;0,436448228348782;1;1
85;41,885870928543;22,7726500399287;0,8;0,9
86;41,8711560345166;20,0562161614349;0,8;0,9
87;39,9565277312189;0,185384839139221;0,8;0,9
88;45,2213685577144;32,9968057766122;0,8;0,9
89;41,9002934363961;8,05654421605567;0,8;0,9
90;45,7605680513442;33,2552838139486;0,8;0,9
91;38,1004579500468;3,75736441492213;1;1
92;37,6940930180186;5,80061030693701;0,8;0,9
93;38,9432850876111;1,4830152647512;1;1
94;39,972430314774;1,88359826512365;1;1
95;40,8794523080807;7,1188266946425;0,8;0,9
96;43,8389476117669;26,1208874783229;0,8;0,9
97;37,4375969640095;0,126911175019428;1;1
98;40,1577812187404;0,911788437182434;0,8;0,9
99;40,0514213466535;11,884082699993;1;1
100;39,3231604296367;1,71539715571783;1;1
101;42,1625534618615;12,3778717340072;1;1
102;38,5519044019109;3,49573976874438;0,8;0,9
103;39,052955467685;4,7330857551875;1;1
104;42,8005921030328;17,7185754660117;1;1
105;40,2607822073612;0,25164518333705;1;1
106;41,7583315333459;15,9631687481955;0,8;0,9
107;39,1885796123462;0,574114785119628;0,8;0,9
108;39,6170953073956;7,87601846332312;0,8;0,9
109;38,7655012514116;3,7874220354592;0,8;0,9
110;39,4231445093854;4,4390717523176;0,8;0,9
111;40,1167104381537;13,784612578535;0,8;0,9
112;42,0982819430645;8,84033973784003;1;1
113;40,7383213238171;12,1548763278489;0,8;0,9
114;40,6982920022343;13,6689811292285;0,8;0,9
115;40,5661247923615;0,546447135484968;1;1
116;42,3599317521859;24,5419124756891;1;1
117;41,9011992248109;13,8555957025657;1;1
118;38,4080907451197;4,74006832510728;0,8;0,9
119;41,9169028591794;3,10604993952655;0,8;0,9
120;39,9695482263285;17,2894610059741;0,8;0,9
121;39,1666333278779;9,65862595339247;1;1
122;39,4728493214647;6,09953542684959;1;1
123;40,8772333310094;11,0430646715997;1;1
124;39,2464266226781;8,40264087460615;1;1
125;40,891187617115;4,8768761054044;1;1
126;38,0244211537151;1,21267849097898;1;1
127;40,5312685903812;7,0684653431895;1;1
128;42,4693214801272;11,0782959564933;1;1
129;38,6873067048858;2,52728014403627;1;1
130;39,5974941182391;6,06772331815285;1;1
131;39,3439553504523;5,22021828163957;0,8;0,9
132;40,6720159180155;3,57582874411463;1;1
133;42,7729145357838;10,1826618995207;0,8;0,9
134;39,9734312325277;6,54723670238578;1;1
135;38,6056477163998;6,55607272500037;0,8;0,9
136;41,0968878973384;10,2616105477945;1;1
137;39,4710951821006;7,43989678793148;0,8;0,9
138;40,6421589863101;1,15629012927338;1;1
139;44,2029018270677;27,7266897349436;0,8;0,9
140;39,5876310732829;5,72495151084375;0,8;0,9
141;40,4873911409206;15,1958091143564;0,8;0,9
142;39,8338034472195;4,68553274158413;1;1
143;39,1250224100702;3,89959828597886;1;1
144;39,3292486220717;8,12201166591719;0,8;0,9
145;38,7476449646135;2,03888970101045;0,8;0,9
146;41,1493564113807;8,27656400706079;1;1
147;46,5367719711514;30,3968288028874;0,8;0,9
148;40,5843194123394;9,66443426037861;0,8;0,9
149;38,0556942245679;0,850725022860317;1;1
150;41,1489679506158;7,92634439058811;1;1
151;40,6428916734194;6,14127163749891;0,8;0,9
152;42,6454057101277;10,3754360430576;0,8;0,9
153;39,7009046899402;1,49588133045226;0,8;0,9
154;39,5995523854074;2,65839815182169;0,8;0,9
155;42,4812801485421;14,5747478494428;1;1
156;43,2813313546982;10,8979221756853;1;1
157;38,0160020332743;0,20718548556245;1;1
158;40,9026297689236;7,62990007335786;1;1
159;39,4375246732459;0,929687370237879;1;1
160;38,5849417796883;13,8683505411143;0,8;0,9
161;41,3531851260354;10,5264200296424;1;1
162;39,8948946519259;7,3327774913782;0,8;0,9
163;39,6347389902199;2,17236097587908;1;1
164;39,0842433268149;2,60124456573317;0,8;0,9
165;38,9475202251034;5,17531880776718;1;1
166;41,120729070305;5,59561792917112;1;1
167;39,1681256659457;1,17926162671875;0,8;0,9
168;39,5618587107321;12,6594358687717;0,8;0,9
169;39,2374858418807;1,01165756643774;1;1
170;41,6294920750186;4,9598199180561;1;1
171;40,1339036826953;4,75460389289201;1;1
172;43,7766765706593;15,1234469491325;1;1
173;39,3339730558677;0,0660934368723412;0,8;0,9
174;41,1797063913998;16,4129559625162;1;1
175;40,4765716509796;0,545035749249879;1;1
176;39,8868310327574;3,02440992872658;0,8;0,9
177;38,4114259917809;0;1;1
178;37,7950126508329;1,2577508522305;0,8;0,9
179;38,4353025400328;0,0124311110057249;1;1
180;39,1664143776647;8,7575382918435;0,8;0,9
181;39,1361422959097;2,00935541306271;0,8;0,9
182;40,9590400685161;7,92834653205501;0,8;0,9
183;38,7731952711426;2,05849910312702;1;1
184;39,8337920728988;2,40747813261682;0,8;0,9
185;40,9457959182909;9,30353119049649;1;1
186;40,9504212326898;0;1;1
187;43,0786572908083;19,0272201060768;0,8;0,9
188;39,4966895201862;15,1358267533383;0,8;0,9
189;38,680920132244;2,01618338805993;0,8;0,9
190;38,8191366744395;6,75882289032653;1;1
191;38,2969464317374;7,54207890780458;0,8;0,9
192;42,8643293731541;9,47592501517954;1;1
193;39,5207289077901;3,85732166576474;0,8;0,9
194;40,4157629429777;13,2817974264286;0,8;0,9
195;40,0487756927032;2,53415940836683;1;1
196;40,5729652477098;9,36944355925265;1;1
197;40,5334460522319;5,02099125293271;0,8;0,9
198;39,159427529674;1,81693974385375;0,8;0,9
199;41,599118065954;18,2797017269713;0,8;0,9
200;40,3990646022814;11,6109626295946;0,8;0,9
201;38,3116671457537;3,41711822686003;0,8;0,9
202;40,6211470462743;0,231101865502843;1;1
203;42,9208579802792;4,37707530557292;1;1
204;41,3742691953818;14,4072048052835;0,8;0,9
205;39,0939259472088;0,294650994893544;1;1
206;41,3196572764825;10,5756903452886;1;1
207;42,1965931922639;23,0868006948921;0,8;0,9
208;41,646922859824;5,6777435549442;1;1
209;40,8796452740362;9,25552384074912;0,8;0,9
210;37,868551183245;6,66198377293226;0,8;0,9
211;40,101053896985;0;1;1
212;38,7806110638672;2,93946520380142;1;1
213;39,0054938575889;13,1412749835488;0,8;0,9
214;41,3484589972366;7,930590541755;1;1
215;42,0431836885501;11,5272733356918;0,8;0,9
216;38,8777356181015;2,37216422322087;1;1
217;38,3885918727447;6,32198541902879;0,8;0,9
218;39,7319989002402;8,04375175650266;0,8;0,9
219;39,5370225552962;4,54996022059259;0,8;0,9
220;39,9484851208879;8,47365048886024;0,8;0,9
221;41,2117868843727;1,26351258773426;1;1
222;40,3449988745983;11,7783037309738;0,8;0,9
223;38,9851529714063;1,59659535678512;0,8;0,9
224;38,0783950273474;2,58788259877452;1;1
225;38,5044912209742;9,07641972260357;0,8;0,9
226;38,890184382253;2,8780404117276;1;1
227;39,9379081579262;1,85816914509995;1;1
228;42,9220917187826;9,05984747950274;1;1
229;43,3320041109185;29,8605699815884;0,8;0,9
230;40,5904844533095;0,158507276610992;1;1
231;41,4299593301794;9,00407234409896;1;1
232;40,5408357845727;25,0194726931778;0,8;0,9
233;40,2087167609799;3,50317311728209;1;1
234;42,1335661577102;28,6597788394214;0,8;0,9
235;39,7430360265055;3,68681815383648;0,8;0,9
236;39,3502694965439;0;1;1
237;39,108403015231;0,425563741198479;0,8;0,9
238;40,5043171720744;5,21877432165491;1;1
239;42,9323408738039;26,1587375274714;0,8;0,9
240;43,8960721203564;19,9385932940556;0,8;0,9
241;38,0695425246937;2,90338589059486;0,8;0,9
242;40,999695185575;3,90837468714986;1;1
243;43,1400672964881;34,8133826358766;0,8;0,9
244;43,6471944721373;15,2987087812649;1;1
245;38,4701962333095;0,269465864409623;1;1
246;39,4609661204058;5,47080563617196;1;1
247;38,5202458071352;2,39071300333281;0,8;0,9
248;40,9374393241699;15,5525378443853;0,8;0,9
249;39,9479670285448;0;1;1
250;39,8558165171445;9,2821566438075;0,8;0,9
251;38,8458009875925;0,0597404885772637;1;1
252;40,1962701741405;19,1486357408765;0,8;0,9
253;44,0804256341015;20,6634356724423;0,8;0,9
254;39,4088812111319;12,0918201874535;0,8;0,9
255;40,9618259312635;16,3563048548362;0,8;0,9
256;39,6340234261063;0,0418703333854925;0,8;0,9
257;41,041627166238;2,35455638803153;0,8;0,9
258;39,6620066750979;9,53669990799508;1;1
259;41,9050667646171;3,58998948102801;1;1
260;38,6931163028335;4,4240516981302;0,8;0,9
261;39,6630068524576;1,29838678100796;1;1
262;41,0843893499262;5,26030019554055;0,8;0,9
263;38,1501136681906;0,311864659092953;0,8;0,9
264;43,1859986475124;30,0708137765856;0,8;0,9
265;39,4685547822271;6,65103126672622;1;1
266;43,0369901162326;22,8227501413932;0,8;0,9
267;43,4728061198127;32,4672448793462;0,8;0,9
268;40,8365174098274;11,8135379568079;0,8;0,9
269;41,1703384620436;0,68369611231843;1;1
270;42,0984931775278;8,17209128925659;1;1
271;41,313836031113;12,6482908707855;0,8;0,9
272;37,4713186499566;2,2743821364113;0,8;0,9
273;40,0551997393189;9,29108890245872;0,8;0,9
274;39,4983036305536;2,3067294260411;0,8;0,9
275;39,5658662479959;4,91301558780598;1;1
276;43,219779913829;25,165646377687;0,8;0,9
277;39,6046095113482;8,22752807199922;0,8;0,9
278;43,478876097645;15,779179864935;1;1
279;39,684958366455;1,85355339664166;1;1
280;41,0948281452884;15,6137498636843;1;1
281;40,1127676493903;0,82498915964032;0,8;0,9
282;41,1344074397255;19,2063355956874;0,8;0,9
283;41,6663363280403;4,09347284555218;0,8;0,9
284;39,2940265933811;3,63728739465839;0,8;0,9
285;37,7984163936031;0;1;1
286;37,7243344456326;0,0430627717975227;1;1
287;41,8257843419948;7,89364177402184;1;1
288;37,4331952892641;4,76328146719681;0,8;0,9
289;39,1104746014543;18,0192527984057;0,8;0,9
290;40,1883975208935;2,37850683242551;1;1
291;37,6435714855592;5,42283332853202;0,8;0,9
292;37,8338713511509;8,79052641490494;0,8;0,9
293;38,7356879723033;7,60732827791044;0,8;0,9
294;40,4305743266465;3,9189470811607;0,8;0,9
295;38,6132574241777;2,61043600919724;1;1
296;42,4998792425804;13,5658015014399;1;1
297;42,2440295186078;19,0753016876085;1;1
298;41,0223802794727;9,69952068642881;0,8;0,9
299;39,7699196296264;14,3034258298877;0,8;0,9
300;43,5729185509916;22,8817462062823;0,8;0,9
301;38,8532836096339;6,27283233606737;0,8;0,9
302;39,5120456531823;4,29459054128373;0,8;0,9
303;37,4494947717785;2,0691142284685;0,8;0,9
304;39,6175238057972;9,65904611536488;1;1
305;42,1398660752312;14,6477642149809;1;1
306;39,8595284522985;4,68711943138452;0,8;0,9
307;39,0599577095994;6,18938099214679;0,8;0,9
308;45,4062007989846;35,8758185857947;0,8;0,9
309;38,3944583902833;4,13216811669131;0,8;0,9
310;41,1775022512502;13,2855895831102;1;1
311;38,0385792347746;7,03888622283639;0,8;0,9
312;40,3300622267677;1,21043637706513;1;1
313;39,4215097506347;8,36571947941712;0,8;0,9
314;40,8376124079207;12,4563825153679;1;1
315;41,0931072683343;4,62646924015699;1;1
316;43,7789224667846;19,0929116854468;1;1
317;42,3919393134642;18,9495481273031;0,8;0,9
318;41,5814546819606;6,18952382194409;1;1
319;39,3724445800284;7,949690698026;0,8;0,9
320;39,8262762048422;15,2410111122801;0,8;0,9
321;42,3267337888401;13,3575067834021;1;1
322;42,4555917880597;10,8232495086458;1;1
323;44,6930839287429;13,9152283605539;1;1
324;39,9407532546567;6,54533171501123;0,8;0,9
325;42,1073508728606;13,6364573625452;1;1
326;42,5302370522881;16,5584478890821;1;1
327;39,3614255206984;1,65570323313217;1;1
328;41,641475727625;19,3088888820009;0,8;0,9
329;38,4300110535083;5,24766591211474;0,8;0,9
330;41,6392578750662;16,457204818391;1;1
331;41,8166586895161;21,5515026648222;0,8;0,9
332;38,5168784103955;0,515716877514985;1;1
333;39,6760921909101;9,90636392282804;0,8;0,9
334;38,6374329978579;0,0297406710271915;1;1
335;39,7854319602917;7,2576305288408;1;1
336;42,3836870229915;2,54760721940711;0,8;0,9
337;39,7411203765774;0;1;1
338;40,1026139012255;6,03345152421828;0,8;0,9
339;41,1680598453881;4,70963506738086;1;1
340;38,7106512963339;0,740880467702539;1;1
341;37,7235827590509;7,42612592082698;1;1
342;39,3694034626478;2,49027810490115;1;1
343;42,1173990478574;9,97599441619835;1;1
344;43,4645320426825;14,3947726837154;1;1
345;37,6722078991082;0,630689763167624;0,8;0,9
346;41,2477460427633;8,2575263652489;0,8;0,9
347;40,3627016419283;8,45407368609121;1;1
348;39,3339422283377;6,60498788051365;1;1
349;44,0412222414616;16,5293869904518;0,8;0,9
350;41,0015761326989;21,9305862851642;0,8;0,9
351;38,265015287871;3,96979456391228;1;1
352;41,0598313455131;6,93831455943329;0,8;0,9
353;40,0786610916529;3,03328678407506;0,8;0,9
354;44,5359709973265;23,1228541079586;1;1
355;38,4288729931447;0;1;1
356;43,5942297489438;37,9277722669362;0,8;0,9
357;39,1162826595606;2,33533814697334;1;1
358;40,5408760200388;2,18548548029776;1;1
359;41,4799182153122;15,2442249935574;1;1
360;40,0607639672425;8,0246880497228;1;1
361;41,5065851933737;12,2702615333999;0,8;0,9
362;38,5108736710196;2,39391518552625;1;1
363;40,294160173047;3,67467115884726;0,8;0,9
364;38,5624504261272;6,73510729963846;0,8;0,9
365;40,7776335607349;13,9547969163904;0,8;0,9
366;38,8648639977436;4,12942198840891;1;1
367;42,3437655168263;4,0010508164461;1;1
368;41,2563595767352;12,5954724135737;0,8;0,9
369;40,1962715740033;7,56579343691984;0,8;0,9
370;41,3334401783063;16,7006661881279;1;1
371;40,801881811287;10,5682405028973;0,8;0,9
372;42,0647986575023;15,131393124642;0,8;0,9
373;42,0867164935899;13,7454407871934;0,8;0,9
374;41,988764508472;12,7182722375183;0,8;0,9
375;39,7634947977901;6,57708994522778;0,8;0,9
376;40,7266455707469;4,82805197337395;0,8;0,9
377;38,9267102786606;6,47263543967529;0,8;0,9
378;38,2238829968176;0,388565707038566;1;1
379;39,8322195108403;9,59815656560181;1;1
380;42,4387317682168;18,7974969618123;0,8;0,9
381;39,5219221734438;4,03301865723076;1;1
382;40,6119106992683;5,71312626056307;0,8;0,9
383;40,4395838385342;0,776263170357055;1;1
384;41,4391063515049;18,3143458519265;0,8;0,9
385;46,600125617007;30,8864580497227;1;1
386;40,4213001592995;3,7041605524916;1;1
387;37,407599660428;5,65369477200937;0,8;0,9
388;40,731794235428;2,03712058211924;1;1
389;40,6259898229041;1,40728305271124;1;1
390;42,7917546517282;6,42288299663378;1;1
391;39,6399753990571;1,71155113582956;1;1
392;38,7375256378548;2,19072788426122;1;1
393;39,8547223636545;7,48774254907089;0,8;0,9
394;40,4193850511265;6,95320016261085;0,8;0,9
395;40,5237027203152;9,09340703692567;1;1
396;38,3537563085691;0;1;1
397;42,4986730075994;3,8864280012712;0,8;0,9
398;39,1863581792507;0;1;1
399;42,4617036868025;8,04506245663211;1;1
400;41,6882038617765;18,4409560870713;0,8;0,9
401;39,4024852417903;8,57592437590022;0,8;0,9
402;42,1734717553698;11,5143932264349;1;1
403;39,8315571540911;1,57854975363355;1;1
404;42,8901090073138;7,51458951107146;1;1
405;42,1241371717629;9,43435412356872;0,8;0,9
406;40,9444259656094;4,99290678075511;1;1
407;40,627737411721;13,2019973912187;0,8;0,9
408;41,8411022761318;11,26480004899;0,8;0,9
409;38,9032626990439;1,25263290656717;1;1
410;42,6988149612471;8,91386557641659;0,8;0,9
411;41,624726235767;18,2379874306483;0,8;0,9
412;40,6725365235153;3,9948174638591;0,8;0,9
413;38,680792343097;9,66477618932658;0,8;0,9
414;41,892454221661;29,903018446461;0,8;0,9
415;39,2479231286912;0;1;1
416;39,3677643230195;7,44725826395231;1;1
417;44,6369872742048;22,7265521035422;0,8;0,9
418;37,4675358527049;0;1;1
419;41,7826216062423;10,3416516873929;0,8;0,9
420;38,702569351942;2,91027161393724;1;1
421;39,8204382657883;0,452576182619897;1;1
422;41,1874708994034;3,20566758273852;1;1
423;38,2255024946057;1,00647603274519;1;1
424;41,6971294054665;12,9344144430686;0,8;0,9
425;40,8233951554843;11,9706594913041;1;1
426;39,3956216170181;7,1872286731981;0,8;0,9
427;37,8838546251177;1,12286768389494;1;1
428;42,63608085581;15,9948520756046;0,8;0,9
429;41,2959463915057;6,78175767286141;1;1
430;41,9090118403608;23,5652665020818;0,8;0,9
431;39,3015277681799;0,79173123960259;0,8;0,9
432;38,9488145856051;5,24518250365308;1;1
433;38,3588168755181;0;1;1
434;44,6254267294649;32,5056336369769;0,8;0,9
435;40,7772167425874;17,9026135054978;0,8;0,9
436;40,1707211464263;1,1451260379379;1;1
437;41,526019976672;15,1367935175281;0,8;0,9
438;40,962343172186;3,80424068229258;0,8;0,9
439;42,1002008856525;6,34679422943792;0,8;0,9
440;40,509800248408;14,4347972222097;0,8;0,9
441;38,4983489504362;2,45614989774846;1;1
442;39,9126104395445;3,62715124169632;1;1
443;39,3581323403409;0,642751811448456;1;1
444;40,2917121212416;1,75592121644278;0,8;0,9
445;42,2272978257131;10,0246540064572;0,8;0,9
446;40,1747595882212;4,88105498556961;1;1
447;42,2481815613134;7,01634102179562;1;1
448;39,7659175226034;3,14617870499314;1;1
449;42,2324881308392;16,5228451860641;1;1
450;41,0246770673555;7,36690549246554;0,8;0,9
451;40,3028166885285;8,37585184011567;1;1
452;39,7737706459644;1,7059143483388;0,8;0,9
453;41,2516226276292;6,49143513178261;1;1
454;40,306756693471;1,94189468852346;1;1
455;39,5272364750002;5,08289924490076;0,8;0,9
456;39,8251203786578;2,68246538953228;0,8;0,9
457;41,36947091595;18,2122108530642;0,8;0,9
458;44,1733551407991;20,0095101798532;1;1
459;41,7095093227415;10,883377088015;1;1
460;43,5944983453771;18,4479717095851;0,8;0,9
461;40,2350308576191;4,76880069946201;1;1
462;40,9009963355557;16,8037668383214;0,8;0,9
463;41,624168005425;14,5491173708582;0,8;0,9
464;42,555136892034;15,3917262455799;0,8;0,9
465;39,3533799981737;2,4386155580877;1;1
466;41,091153309584;0,715456103427819;1;1
467;40,5417746581734;2,76285931032449;1;1
468;38,0666918035723;3,55509519973689;0,8;0,9
469;40,3300785571298;3,63743641002551;0,8;0,9
470;40,7741454936938;0,437478966007831;1;1
471;42,4313291947454;10,1050324991306;0,8;0,9
472;39,232372402149;5,71683222987022;0,8;0,9
473;41,909548186317;8,41081890876172;1;1
474;39,9128971015905;7,12041560780284;0,8;0,9
475;38,483197309886;7,6444011103151;1;1
476;40,6766351624689;13,565208879247;1;1
477;43,8938645688229;19,9974487313121;0,8;0,9
478;40,0248841170839;8,96574574067421;0,8;0,9
479;42,8049936755014;24,7808108787903;0,8;0,9
480;40,0923757438385;10,496680123542;0,8;0,9
481;41,4020118337821;14,2295890778928;0,8;0,9
482;42,0487972308372;7,19290596404044;0,8;0,9
483;40,352802896346;12,69594252402;0,8;0,9
484;40,2525042967171;6,90757998629528;0,8;0,9
485;38,1276657898526;1,08455892908646;1;1
486;42,3144432402928;16,259539795155;1;1
487;39,7771508972969;0,668914131948299;1;1
488;40,4259672556979;12,8480662129689;0,8;0,9
489;41,3203603159811;14,0775549409906;0,8;0,9
490;37,9022715118813;8,46774341312943;0,8;0,9
491;40,1864571931571;2,56591719965596;1;1
492;40,043429178137;11,1010948143784;0,8;0,9
493;40,8359222649685;12,2328389399291;0,8;0,9
494;40,9718899395456;7,10315080730334;0,8;0,9
495;40,8768643678703;13,36840337638;0,8;0,9
496;40,8513030083202;6,63823014855625;0,8;0,9
497;39,3933789632353;2,40970832934076;0,8;0,9
498;39,7582943638231;1,28032430738457;1;1
499;41,0549789601542;3,1711505948254;1;1
500;39,4997119982152;5,71516692508651;1;1
501;43,8074606040744;23,5561856224952;0,8;0,9
502;40,3427887365502;13,8041587080779;1;1
503;42,1836587751801;23,7379525252831;1;1
504;43,5404589467282;25,0463676804613;0,8;0,9
505;42,2973524390567;13,651300221086;1;1
506;39,3619854572395;3,1378229093167;0,8;0,9
507;39,2132630407833;0,608088001416121;1;1
508;42,1930355477462;6,1772526598065;0,8;0,9
509;42,6053851914702;14,982101748703;0,8;0,9
510;42,1373378108198;5,59782790246995;1;1
511;40,4391496731245;5,39207510098412;1;1
512;37,9748692299236;4,70540387434371;1;1
513;40,9682924450796;19,7935393326754;0,8;0,9
514;38,2596792779168;0,290878220306128;0,8;0,9
515;39,2817267929762;3,09381407255091;1;1
516;41,0820946541696;2,98457785368767;1;1
517;41,4449308365095;7,98760788790923;1;1
518;40,4531471492172;9,08590938515549;0,8;0,9
519;38,8763236306548;2,88717374494324;0,8;0,9
520;38,0671735814795;0,414407969977885;1;1
521;40,6776528095267;4,42467857643634;1;1
522;41,3414157870354;20,8417026533465;0,8;0,9
523;41,109574169105;5,05322658332363;1;1
524;41,0846767102496;13,4281967412078;0,8;0,9
525;42,7498208525379;24,0883140379657;0,8;0,9
526;38,9419960303038;3,20533377972333;0,8;0,9
527;38,8507034497646;0,30616610121281;1;1
528;39,9494324248477;0;1;1
529;38,902766092737;9,54170821715768;1;1
530;42,9241257373978;10,6469899446911;1;1
531;41,2721571352342;12,9560664086609;0,8;0,9
532;38,3514146976847;4,25302579414845;1;1
533;38,2325322114343;4,69632014697092;0,8;0,9
534;39,4630104056785;12,1888832236668;0,8;0,9
535;39,2065840420515;0;1;1
536;39,9172842740923;7,78129774413497;0,8;0,9
537;38,6913347860845;2,84047186474825;0,8;0,9
538;40,152453692315;6,67573138396043;0,8;0,9
539;37,5328641299261;14,7262312535423;0,8;0,9
540;40,5867290102395;8,0565753258911;0,8;0,9
541;41,7325319126731;28,7044073124697;0,8;0,9
542;40,1441308333991;12,156970901611;0,8;0,9
543;40,8655325534982;4,69529591797655;1;1
544;42,7280128167851;13,0960469629963;0,8;0,9
545;38,1850839573955;1,93209612170883;0,8;0,9
546;39,4522689862441;5,13768691972657;1;1
547;39,1863355605641;3,82943918057265;0,8;0,9
548;42,1746031107362;13,1218735109704;1;1
549;38,2497513646311;4,70633481754895;1;1
550;41,1503564885683;7,51654226544729;0,8;0,9
551;43,048894911316;17,5046777682004;0,8;0,9
552;43,7102742918881;20,9001804498148;1;1
553;40,9062729858382;8,48397429390463;0,8;0,9
554;39,04662050919;7,31523419413198;1;1
555;39,1562531854688;0;1;1
556;40,5495863921114;11,2561573322579;1;1
557;38,639879460033;3,24999214303789;1;1
558;42,8024488993151;24,3505931001602;0,8;0,9
559;39,1842785989071;7,6086035776313;1;1
560;40,6742548278883;4,19962889234257;1;1
561;39,5519522216326;2,25987853072855;1;1
562;44,5101507747835;37,7232367898239;0,8;0,9
563;40,5243651492973;9,4900178557293;0,8;0,9
564;40,3618620711205;3,02173848531739;0,8;0,9
565;41,1171530007065;1,35370487106916;1;1
566;39,2858761388773;5,9244675217425;0,8;0,9
567;40,4465534884191;6,59655042525126;0,8;0,9
568;39,8098485520838;0,575176031884981;0,8;0,9
569;41,9452159465604;6,36342323020558;1;1
570;41,8618256034003;19,1616689669384;1;1
571;38,0359597667139;1,1343401931085;1;1
572;39,4931642381641;0,920608894394377;1;1
573;39,5045836820886;5,49616054948976;0,8;0,9
574;43,7620902928565;21,4958170033789;0,8;0,9
575;40,3608860276971;1,77060335996035;1;1
576;40,4082747040594;8,91328050163015;0,8;0,9
577;39,1771714199673;1,28165853805162;0,8;0,9
578;40,2086757761042;4,22011070658085;1;1
579;40,2646074467485;9,11992800517759;1;1
580;39,9925980538518;6,69399596387967;1;1
581;38,7614548962017;1,83524067282549;1;1
582;40,4394613063047;7,75905578474143;1;1
583;39,2718636946157;3,38684551958697;0,8;0,9
584;39,2907402084963;6,6757412251454;1;1
585;40,9408103233339;5,9884341785226;1;1
586;38,957597050653;0,4679857693786;1;1
587;38,9972798735513;1,43933784940724;0,8;0,9
588;39,9796599575248;0,94318540675557;0,8;0,9
589;40,6956993645112;16,4950899200443;0,8;0,9
590;39,9695811242723;2,47249030237555;1;1
591;40,6894706825885;5,9584920651324;1;1
592;42,2313505571436;10,4718581618857;1;1
593;38,0412657778123;4,8367993770363;0,8;0,9
594;41,5457947808725;13,3199431148823;0,8;0,9
595;38,7322540812987;1,41175379953354;1;1
596;38,5662836079128;4,14216331721278;0,8;0,9
597;40,6433606988673;5,35569870092562;1;1
598;39,5923701998597;2,93515717775576;0,8;0,9
599;40,784373787704;7,38297500872161;1;1
600;39,5551678583951;1,94664185589298;1;1
601;40,1068971284762;3,9871362063368;1;1
602;38,3870708176723;2,38573282858598;0,8;0,9
603;38,1421207703804;12,1556960145923;0,8;0,9
604;41,7811373754383;24,2655671609966;0,8;0,9
605;40,7133388843195;5,50110862337076;1;1
606;41,5379352809177;14,6830163921329;0,8;0,9
607;38,5607882981751;10,4823555903245;1;1
608;39,3482480401714;1,8100732535516;1;1
609;39,3367426135641;3,21323277801115;0,8;0,9
610;44,1165241221177;20,6316973156523;0,8;0,9
611;44,956393924493;18,1487415368264;1;1
612;41,4245610018157;22,5773151168638;0,8;0,9
613;41,9372497778228;12,3607055760845;1;1
614;40,6021923132022;5,78869987706635;0,8;0,9
615;40,8122424425309;6,55356752813654;0,8;0,9
616;40,7138124130012;3,58525979355908;0,8;0,9
617;45,992289175808;21,958116428455;1;1
618;37,7160790190719;5,75165467455765;0,8;0,9
619;40,623122899021;14,6861910337378;1;1
620;39,5550502202135;5,3408036519338;1;1
621;41,5820739979347;16,3804379241632;0,8;0,9
622;39,9237932441925;7,2914594928378;0,8;0,9
623;39,6018910148422;8,48141189696018;1;1
624;42,9301239364497;18,9571232946415;1;1
625;40,7794244355027;4,32350637748357;1;1
626;42,3321537996905;8,7202232688975;0,8;0,9
627;39,9406459926101;1,5385754868478;1;1
628;39,4647568484632;3,45621252450304;1;1
629;39,0444207772438;2,41280100882879;0,8;0,9
630;40,643085790737;3,17981564253473;1;1
631;40,7535540819316;9,92765191234097;1;1
632;40,2805912048261;7,67034464571363;0,8;0,9
633;38,7021125697772;3,02923441621674;0,8;0,9
634;43,1226155520996;13,588997973366;0,8;0,9
635;41,3908987954604;17,0872696091222;1;1
636;38,8422088570837;2,43639361307685;0,8;0,9
637;43,9904895645674;15,9966072185913;0,8;0,9
638;42,1298616491475;15,0608551431701;0,8;0,9
639;40,1130810762132;0,470130254695201;1;1
640;38,7059780176938;5,28733427864034;0,8;0,9
641;40,1404349211316;4,2728539265052;0,8;0,9
642;41,3154335185003;6,80058146078989;0,8;0,9
643;38,8613724955998;8,36031151747209;0,8;0,9
644;42,0314879236816;24,8054063472208;0,8;0,9
645;42,1310278528263;7,98057696203365;0,8;0,9
646;37,3239415815369;5,73296690787703;0,8;0,9
647;41,1577297483322;10,7599823830293;0,8;0,9
648;42,780405294688;19,3240387590425;0,8;0,9
649;40,1312076812063;0;1;1
650;40,084117904083;7,18918778050977;0,8;0,9
651;41,4823348239938;7,98666034531282;0,8;0,9
652;40,4054259362223;3,82207998797217;0,8;0,9
653;38,6152334665958;0,742450692252909;0,8;0,9
654;40,8543578447872;3,46844478541009;1;1
655;40,5204982181456;5,01796426614585;0,8;0,9
656;40,5498271795196;7,71326689700631;1;1
657;38,7762533716417;3,73181142301031;0,8;0,9
658;43,3484748129959;17,2336950513562;0,8;0,9
659;40,4983280832778;6,09286772480922;0,8;0,9
660;38,7543493772761;2,22402474879066;0,8;0,9
661;39,7221788831004;2,46636976268166;1;1
662;41,7577099645144;16,1891168985809;0,8;0,9
663;41,6600698710201;3,29666512324111;0,8;0,9
664;39,3438542618637;6,49397080110676;1;1
665;39,9888482512372;6,53784943430361;0,8;0,9
666;40,1612176315852;4,01400218435568;1;1
667;38,899726298248;0;1;1
668;43,661632627721;20,8995637843187;1;1
669;39,7394754998394;21,7890358345441;0,8;0,9
670;42,267112802377;17,4717049526234;0,8;0,9
671;38,7644815670961;11,0435499617817;0,8;0,9
672;38,6780755636511;4,57084872496576;0,8;0,9
673;38,2476804275423;1,37732995421458;1;1
674;39,3970852826705;10,5306393732767;1;1
675;40,0095305354693;14,3677542180831;0,8;0,9
676;38,7767979796389;2,51343628054884;0,8;0,9
677;41,539827978956;7,42833105854;1;1
678;40,9532433964586;19,716052088657;0,8;0,9
679;39,6500685422868;5,29785380596411;1;1
680;39,5128368513345;7,13098885695447;0,8;0,9
681;40,4337899214458;10,408099362083;0,8;0,9
682;40,8792820608988;13,886441665968;0,8;0,9
683;40,3547010648086;12,4349617346749;0,8;0,9
684;37,97096311322;3,41569804881268;0,8;0,9
685;40,4175676906665;11,9915665501171;1;1
686;38,3279468544589;0;1;1
687;36,9796966772617;0,339166476470361;1;1
688;43,527116588085;32,1427314501163;0,8;0,9
689;37,9365528824189;2,0661391039874;0,8;0,9
690;41,0504195820154;4,27360709688066;1;1
691;39,1696962824846;3,98956297041449;0,8;0,9
692;39,8883210124212;0,644005893256326;1;1
693;40,5987219523639;11,2803271109128;1;1
694;45,0704101540712;18,8446737290278;0,8;0,9
695;39,1567084549748;3,79704392750977;0,8;0,9
696;41,0091168865492;4,26067460281613;0,8;0,9
697;42,6908248164161;26,7155023793978;0,8;0,9
698;40,7112715967836;7,81926783373707;1;1
699;40,0691211351385;18,3661183635143;0,8;0,9
700;41,5902025221395;17,97870593162;0,8;0,9
701;40,7563252143834;4,26843274817779;0,8;0,9
702;40,3800668331373;3,68919228031177;1;1
703;40,8570186818193;16,3445268637356;0,8;0,9
704;42,1270947856474;15,1740648715356;0,8;0,9
705;38,6982945996536;3,5324064249934;0,8;0,9
706;40,0337724479736;1,1686919751711;1;1
707;41,0789659605216;8,11664811158948;1;1
708;39,3133503083706;1,7970188852019;1;1
709;43,6055890949728;27,8616612789343;0,8;0,9
710;39,1001109554427;11,2501216893771;0,8;0,9
711;39,0386169791574;9,72681869016929;0,8;0,9
712;40,2537812261624;3,34291227660046;1;1
713;38,9332596140799;2,72418695191148;0,8;0,9
714;40,8644963335146;13,6927510019613;0,8;0,9
715;39,129492732189;4,52770943086772;1;1
716;41,5654644382274;9,40986517856018;0,8;0,9
717;44,9959074112495;31,0707955299912;0,8;0,9
718;38,7353479148057;4,67111562822789;1;1
719;41,2779574407646;9,9624227623035;1;1
720;44,3570845351146;22,430598921268;0,8;0,9
721;41,9376926514525;6,09561389211689;1;1
722;37,6515206429995;4,90693450232433;0,8;0,9
723;40,7872705703846;8,68129313691271;1;1
724;44,2370076837254;27,9815765656327;0,8;0,9
725;39,3677605450999;6,36031203461298;0,8;0,9
726;39,9683947858766;5,31118486523346;0,8;0,9
727;38,5493426728;2,53155222244817;1;1
728;42,0391566938808;13,5083012614102;0,8;0,9
729;38,4415700212366;12,6718649661635;0,8;0,9
730;40,1459404537461;3,97818481441582;0,8;0,9
731;39,13556669574;3,52573661710576;1;1
732;41,0209133500998;16,6487809693854;0,8;0,9
733;42,6830857257617;8,83857325331963;1;1
734;39,5688233804125;6,57567030837476;0,8;0,9
735;40,8220911421161;16,6469578989112;0,8;0,9
736;42,0237507964843;5,65068506160498;0,8;0,9
737;42,4949878998615;33,0109783040478;0,8;0,9
738;42,2085809846927;11,8739768441647;1;1
739;39,1294564789436;18,6550434511578;0,8;0,9
740;40,1594819060706;0,762618453627811;1;1
741;43,5950681133069;22,4844325745296;0,8;0,9
742;38,056689818028;5,57942635872423;0,8;0,9
743;38,2921021129953;3,27113390875989;1;1
744;40,1379885947686;2,88015312675164;1;1
745;39,1521379723039;18,3211490330913;0,8;0,9
746;40,3175969489241;3,12856202792101;1;1
747;38,9570322071535;2,87827847717606;0,8;0,9
748;40,1368933648176;8,47870328754746;0,8;0,9
749;39,092932365196;10,2941677480012;1;1
750;40,9173540435371;6,46468583735063;1;1
751;43,2230768779644;9,36940430177407;1;1
752;39,0773575093128;1,77841761558218;1;1
753;38,8135730584116;0;1;1
754;39,4951874506469;5,15769547943634;1;1
755;38,3868473880902;3,03369122654566;0,8;0,9
756;39,0650245638204;6,1953845843044;0,8;0,9
757;41,1857609695561;14,4236360628245;1;1
758;39,3272751634475;5,18879768373014;1;1
759;37,4555808357797;0,309376980688308;0,8;0,9
760;39,91109755062;1,97129610127201;0,8;0,9
761;39,4766233000523;3,90966577591479;0,8;0,9
762;40,9235303785612;15,6933918344901;0,8;0,9
763;37,6650772940321;0,119609261378621;1;1
764;41,3093417170219;15,2307261746915;0,8;0,9
765;37,809922743552;2,36257662266277;1;1
766;40,2080259798507;7,15769275336296;1;1
767;41,1908237935198;0,0159720865474675;1;1
768;38,5171008617604;4,39325432467159;0,8;0,9
769;40,4447064194225;12,9970964935841;1;1
770;38,420965827618;3,77302699614471;0,8;0,9
771;42,0930657676977;11,5720397583383;0,8;0,9
772;38,0424315817429;3,67779410857792;1;1
773;40,986045437418;20,7688010880267;0,8;0,9
774;43,5132782758354;15,6251157112626;1;1
775;39,707500308967;6,33253356301016;1;1
776;44,680548537208;30,8247458572019;0,8;0,9
777;44,4435903114242;35,2023216699239;0,8;0,9
778;38,6933532994997;5,60906764998923;0,8;0,9
779;40,6160681480707;2,74683712606382;1;1
780;42,6621765537324;18,352465819322;0,8;0,9
781;37,5588624039503;0;1;1
782;40,1633077740073;14,9023266349456;1;1
783;38,5634953181202;3,05678640403119;1;1
784;38,8300866199713;5,88836257280624;1;1
785;41,4407790685026;18,0161791511461;1;1
786;41,8778169343796;19,076379668649;0,8;0,9
787;39,3577096547766;0,875133583483025;0,8;0,9
788;39,8813951869804;1,67996194356184;1;1
789;39,6576694083018;13,0659078596569;1;1
790;39,2973711956085;4,35233610879641;1;1
791;38,8703537923607;1,5372760308104;0,8;0,9
792;42,5984154058732;10,6278663467519;1;1
793;39,6744860685913;8,5332931351359;1;1
794;43,091489983143;8,1942059065564;0,8;0,9
795;42,3281207373343;9,65565283549683;1;1
796;40,8519482533059;19,9334253577238;0,8;0,9
797;40,9689915205827;7,64092731366257;1;1
798;39,2428388841989;3,50798084067657;1;1
799;41,8365000561692;15,1197748585967;0,8;0,9
800;39,833426225612;4,84667100883723;0,8;0,9
801;40,7190131518618;6,54086815811904;0,8;0,9
802;39,2923751498311;25,6173481304956;0,8;0,9
803;41,4251876516513;17,5684166055392;0,8;0,9
804;40,6266185639455;9,96074589488966;1;1
805;38,7844273259567;4,81400898943719;0,8;0,9
806;39,377665107017;0,58971044378574;0,8;0,9
807;41,726421703108;4,55026332098437;0,8;0,9
808;41,866476400322;31,0081054796726;0,8;0,9
809;39,1828367247144;13,725469892858;0,8;0,9
810;39,4528256119496;3,75796073833786;0,8;0,9
811;38,5445075772392;13,1954767078747;0,8;0,9
812;42,8474268690951;7,76297299984334;0,8;0,9
813;41,2548663608548;15,9294276321157;0,8;0,9
814;42,6089749772753;11,0336060957923;0,8;0,9
815;40,9069962228588;1,73410006877537;1;1
816;42,1204255930591;9,99872081727803;1;1
817;39,4313167815247;0,340814723768588;1;1
818;39,8053944468741;9,76161431578657;0,8;0,9
819;39,3970779370765;2,08718197064722;0,8;0,9
820;40,6197631029481;2,78045970815931;0,8;0,9
821;42,1915571739579;23,3417565172639;0,8;0,9
822;39,6890064198929;1,40400601491309;1;1
823;43,7650312443909;36,75580689303;0,8;0,9
824;37,5943311102328;1,29785448962837;1;1
825;39,3406361765178;0,0554715523803111;1;1
826;43,5517556807068;27,3977400320178;0,8;0,9
827;38,6487088698996;5,69119466806273;0,8;0,9
828;40,3520135127211;12,5178333506726;0,8;0,9
829;38,6897978359945;0;1;1
830;37,8868245830275;1,54728148041786;0,8;0,9
831;41,3404170654054;17,796529119953;0,8;0,9
832;42,7033168542848;27,6929583680784;0,8;0,9
833;39,100347285895;1,08129435098427;1;1
834;41,3209309029401;9,0269585822888;1;1
835;42,1643770950848;3,16245128461918;1;1
836;40,2038743350162;5,17367872778075;0,8;0,9
837;39,5982505009867;4,65637125528651;0,8;0,9
838;39,3328560715037;0,35396117927175;0,8;0,9
839;38,2620759920338;3,61348582359449;1;1
840;39,2232111535486;6,65197887131027;1;1
841;39,8913463176584;1,24578427944678;1;1
842;41,9187015737169;9,15357860017337;0,8;0,9
843;39,6727943650424;11,5951494624956;0,8;0,9
844;40,2215712814072;6,46688071192169;0,8;0,9
845;40,1298349969723;3,33480605518285;0,8;0,9
846;44,163445795988;29,1704559207935;0,8;0,9
847;40,4382249098401;8,82859367201914;1;1
848;40,9330999484416;11,2899942513102;0,8;0,9
849;40,0509045873944;7,24443505111431;1;1
850;41,9617787756887;14,1164942509392;0,8;0,9
851;39,9224571656761;2,3645937907164;0,8;0,9
852;40,8174480930366;1,60359231707579;1;1
853;40,206996784298;8,2429403764876;0,8;0,9
854;38,5948215949367;1,12102842165336;1;1
855;39,7071541314789;16,6600662769663;0,8;0,9
856;39,4756045417373;16,1132990615956;1;1
857;39,8831758021091;5,49781519786436;0,8;0,9
858;38,6350034208974;1,65242101784775;0,8;0,9
859;42,5493277430578;11,6584909422818;1;1
860;40,6244692494922;7,94182228568529;1;1
861;39,3382533948891;6,52431928045547;0,8;0,9
862;39,339073597688;3,0982974680412;0,8;0,9
863;40,3273960462213;2,33344751761859;1;1
864;42,7807567655128;18,7789334970832;0,8;0,9
865;40,4425493997464;12,6348786049537;0,8;0,9
866;41,0585499806907;8,98726574619955;1;1
867;42,8865738457189;20,8258402168379;1;1
868;38,4629383077448;1,80466356787072;0,8;0,9
869;39,5183990474371;3,58295996640288;0,8;0,9
870;42,2893904083739;6,22070029789738;0,8;0,9
871;41,8992754918234;11,3127521774425;1;1
872;39,1590091054132;5,85386693920525;0,8;0,9
873;43,2116614018887;24,5807632159614;0,8;0,9
874;39,7003559950393;0,764076286789118;1;1
875;40,0374485657115;3,4212609067138;1;1
876;38,9473318239383;0,943164972706807;1;1
877;40,7563335111093;8,84715994264233;1;1
878;40,4123651652714;10,834659264071;1;1
879;43,9649042056822;23,354519632029;1;1
880;38,477453668896;1,37138937507978;0,8;0,9
881;40,4733953067167;10,9262715968433;1;1
882;40,7911386547697;3,15253322575538;1;1
883;39,1176850358115;9,58891793811088;0,8;0,9
884;40,7138521240037;6,16401941889691;0,8;0,9
885;38,9595682874917;8,61248350463241;0,8;0,9
886;38,8283910017437;0,0468409027912884;1;1
887;41,6782554761278;5,24014960133945;0,8;0,9
888;40,384353945091;16,6193113729762;0,8;0,9
889;40,8066602148452;8,75404850027724;0,8;0,9
890;43,4386350131251;7,25864012205644;1;1
891;41,158079167775;11,0961235334755;1;1
892;41,0332806740208;19,808912041477;0,8;0,9
893;38,5938945425644;1,75986268633712;1;1
894;38,6229365552568;4,96259417746555;1;1
895;40,1007185517693;10,2748069523141;1;1
896;42,2786055593055;4,14355065063051;0,8;0,9
897;39,4411510925062;1,08444174299011;1;1
898;39,0692333011177;3,17073856282459;1;1
899;39,7622728685757;7,41370842679713;1;1
900;39,200649534933;5,68608553641802;0,8;0,9
901;38,8650354668603;6,2049060001446;1;1
902;38,6270523396196;3,39646183980038;1;1
903;38,3621878045993;11,6868932047697;0,8;0,9
904;40,5344467391922;11,0582659616774;1;1
905;40,0870208012671;3,86510928146058;0,8;0,9
906;39,8150493408213;15,2863785410614;1;1
907;38,3804895058488;2,04493652650701;1;1
908;40,6975187565196;2,18141579156416;1;1
909;43,3955038745014;18,6973651606183;1;1
910;38,0512646504732;8,58781203169029;0,8;0,9
911;39,6579393396824;0,388787909682904;1;1
912;39,2829296253369;7,63468000180362;1;1
913;42,6198844496323;19,9426885719063;0,8;0,9
914;38,2391283068144;2,08003576595456;0,8;0,9
915;37,2288638183433;1,06081720876765;1;1
916;39,9189704430468;1,31132006667748;1;1
917;43,3262050353406;18,4521358389164;0,8;0,9
918;40,9652929078781;5,80244855458153;0,8;0,9
919;45,3791422641114;15,784976370932;0,8;0,9
920;39,4533661854081;0;1;1
921;40,0596223419366;11,9283613938317;0,8;0,9
922;41,2538616640568;18,4449757125999;1;1
923;44,6408008705499;24,9099210566971;1;1
924;40,3005840979536;9,5742603041989;0,8;0,9
925;37,3634194041164;4,04208422114915;0,8;0,9
926;39,7171480039043;8,21034628325461;1;1
927;40,7911945557521;0,962480267452364;1;1
928;38,8876942156428;0,672593620766947;0,8;0,9
929;41,6563747617101;8,40060562686431;1;1
930;40,5496606162653;3,3158050403097;1;1
931;40,9045959267276;9,2136427495129;0,8;0,9
932;40,6809499437442;4,87940434908294;1;1
933;40,4596742878647;9,24680622782397;0,8;0,9
934;40,9661587800067;15,1329005098294;0,8;0,9
935;40,8096936154434;7,83068037479036;0,8;0,9
936;39,1625540610204;4,43664792309903;1;1
937;40,1101018850325;6,91088432023941;0,8;0,9
938;38,6380635087325;4,53714705036254;0,8;0,9
939;39,9318472962143;1,72531707582192;0,8;0,9
940;39,940411152557;3,69457466717977;0,8;0,9
941;37,9027596985618;4,51438660147686;1;1
942;41,1516182150998;10,222553198465;1;1
943;39,9867735603114;1,24458175070347;1;1
944;39,9482405884802;11,2917577065411;0,8;0,9
945;38,4310884703105;1,64488939822918;0,8;0,9
946;40,8414759443382;9,63119991755059;0,8;0,9
947;39,6173519361443;3,01198697930759;0,8;0,9
948;37,8043565536692;7,07884245501897;0,8;0,9
949;40,1587325575995;6,28185598587477;0,8;0,9
950;39,6947333194884;0;1;1
951;38,2251493285217;3,06728725672357;1;1
952;40,9217430203486;17,6742324500302;0,8;0,9
953;41,3366136114263;3,1118761932;1;1
954;43,2883621880169;18,9747379715472;0,8;0,9
955;42,6672595635413;18,3621967939774;0,8;0,9
956;41,1531021566553;5,69838360870779;1;1
957;42,6277673471783;26,0035481767829;0,8;0,9
958;41,6169079206826;12,5293623465553;0,8;0,9
959;42,6113464462885;13,8298754080213;1;1
960;44,1465532213353;31,1639291833678;0,8;0,9
961;38,3131701138233;0;1;1
962;40,6567045821319;2,22826513621548;1;1
963;39,0570242839283;4,76137831925135;1;1
964;42,1210822562562;8,99662734569041;0,8;0,9
965;39,6868108223819;4,55702149088512;0,8;0,9
966;40,3622924070519;6,56030240048238;0,8;0,9
967;40,3938193498272;10,3256521068913;0,8;0,9
968;40,3604143954281;1,6428427029451;1;1
969;43,9233371675491;33,2337937849595;0,8;0,9
970;42,0184269607217;16,5324769981783;0,8;0,9
971;44,0126575873797;19,3284364014558;0,8;0,9
972;44,0379134760414;26,0502502464502;0,8;0,9
973;40,5937722364231;13,2879517889983;0,8;0,9
974;40,2441313889587;15,8470231835768;0,8;0,9
975;39,8103217373541;0;1;1
976;45,191422154409;19,5021126833441;1;1
977;40,8866634829904;5,28882450446433;1;1
978;37,5143417787945;0;1;1
979;39,1079186658749;3,008733214099;1;1
980;37,7837787773621;1,81076927615342;1;1
981;39,754421012075;0,372336201846924;1;1
982;37,9219899806333;9,04214172135281;0,8;0,9
983;41,4627521510732;17,0693583967748;1;1
984;38,7994938721725;3,03825289569641;0,8;0,9
985;40,6670016832068;3,5461619680252;0,8;0,9
986;38,6481714524218;0;1;1
987;38,4303072076921;9,59140857502257;1;1
988;42,9235531877667;21,6254686599813;0,8;0,9
989;41,8146971177441;9,24023361046474;0,8;0,9
990;39,9115767541244;10,7945815104727;0,8;0,9
991;41,5003604989518;12,9559906340094;0,8;0,9
992;40,4109982566069;10,6521817792584;1;1
993;38,7506298470266;1,40554581342642;1;1
994;41,8633925183011;10,6467584038717;0,8;0,9
995;37,768881371385;4,34474511065953;1;1
996;42,0987698424684;5,21217135316408;0,8;0,9
997;38,8473670685969;1,04991414917428;1;1
998;43,6217721351011;15,8779555020749;1;1
999;41,7123127070954;21,0061764829691;0,8;0,9
