Instance Name; Schedule Type;SoFS;Run nr;QM1;QM2
100j-250r-6m.ms;Random;973;1;380,01851410781;1175,49604643867;0,99009900990099;0,99009900990099
100j-250r-6m.ms;Random;973;2;340;87,9473898353843;0,138613861386139;0,138613861386139
100j-250r-6m.ms;Random;973;3;369,595606027279;1075,74743419821;0,99009900990099;0,99009900990099
100j-250r-6m.ms;Random;973;4;378,73261255105;1465,09290213017;0,99009900990099;0,99009900990099
100j-250r-6m.ms;Random;973;5;369,191404747148;1040,38814353086;0,99009900990099;0,99009900990099
100j-250r-6m.ms;Random;973;6;340;97,6794947519761;0,138613861386139;0,138613861386139
100j-250r-6m.ms;Random;973;7;367,84679152461;1127,82895543098;0,99009900990099;0,99009900990099
100j-250r-6m.ms;Random;973;8;340;98,5401432753168;0,138613861386139;0,138613861386139
100j-250r-6m.ms;Random;973;9;340;92,5623472357321;0,138613861386139;0,138613861386139
