0;172,320313460394;706,743185572841;0,98019801980198;1
1;173,451492239155;610,904551480923;0,98019801980198;0,99009900990099
2;172,415708609273;791,072101845677;0,98019801980198;0,99009900990099
3;172,886611673852;663,760936372241;0,98019801980198;0,99009900990099
4;169,31586439071;703,233801939661;0,98019801980198;1
5;171,717543914485;780,881169293491;0,98019801980198;1
6;169,631576286086;685,485737733883;0,98019801980198;0,99009900990099
7;170,770997490994;733,149140431144;0,98019801980198;1
8;171,187540413586;735,251139049557;0,98019801980198;0,99009900990099
9;170,999632526967;643,29349647318;0,98019801980198;0,99009900990099
10;169,807534109872;674,78735836828;0,98019801980198;0,99009900990099
11;170,54775697035;713,661176134723;0,98019801980198;0,99009900990099
12;152;522,479000768404;0,722772277227723;0,742574257425743
13;172,1402062918;625,101204313117;0,98019801980198;0,99009900990099
14;170,35886672222;719,435005171577;0,98019801980198;0,99009900990099
15;168,453017378495;695,573288045194;0,98019801980198;0,99009900990099
16;169,734370938485;725,401749059517;0,98019801980198;0,99009900990099
17;172,264277817374;667,046657175731;0,98019801980198;1
18;171,599934686548;612,313086929552;0,98019801980198;1
19;171,075890743374;591,766186206717;0,98019801980198;1
20;169,268799806806;776,28729970004;0,98019801980198;1
21;169,693558828825;824,182818355699;0,98019801980198;0,99009900990099
22;171,148774983331;673,12628152476;0,98019801980198;0,99009900990099
23;170,139514190045;621,599591115592;0,98019801980198;0,99009900990099
24;170,65067386576;645,109103899785;0,98019801980198;1
25;176,141396410107;745,955840286704;0,98019801980198;1
26;174,073089338669;705,144690094928;0,98019801980198;0,99009900990099
27;169,748410262913;630,373356304489;0,98019801980198;1
28;170,742714730611;693,147513473339;0,98019801980198;0,99009900990099
29;170,439567109266;661,197638356161;0,98019801980198;0,99009900990099
30;169,553801836981;722,352199216619;0,98019801980198;1
31;173,29261919001;727,016021271758;0,98019801980198;1
32;171,756060169974;769,226984200212;0,98019801980198;1
33;175,499132908364;730,196861769984;0,98019801980198;1
34;170,806728391551;780,735164281075;0,98019801980198;0,99009900990099
35;169,619401255198;826,48253331711;0,98019801980198;0,99009900990099
36;170,538921019719;741,619686834285;0,98019801980198;0,99009900990099
37;175,041661472714;726,449729872375;0,98019801980198;1
38;171,862298006802;648,924952264622;0,98019801980198;0,99009900990099
39;170,170920768941;679,229694608439;0,98019801980198;1
40;168,027994707569;668,167718699039;0,98019801980198;0,99009900990099
41;172,249837738179;697,189090725809;0,98019801980198;0,99009900990099
42;170,658914018368;615,841463099691;0,98019801980198;0,99009900990099
43;172,180246852201;789,795768510801;0,98019801980198;0,99009900990099
44;170,208844160566;706,35886595757;0,98019801980198;1
45;168,809634410826;636,750419507431;0,98019801980198;0,99009900990099
46;168,106752974805;740,805074385121;0,98019801980198;0,99009900990099
47;173,027398167648;779,436545546813;0,98019801980198;1
48;167,379041069086;651,769786221616;0,98019801980198;0,99009900990099
49;169,317477312067;634,513900104351;0,98019801980198;1
50;170,643193745225;624,375130026337;0,98019801980198;1
51;170,554670447746;706,370749565151;0,98019801980198;1
52;170,718554247711;675,243725969228;0,98019801980198;0,99009900990099
53;170,085449454479;746,870458748346;0,98019801980198;1
54;172,213244759309;655,866874340742;0,98019801980198;1
55;174,977610872768;841,374755092608;0,98019801980198;0,99009900990099
56;169,091390894464;724,888207135468;0,98019801980198;1
57;169,401857844189;630,113056629493;0,98019801980198;1
58;170,694381541135;665,156617646476;0,98019801980198;1
59;169,930061795676;638,060765899698;0,98019801980198;1
60;167,918217750557;794,390740494556;0,98019801980198;0,99009900990099
61;169,101474909624;749,124689013723;0,98019801980198;0,99009900990099
62;173,166910179544;723,40358430105;0,98019801980198;1
63;172,120192367897;796,888319519263;0,98019801980198;1
64;174,376269112468;675,66750848768;0,98019801980198;0,99009900990099
65;173,122714987269;811,212690225966;0,98019801980198;1
66;168,406543964804;744,007803931801;0,98019801980198;1
67;170,365238573223;651,562016818124;0,98019801980198;1
68;170,352124238483;547,746125463952;0,98019801980198;0,99009900990099
69;169,172329402178;754,595312685562;0,98019801980198;1
70;169,287910202258;649,996213140767;0,98019801980198;0,99009900990099
71;169,312133299656;717,68476531668;0,98019801980198;0,99009900990099
72;170,308379908769;658,162834726579;0,98019801980198;0,99009900990099
73;170,374298513152;669,25256638375;0,98019801980198;0,99009900990099
74;169,89161935849;670,609941398069;0,98019801980198;0,99009900990099
75;170,483740708104;765,977715615342;0,98019801980198;1
76;173,418831647336;711,981427314081;0,98019801980198;0,99009900990099
77;171,17536687556;631,32041647431;0,98019801980198;1
78;175,385977832231;838,042908193708;0,98019801980198;1
79;168,023741418411;698,182357974509;0,98019801980198;1
80;169,045809351465;680,822371273289;0,98019801980198;1
81;178,091762825043;758,418875455871;0,98019801980198;1
82;169,563624388912;690,550379752784;0,98019801980198;1
83;169,345128268239;705,322181320605;0,98019801980198;0,99009900990099
84;170,240721270996;705,316246214547;0,98019801980198;0,99009900990099
85;168,66836878557;537,817202997526;0,98019801980198;1
86;169,712392758841;715,033762285653;0,98019801980198;0,99009900990099
87;168,458896967947;702,175302978176;0,98019801980198;1
88;175,358557285038;680,678737389195;0,98019801980198;1
89;169,474179818758;607,84317701143;0,98019801980198;1
90;169,677093970355;680,770597259349;0,98019801980198;0,99009900990099
91;170,336439296575;723,142718272305;0,98019801980198;0,99009900990099
92;170,672768917393;690,246901638079;0,98019801980198;0,99009900990099
93;168,945256192633;718,23414335513;0,98019801980198;0,99009900990099
94;169,95237314177;769,56033921818;0,98019801980198;1
95;168,435192882387;783,374937033873;0,98019801980198;0,99009900990099
96;173,988823771463;699,460872509793;0,98019801980198;1
97;167,546635270734;616,174404045797;0,98019801980198;1
98;174,622335340218;756,621362643946;0,98019801980198;1
99;167,52359007778;722,577900661314;0,98019801980198;1
100;171,894948480558;684,818106826448;0,98019801980198;0,99009900990099
101;171,907615860383;656,765604366233;0,98019801980198;1
102;171,93209725471;681,854045234653;0,98019801980198;0,99009900990099
103;174,797676953538;762,428989598093;0,98019801980198;0,99009900990099
104;169,500377243449;626,121806246167;0,98019801980198;0,99009900990099
105;169,512518348772;671,224600753979;0,98019801980198;1
106;169,477489625138;609,331946383521;0,98019801980198;1
107;172,468142152039;784,248501747155;0,98019801980198;1
108;171,653377411702;616,669143538809;0,98019801980198;1
109;170,91044322671;693,800258041439;0,98019801980198;0,99009900990099
110;168,93099672918;597,248946650798;0,98019801980198;1
111;169,415506834566;679,703445260532;0,98019801980198;1
112;171,121581319582;616,135923914549;0,98019801980198;1
113;174,371896812149;794,250323242579;0,98019801980198;0,99009900990099
114;171,921042575327;586,799527548555;0,98019801980198;1
115;170,618293736296;626,427570622217;0,98019801980198;1
116;170,948697023713;765,707365438351;0,98019801980198;1
117;168,704147782056;653,316467686464;0,98019801980198;1
118;172,109982008551;672,366160562258;0,98019801980198;0,99009900990099
119;167,597597806156;729,646495147461;0,98019801980198;0,99009900990099
120;169,434700431784;628,95730032344;0,98019801980198;1
121;172,301763267613;727,944370127552;0,98019801980198;1
122;170,038026305621;668,222962969234;0,98019801980198;0,99009900990099
123;169,334070840966;683,999356913561;0,98019801980198;0,99009900990099
124;169,015998729816;787,899339044209;0,98019801980198;0,99009900990099
125;170,593947994642;718,641817185218;0,98019801980198;1
126;176,172225761954;806,603550976754;0,98019801980198;0,99009900990099
127;169,037584121793;665,985666509848;0,98019801980198;0,99009900990099
128;173,650568414714;639,698456797019;0,98019801980198;0,99009900990099
129;170,127881161508;744,888219746274;0,98019801980198;1
130;169,383747535789;725,20097681089;0,98019801980198;1
131;171,406105577437;741,685383953312;0,98019801980198;1
132;171,164072040562;681,156420567113;0,98019801980198;1
133;169,786693510362;729,407345335313;0,98019801980198;0,99009900990099
134;171,521748362018;721,353707667199;0,98019801980198;1
135;169,389158749101;650,336313724512;0,98019801980198;1
136;169,322644148393;739,644252226518;0,98019801980198;0,99009900990099
137;174,106586191626;692,061409620376;0,98019801980198;0,99009900990099
138;171,850042395787;749,122514126151;0,98019801980198;0,99009900990099
139;172,988541928098;626,790980102132;0,98019801980198;1
140;170,213829121277;720,978401069732;0,98019801980198;0,99009900990099
141;172,267315402875;622,333357919032;0,98019801980198;1
142;176,318051778517;832,183751410749;0,98019801980198;1
143;168,946791508367;773,070951759542;0,98019801980198;1
144;171,010440894064;763,262174406261;0,98019801980198;1
145;170,890586642821;710,79825638945;0,98019801980198;1
146;171,233507299678;754,873804941707;0,98019801980198;0,99009900990099
147;169,00174797992;704,939885755259;0,98019801980198;1
148;171,674607111735;735,564420496696;0,98019801980198;1
149;169,30131408419;710,163592832546;0,98019801980198;1
150;173,223215361048;699,893850882304;0,98019801980198;1
151;171,837605852668;608,756169591462;0,98019801980198;0,99009900990099
152;172,39920081346;664,763277755684;0,98019801980198;1
153;169,987531110475;628,367625192299;0,98019801980198;1
154;172,203798343652;629,856122294976;0,98019801980198;1
155;167,728188545029;707,035271422444;0,98019801980198;1
156;168,303599597711;717,696969317735;0,98019801980198;1
157;169,330757044788;633,65594191073;0,98019801980198;1
158;170,202656727941;698,179041422691;0,98019801980198;0,99009900990099
159;171,824550667183;590,601409054643;0,98019801980198;0,99009900990099
160;171,458236818722;795,112192106064;0,98019801980198;0,99009900990099
161;170,732279549506;686,009672232739;0,98019801980198;0,99009900990099
162;174,36439714858;794,080645019308;0,98019801980198;1
163;173,216794762026;792,202210177872;0,98019801980198;1
164;171,115025275062;731,99212534125;0,98019801980198;0,99009900990099
165;171,270711635096;650,796782379521;0,98019801980198;0,99009900990099
166;173,650069351017;708,652777041464;0,98019801980198;0,99009900990099
167;172,185349728379;670,337032317136;0,98019801980198;1
168;169,400131260488;732,040014616872;0,98019801980198;1
169;169,652522963454;795,492408547332;0,98019801980198;0,99009900990099
170;168,493627807535;817,195349575833;0,98019801980198;0,99009900990099
171;168,377881222238;712,917685321577;0,98019801980198;1
172;170,733522225543;649,809411743402;0,98019801980198;0,99009900990099
173;169,579074749455;668,794942814164;0,98019801980198;1
174;172,993257240528;708,793385784166;0,98019801980198;0,99009900990099
175;167,766377811787;726,151179818028;0,98019801980198;0,99009900990099
176;170,425019216103;692,771154538966;0,98019801980198;0,99009900990099
177;168,594312995054;717,950143782336;0,98019801980198;0,99009900990099
178;168,221200828021;761,496988581529;0,98019801980198;1
179;170,351975572601;852,344412635492;0,98019801980198;0,99009900990099
180;168,113053582605;686,126493473718;0,98019801980198;0,99009900990099
181;171,276378620886;807,742555741018;0,98019801980198;1
182;170,56442513915;713,198461566114;0,98019801980198;0,99009900990099
183;172,841915012001;771,714267313595;0,98019801980198;1
184;169,34543148784;713,880696423906;0,98019801980198;1
185;170,662338302445;706,004229359839;0,98019801980198;0,99009900990099
186;168,65754469531;602,12235595803;0,98019801980198;1
187;169,841900921529;598,708832641969;0,98019801980198;0,99009900990099
188;169,092456605078;738,435406355242;0,98019801980198;1
189;170,401513420806;697,721145138813;0,98019801980198;1
190;169,34705838138;711,321343439465;0,98019801980198;1
191;169,480688471504;655,690391220051;0,98019801980198;0,99009900990099
192;174,098999041571;818,470985222001;0,98019801980198;0,99009900990099
193;170,303633169564;718,225467445628;0,98019801980198;1
194;173,156588575295;845,660855133092;0,98019801980198;0,99009900990099
195;169,235366323429;714,628008525646;0,98019801980198;0,99009900990099
196;171,644546836501;641,712468182149;0,98019801980198;1
197;169,196691476245;695,759863592287;0,98019801980198;0,99009900990099
198;168,547931630298;726,298482213577;0,98019801980198;0,99009900990099
199;174,772914840627;661,503403971708;0,98019801980198;1
200;169,500408065464;621,576844710256;0,98019801980198;0,99009900990099
201;170,434223417327;671,282237681784;0,98019801980198;0,99009900990099
202;170,376045984024;615,391977836948;0,98019801980198;1
203;169,23727712805;529,684765840205;0,98019801980198;0,99009900990099
204;168,87291771644;709,833349629768;0,98019801980198;1
205;170,534334657517;678,769065105573;0,98019801980198;1
206;172,264644538673;640,368830601802;0,98019801980198;1
207;169,010068239783;751,849133706748;0,98019801980198;0,99009900990099
208;170,353496065662;759,861000556331;0,98019801980198;0,99009900990099
209;170,339505333689;646,12002100222;0,98019801980198;0,99009900990099
210;170,59172795645;673,476859508278;0,98019801980198;0,99009900990099
211;170,096633552339;650,703549439045;0,98019801980198;0,99009900990099
212;172,595837237666;773,118395626095;0,98019801980198;0,99009900990099
213;170,18179284247;684,231839675272;0,98019801980198;1
214;171,947060341284;737,954663839998;0,98019801980198;0,99009900990099
215;170,002478441914;606,874021158713;0,98019801980198;1
216;171,604206009715;692,450854034;0,98019801980198;1
217;170,888315698169;715,476027278746;0,98019801980198;0,99009900990099
218;170,774514393812;757,604123196798;0,98019801980198;1
219;170,079027158787;635,57514962182;0,98019801980198;1
220;169,370920513244;708,726576870874;0,98019801980198;1
221;173,009770351672;728,782030911621;0,98019801980198;1
222;171,661278846023;652,198031355654;0,98019801980198;1
223;173,394619479367;670,26741545036;0,98019801980198;0,99009900990099
224;167,261987938032;716,363995998742;0,98019801980198;0,99009900990099
225;165,538333324015;727,200286581404;0,98019801980198;0,99009900990099
226;167,519910094791;633,856358997936;0,98019801980198;0,99009900990099
227;170,311622307718;576,164332639462;0,98019801980198;1
228;170,484382297178;630,545954782049;0,98019801980198;1
229;169,974194631963;614,385644696816;0,98019801980198;1
230;170,237203396765;682,95873681364;0,98019801980198;0,99009900990099
231;171,302615245708;768,486666196796;0,98019801980198;1
232;173,066524336451;747,97792830489;0,98019801980198;1
233;172,797941032557;627,815033085304;0,98019801980198;0,99009900990099
234;167,90037777028;773,120325112363;0,98019801980198;1
235;174,673391395263;785,683954122003;0,98019801980198;1
236;169,672416037798;738,408434373548;0,98019801980198;0,99009900990099
237;170,709695271455;736,074751106461;0,98019801980198;1
238;169,308018441792;675,210271836777;0,98019801980198;1
239;173,970623010173;741,427646583392;0,98019801980198;0,99009900990099
240;169,283560805788;593,241674743421;0,98019801980198;1
241;175,689160279274;676,328162264133;0,98019801980198;0,99009900990099
242;168,289864412891;557,679792630123;0,98019801980198;0,99009900990099
243;172,134873624353;840,373380552581;0,98019801980198;0,99009900990099
244;171,945589162521;739,821628663128;0,98019801980198;0,99009900990099
245;172,43853461496;699,466864230551;0,98019801980198;0,99009900990099
246;170,635531723475;777,843965735965;0,98019801980198;1
247;172,296511729161;746,033155966878;0,98019801980198;0,99009900990099
248;173,241165547697;683,091295648932;0,98019801980198;0,99009900990099
249;170,513904899303;753,216976760429;0,98019801980198;1
250;171,911934887747;714,210247249033;0,98019801980198;1
251;172,472807001341;749,826941152806;0,98019801980198;0,99009900990099
252;168,776701075587;650,471843698985;0,98019801980198;0,99009900990099
253;169,716727562031;610,089658838736;0,98019801980198;0,99009900990099
254;169,339503424072;738,510547591999;0,98019801980198;0,99009900990099
255;173,381601327373;704,46897619298;0,98019801980198;0,99009900990099
256;169,967770505725;631,221396713682;0,98019801980198;0,99009900990099
257;171,255235683185;663,550657968043;0,98019801980198;0,99009900990099
258;170,114771419625;666,976365007895;0,98019801980198;1
259;170,744997807377;610,441499606363;0,98019801980198;1
260;169,322960932767;762,4720862724;0,98019801980198;1
261;171,757857142812;743,255824649874;0,98019801980198;0,99009900990099
262;173,860581397171;703,15857214881;0,98019801980198;0,99009900990099
263;176,132268188977;697,661203178295;0,98019801980198;0,99009900990099
264;170,747722956929;838,696323113919;0,98019801980198;0,99009900990099
265;172,958310351928;668,484408607417;0,98019801980198;0,99009900990099
266;169,514366356838;714,497711192919;0,98019801980198;1
267;170,553021855963;677,71359503072;0,98019801980198;0,99009900990099
268;171,11533369727;753,990310398463;0,98019801980198;1
269;171,881749793608;668,046184524453;0,98019801980198;0,99009900990099
270;170,52928727611;679,443354860162;0,98019801980198;0,99009900990099
271;169,697813748944;718,251130307571;0,98019801980198;1
272;168,782869171452;647,302151409638;0,98019801980198;1
273;170,880460783396;641,303384148215;0,98019801980198;1
274;168,892554609531;775,916613856946;0,98019801980198;1
275;169,275398471205;719,371052117605;0,98019801980198;1
276;171,032406645844;675,919085406155;0,98019801980198;1
277;170,193692763446;739,356711672272;0,98019801980198;1
278;170,158835741207;734,841871399732;0,98019801980198;1
279;172,854682124462;767,959707869347;0,98019801980198;1
280;169,50092461052;707,416395340473;0,98019801980198;1
281;169,48100085255;694,417855821905;0,98019801980198;1
282;169,267440533969;607,469790573552;0,98019801980198;1
283;170,318514516385;803,61094929091;0,98019801980198;1
284;171,275868704141;712,125893786482;0,98019801980198;0,99009900990099
285;169,494241011121;606,3778876228;0,98019801980198;0,99009900990099
286;169,605439627267;674,387461312724;0,98019801980198;0,99009900990099
287;169,154605913548;758,856926887204;0,98019801980198;0,99009900990099
288;167,858592444222;537,350040280376;0,98019801980198;1
289;170,21192696395;625,31999083554;0,98019801980198;0,99009900990099
290;167,565631259824;639,871019926207;0,98019801980198;0,99009900990099
291;170,945519465947;638,543651168099;0,98019801980198;1
292;170,394660639781;611,971647049761;0,98019801980198;0,99009900990099
293;171,37079804939;646,445545169515;0,98019801980198;1
294;173,506943371031;782,360093677266;0,98019801980198;0,99009900990099
295;169,340412403446;750,122567285003;0,98019801980198;1
296;170,031568425405;618,254111003141;0,98019801980198;0,99009900990099
297;176,025343377765;713,963342586128;0,98019801980198;0,99009900990099
298;172,74710260661;662,103557688091;0,98019801980198;0,99009900990099
299;172,522466035332;703,013039778192;0,98019801980198;0,99009900990099
300;173,014265719864;679,854957440348;0,98019801980198;1
301;171,791990470916;761,017550288369;0,98019801980198;1
302;171,326343627655;813,971260117235;0,98019801980198;0,99009900990099
303;169,762525914908;623,140145221688;0,98019801980198;1
304;169,094275812632;716,870882249054;0,98019801980198;1
305;168,481075295359;650,264066272993;0,98019801980198;1
306;173,452762870918;706,337595411913;0,98019801980198;0,99009900990099
307;169,843889606705;773,809720596136;0,98019801980198;0,99009900990099
308;173,920470596199;855,914509542909;0,98019801980198;1
309;168,533533096817;679,296829191523;0,98019801980198;0,99009900990099
310;168,442308572216;713,88696891807;0,98019801980198;0,99009900990099
311;167,712827147769;607,14314933388;0,98019801980198;1
312;171,878335283936;584,003323807716;0,98019801980198;1
313;170,997993114341;761,556263216111;0,98019801980198;0,99009900990099
314;172,606960267454;616,489647850752;0,98019801980198;1
315;175,673549743138;598,059161331895;0,98019801980198;0,99009900990099
316;168,722156478143;644,085386239982;0,98019801980198;1
317;167,927419094697;696,290633045874;0,98019801980198;0,99009900990099
318;168,421629970183;628,953115271674;0,98019801980198;1
319;168,932010303789;545,568140989418;0,98019801980198;1
320;170,484848587451;709,225890704918;0,98019801980198;1
321;172,437916292853;628,58839591349;0,98019801980198;0,99009900990099
322;169,782865667429;603,243235731351;0,98019801980198;1
323;170,904424920336;665,142431377977;0,98019801980198;1
324;171,787721259634;782,167819157901;0,98019801980198;0,99009900990099
325;172,674158813425;658,813423852389;0,98019801980198;1
326;168,817601181132;636,695979279979;0,98019801980198;0,99009900990099
327;168,217726382106;679,023273244127;0,98019801980198;1
328;170,464305643768;845,306022024589;0,98019801980198;1
329;170,159240221921;730,508697602274;0,98019801980198;0,99009900990099
330;169,495883660499;677,792969748486;0,98019801980198;0,99009900990099
331;168,437473508922;675,280427947036;0,98019801980198;0,99009900990099
332;170,892751994921;691,591892399328;0,98019801980198;1
333;166,445969139598;654,769225013441;0,98019801980198;0,99009900990099
334;171,502492766915;737,573054948479;0,98019801980198;0,99009900990099
335;168,228368088218;708,089989844313;0,98019801980198;0,99009900990099
336;169,815250627331;650,066603046664;0,98019801980198;1
337;170,446782117868;596,853429626979;0,98019801980198;1
338;172,178379341977;686,71914019895;0,98019801980198;0,99009900990099
339;171,03348558622;665,51377066752;0,98019801980198;1
340;176,367060031523;786,976155911429;0,98019801980198;1
341;169,905849593538;556,456928633182;0,98019801980198;1
342;172,551115893923;639,990885118554;0,98019801980198;1
343;172,21034263231;673,950415121697;0,98019801980198;1
344;168,04181264632;661,606172186232;0,98019801980198;0,99009900990099
345;169,313371607679;726,885742432803;0,98019801980198;1
346;172,626569222689;676,532478041941;0,98019801980198;0,99009900990099
347;170,551393506188;731,534481937961;0,98019801980198;0,99009900990099
348;167,826716504239;711,864407595522;0,98019801980198;0,99009900990099
349;171,043260081642;783,127816884604;0,98019801980198;0,99009900990099
350;172,301203548864;678,323564740689;0,98019801980198;1
351;173,499609142375;755,308689381627;0,98019801980198;1
352;169,268386532706;691,914944710077;0,98019801980198;0,99009900990099
353;167,407880435699;708,276116398928;0,98019801980198;0,99009900990099
354;172,23214060794;822,422952987803;0,98019801980198;0,99009900990099
355;170,59554181264;636,95661472883;0,98019801980198;0,99009900990099
356;167,569812574638;629,626387076047;0,98019801980198;0,99009900990099
357;170,511932087918;728,653073045792;0,98019801980198;0,99009900990099
358;167,985446522;655,724827442498;0,98019801980198;0,99009900990099
359;171,343572724789;693,623874070671;0,98019801980198;1
360;169,165424856554;726,794889361675;0,98019801980198;0,99009900990099
361;170,186322849232;706,820986874561;0,98019801980198;1
362;171,050884919067;603,971638281667;0,98019801980198;1
363;169,067717018432;581,93375426994;0,98019801980198;0,99009900990099
364;171,068280360249;625,91731334418;0,98019801980198;0,99009900990099
365;171,224902311084;732,360090937367;0,98019801980198;1
366;170,696935395807;682,396680457101;0,98019801980198;1
367;171,354242377162;695,898281794414;0,98019801980198;0,99009900990099
368;168,582820824517;582,627537155838;0,98019801980198;1
369;168,135715759534;602,977575728967;0,98019801980198;1
370;171,633293268737;676,365322489735;0,98019801980198;0,99009900990099
371;169,454208696196;658,461261620976;0,98019801980198;1
372;170,192652649815;771,577365583934;0,98019801980198;0,99009900990099
373;171,490254856104;628,50426440695;0,98019801980198;1
374;172,193351211658;670,083282692539;0,98019801980198;1
375;170,050150523616;714,387498699902;0,98019801980198;1
376;168,949595732228;699,150497548408;0,98019801980198;1
377;168,692125281663;559,046007827339;0,98019801980198;0,99009900990099
378;172,154805546877;672,426637001829;0,98019801980198;1
379;171,350193076812;748,725588575782;0,98019801980198;1
380;171,046285045069;681,975739114929;0,98019801980198;1
381;174,207866225088;747,560443197988;0,98019801980198;0,99009900990099
382;168,535645864388;797,026450045057;0,98019801980198;1
383;172,018646896785;757,678086275053;0,98019801980198;0,99009900990099
384;170,387440942645;595,395023920873;0,98019801980198;1
385;171,41530953932;582,681146100919;0,98019801980198;0,99009900990099
386;167,49726439483;661,269244258694;0,98019801980198;0,99009900990099
387;170,207313337706;721,098749421165;0,98019801980198;1
388;177,788286742603;806,019739173618;0,98019801980198;0,99009900990099
389;171,202030277204;654,855830438489;0,98019801980198;1
390;171,572667047852;766,111748590321;0,98019801980198;1
391;172,114691539135;686,743370942471;0,98019801980198;0,99009900990099
392;171,151748941986;637,323709886672;0,98019801980198;1
393;176,713446940605;721,907561849093;0,98019801980198;0,99009900990099
394;169,3051824437;670,450789448751;0,98019801980198;0,99009900990099
395;169,237989996304;613,991005477944;0,98019801980198;0,99009900990099
396;172,490761682625;641,444008913154;0,98019801980198;1
397;168,91817037442;712,538659999671;0,98019801980198;0,99009900990099
398;172,316342179003;691,643055898896;0,98019801980198;1
399;171,468386527976;644,315483840167;0,98019801980198;1
400;170,48496698516;704,367635855801;0,98019801980198;1
401;171,512515317303;647,234308648803;0,98019801980198;1
402;168,043261634151;707,674762814531;0,98019801980198;0,99009900990099
403;175,319812833228;739,233361170054;0,98019801980198;1
404;169,402281536734;714,755819151706;0,98019801980198;1
405;167,458662316357;699,435716108637;0,98019801980198;1
406;170,369695722792;641,324403718164;0,98019801980198;1
407;173,098819645341;686,469438999998;0,98019801980198;0,99009900990099
408;176,642162388595;654,479666358265;0,98019801980198;1
409;170,156445388428;628,48340922095;0,98019801980198;1
410;167,736315952091;702,806893258754;0,98019801980198;0,99009900990099
411;170,9282343491;730,133006642098;0,98019801980198;0,99009900990099
412;173,210735277037;797,893744572398;0,98019801980198;0,99009900990099
413;169,19846844174;813,935220590564;0,98019801980198;0,99009900990099
414;168,75864197704;737,758172335288;0,98019801980198;0,99009900990099
415;170,230948664532;762,259749285539;0,98019801980198;0,99009900990099
416;170,796048313939;650,831093316294;0,98019801980198;1
417;174,776033233292;615,156759665948;0,98019801980198;0,99009900990099
418;168,573666831231;730,089233851557;0,98019801980198;1
419;170,812701337913;583,346024739104;0,98019801980198;0,99009900990099
420;169,382338789101;761,779697129783;0,98019801980198;1
421;169,067629779222;646,315249445033;0,98019801980198;0,99009900990099
422;170,664538634003;815,343375828725;0,98019801980198;0,99009900990099
423;173,255499352234;676,422840736732;0,98019801980198;0,99009900990099
424;172,268984921271;676,321657386333;0,98019801980198;0,99009900990099
425;170,038233985913;679,054422471146;0,98019801980198;0,99009900990099
426;170,916938038896;648,999995219295;0,98019801980198;0,99009900990099
427;170,015951190134;698,717241709521;0,98019801980198;1
428;170,525247287026;647,435637152305;0,98019801980198;0,99009900990099
429;173,610248906291;739,710115320028;0,98019801980198;1
430;170,32348289756;653,524983774899;0,98019801980198;0,99009900990099
431;172,523838409787;753,098697057353;0,98019801980198;1
432;175,76106854106;852,867907983006;0,98019801980198;1
433;173,261084294095;795,214948887598;0,98019801980198;1
434;170,701523538758;694,844671239973;0,98019801980198;0,99009900990099
435;170,58258492359;735,902464299365;0,98019801980198;1
436;174,100526182819;695,484399793175;0,98019801980198;0,99009900990099
437;171,02471160358;859,419805718577;0,98019801980198;0,99009900990099
438;168,97381415432;584,20765068713;0,98019801980198;1
439;169,280800373999;592,224004259409;0,98019801980198;1
440;167,415374226432;757,644180864709;0,98019801980198;1
441;170,091444571765;829,541499633546;0,98019801980198;1
442;173,763710730763;719,331900743788;0,98019801980198;1
443;173,955050971948;704,999778996449;0,98019801980198;1
444;168,558549030208;679,192864035925;0,98019801980198;0,99009900990099
445;174,121951519193;790,861355225805;0,98019801980198;0,99009900990099
446;171,327706099802;706,303543740165;0,98019801980198;0,99009900990099
447;171,200061044439;652,667062431739;0,98019801980198;1
448;176,073421269725;830,252695714078;0,98019801980198;0,99009900990099
449;172,922060611853;749,919602050037;0,98019801980198;0,99009900990099
450;169,590635730298;722,345386264326;0,98019801980198;0,99009900990099
451;168,567371367655;669,109656499654;0,98019801980198;1
452;171,604306779318;673,119543468304;0,98019801980198;1
453;168,538452621728;655,913093160258;0,98019801980198;1
454;170,139244417711;702,949130127997;0,98019801980198;1
455;170,685672603667;693,006484877197;0,98019801980198;1
456;168,306243764231;626,59774428018;0,98019801980198;1
457;173,955452627578;664,000123527887;0,98019801980198;1
458;168,031897464753;735,646645128157;0,98019801980198;0,99009900990099
459;168,981833573444;786,662353563461;0,98019801980198;0,99009900990099
460;170,640924855147;647,266707794967;0,98019801980198;1
461;175,769358379745;702,20098587962;0,98019801980198;0,99009900990099
462;173,620722024041;800,960382268091;0,98019801980198;0,99009900990099
463;170,336891973275;701,221139427376;0,98019801980198;1
464;170,170945352104;680,625099352485;0,98019801980198;1
465;173,922749183245;547,783912864532;0,98019801980198;1
466;169,341278995446;693,600761459291;0,98019801980198;0,99009900990099
467;170,96391917501;643,901912217645;0,98019801980198;1
468;168,943833475815;669,914275591089;0,98019801980198;1
469;170,157948306105;664,327620221183;0,98019801980198;1
470;171,965044949935;821,236025151809;0,98019801980198;1
471;176,061572996775;746,918213621355;0,98019801980198;0,99009900990099
472;168,26877945941;791,647469853701;0,98019801980198;1
473;168,224844834264;572,276270497142;0,98019801980198;0,99009900990099
474;172,081537710759;755,808692766765;0,98019801980198;0,99009900990099
475;152;607,157102610276;0,841584158415842;0,851485148514851
476;168,554047062908;655,618060949394;0,98019801980198;0,99009900990099
477;171,277719349289;635,293245248226;0,98019801980198;0,99009900990099
478;152;535,919770046067;0,722772277227723;0,742574257425743
479;170,042529509405;695,431797355635;0,98019801980198;0,99009900990099
480;173,052393890183;790,681449384375;0,98019801980198;1
481;170,341161108466;766,346639583444;0,98019801980198;1
482;167,935732132473;670,378381384696;0,98019801980198;1
483;173,309565784313;659,274773687525;0,98019801980198;0,99009900990099
484;174,047850132026;781,46122142884;0,98019801980198;0,99009900990099
485;171,302223770601;720,536639640804;0,98019801980198;0,99009900990099
486;168,183474495746;702,291604639683;0,98019801980198;0,99009900990099
487;169,504063107832;711,994548407286;0,98019801980198;1
488;167,28346918149;573,400069009262;0,98019801980198;1
489;171,288357883796;728,306980398779;0,98019801980198;0,99009900990099
490;176,041174714198;768,09293147661;0,98019801980198;1
491;171,367767039355;703,543667830399;0,98019801980198;0,99009900990099
492;170,730846794273;675,325664536524;0,98019801980198;0,99009900990099
493;169,037863302447;747,721322712917;0,98019801980198;0,99009900990099
494;167,925001963961;712,295506099995;0,98019801980198;0,99009900990099
495;172,533459168916;654,575192211699;0,98019801980198;0,99009900990099
496;171,170302713535;662,427537299273;0,98019801980198;0,99009900990099
497;167,31870554078;753,161118009242;0,98019801980198;1
498;169,862704582469;580,062294933449;0,98019801980198;1
499;175,97947741866;768,036415895864;0,98019801980198;0,99009900990099
500;169,201972832803;764,76798944711;0,98019801980198;1
501;174,30018371133;694,050620357375;0,98019801980198;0,99009900990099
502;173,485305332919;785,21138291531;0,98019801980198;0,99009900990099
503;171,246748151241;725,144370685396;0,98019801980198;0,99009900990099
504;174,161017148727;735,37453156367;0,98019801980198;0,99009900990099
505;172,187970127795;631,445236029285;0,98019801980198;0,99009900990099
506;167,673461185754;697,275324472582;0,98019801980198;0,99009900990099
507;168,96030191385;693,111084273163;0,98019801980198;0,99009900990099
508;169,371747980207;752,922486117106;0,98019801980198;1
509;172,582269796953;812,78783412415;0,98019801980198;1
510;169,456958571811;641,156058309881;0,98019801980198;1
511;174,050249185844;727,406101825246;0,98019801980198;0,99009900990099
512;168,373561787955;650,039293066148;0,98019801980198;1
513;172,152056442216;643,997917275057;0,98019801980198;0,99009900990099
514;169,684440779683;710,702535765513;0,98019801980198;1
515;169,636574586195;672,488513934277;0,98019801980198;0,99009900990099
516;171,800513748248;679,947792253262;0,98019801980198;1
517;172,03421198752;760,582405586796;0,98019801980198;1
518;173,250612140581;778,739769110526;0,98019801980198;0,99009900990099
519;170,11074977192;765,125242449808;0,98019801980198;0,99009900990099
520;173,718219884711;724,175957266449;0,98019801980198;1
521;169,21406630423;547,901992600136;0,98019801980198;1
522;171,809993021791;752,039412148528;0,98019801980198;0,99009900990099
523;172,304292597023;692,880295543059;0,98019801980198;1
524;169,408164955005;650,168655960494;0,98019801980198;1
525;173,524415530079;734,198262405177;0,98019801980198;1
526;171,269165209369;710,268456976894;0,98019801980198;0,99009900990099
527;179,2063466258;738,199126150646;0,98019801980198;0,99009900990099
528;170,094462701234;715,122945551496;0,98019801980198;1
529;170,359450152687;592,6548314041;0,98019801980198;1
530;168,89113110767;658,644456504552;0,98019801980198;1
531;170,458047561828;817,815923932275;0,98019801980198;1
532;169,142624973004;757,369900698551;0,98019801980198;0,99009900990099
533;170,865831380363;664,992823317162;0,98019801980198;0,99009900990099
534;172,921365150305;776,710803804163;0,98019801980198;1
535;169,140869355022;690,724519678669;0,98019801980198;1
536;170,181689805625;685,191979807402;0,98019801980198;1
537;169,940301780615;695,939445743933;0,98019801980198;1
538;171,987552871592;623,073596659147;0,98019801980198;1
539;172,104943769453;566,263857461957;0,98019801980198;1
540;170,927298129556;749,936132746777;0,98019801980198;1
541;176,202554947167;840,728919792588;0,98019801980198;1
542;167,362782975394;679,739207344056;0,98019801980198;0,99009900990099
543;168,66457521395;673,176944592416;0,98019801980198;1
544;169,1717895282;785,494641928636;0,98019801980198;0,99009900990099
545;170,176807787963;750,583841863435;0,98019801980198;0,99009900990099
546;170,462842632336;784,296215060489;0,98019801980198;1
547;170,163765440639;744,662849130041;0,98019801980198;1
548;169,627371155913;766,818552060962;0,98019801980198;1
549;168,1529441812;650,18897079407;0,98019801980198;1
550;167,934862390721;690,027316498387;0,98019801980198;0,99009900990099
551;171,485062007774;653,251909497908;0,98019801980198;0,99009900990099
552;172,935776756329;728,914755679778;0,98019801980198;0,99009900990099
553;169,627579716569;751,320236292437;0,98019801980198;1
554;171,26287491304;680,324694557729;0,98019801980198;0,99009900990099
555;173,705765906592;698,754890196921;0,98019801980198;0,99009900990099
556;172,530686455697;752,2799806021;0,98019801980198;0,99009900990099
557;170,863059345078;716,562109694027;0,98019801980198;0,99009900990099
558;168,608458150249;684,107787320579;0,98019801980198;0,99009900990099
559;171,212575180212;672,123678111136;0,98019801980198;1
560;170,953673411477;771,82566970982;0,98019801980198;0,99009900990099
561;171,949606749076;624,526411315364;0,98019801980198;1
562;172,538045619963;704,208944916994;0,98019801980198;1
563;167,455978019419;621,326922842863;0,98019801980198;1
564;169,946907414096;717,631337083915;0,98019801980198;1
565;169,909710247966;804,107005213398;0,98019801980198;1
566;169,034004562741;662,084347443594;0,98019801980198;1
567;172,762825133354;732,750608103725;0,98019801980198;1
568;168,844550393248;644,586593471492;0,98019801980198;1
569;171,459503448029;615,522582226736;0,98019801980198;1
570;171,155102608354;690,184401212257;0,98019801980198;1
571;168,688588531004;700,025577578411;0,98019801980198;0,99009900990099
572;170,254017223339;545,326252688113;0,98019801980198;0,99009900990099
573;169,615855797662;688,206764554685;0,98019801980198;0,99009900990099
574;170,39113980566;655,397399007593;0,98019801980198;0,99009900990099
575;169,020327813679;715,569046500298;0,98019801980198;1
576;170,425944174584;674,439367298823;0,98019801980198;1
577;167,228282163361;664,266473063419;0,98019801980198;0,99009900990099
578;173,134782387819;664,603515269943;0,98019801980198;0,99009900990099
579;169,17514553061;681,015596066266;0,98019801980198;0,99009900990099
580;170,022475369094;626,212845729089;0,98019801980198;1
581;167,312936399969;722,227424529481;0,98019801980198;0,99009900990099
582;169,406581948933;735,182016408255;0,98019801980198;1
583;169,27964887318;595,410337489907;0,98019801980198;1
584;172,192811317717;677,776395893966;0,98019801980198;1
585;172,954969484485;585,666251032445;0,98019801980198;1
586;172,358263286297;664,929335045807;0,98019801980198;0,99009900990099
587;171,483857773765;608,023591411395;0,98019801980198;1
588;168,364776856097;678,605743824022;0,98019801980198;1
589;169,367299733818;689,292965691096;0,98019801980198;0,99009900990099
590;170,874131411528;623,490278302912;0,98019801980198;0,99009900990099
591;168,797356921806;666,470182950525;0,98019801980198;1
592;169,085401961658;783,385897127871;0,98019801980198;1
593;172,071017958734;709,93950062482;0,98019801980198;1
594;168,101778938724;596,440693794036;0,98019801980198;0,99009900990099
595;171,608131261437;804,034944443;0,98019801980198;0,99009900990099
596;175,219426268587;683,630355852542;0,98019801980198;1
597;166,892351273627;629,35813595832;0,98019801980198;1
598;169,296863514589;654,863310074119;0,98019801980198;1
599;169,670131445447;644,147740679109;0,98019801980198;0,99009900990099
600;167,82456329359;764,012183552641;0,98019801980198;0,99009900990099
601;171,646887112854;725,666234532008;0,98019801980198;1
602;173,369119058532;772,255211206346;0,98019801980198;0,99009900990099
603;170,790352173412;694,052352002045;0,98019801980198;0,99009900990099
604;170,737440094739;709,067396527753;0,98019801980198;1
605;172,317172432247;727,792656160405;0,98019801980198;0,99009900990099
606;176,577192038246;726,851318696076;0,98019801980198;1
607;170,550293891153;695,871372561578;0,98019801980198;1
608;173,393998338142;679,294182156152;0,98019801980198;0,99009900990099
609;168,294570774158;740,103074645281;0,98019801980198;1
610;169,992689381057;635,254124864596;0,98019801980198;0,99009900990099
611;166,936491422777;589,655059954755;0,98019801980198;0,99009900990099
612;168,852992108073;785,139831724543;0,98019801980198;0,99009900990099
613;168,65747264771;702,403606859953;0,98019801980198;1
614;172,267079249451;717,884988545878;0,98019801980198;0,99009900990099
615;174,234529867024;846,468772391787;0,98019801980198;0,99009900990099
616;170,944863923397;624,712592204066;0,98019801980198;0,99009900990099
617;169,481097732201;681,849466064444;0,98019801980198;0,99009900990099
618;168,923710872292;594,953848812941;0,98019801980198;0,99009900990099
619;170,569414901197;712,938414149119;0,98019801980198;1
620;171,313843360816;575,924745275776;0,98019801980198;1
621;167,640916927654;609,001652134285;0,98019801980198;0,99009900990099
622;169,126636837;613,240131750777;0,98019801980198;1
623;171,311956124542;778,9163916187;0,98019801980198;1
624;170,152601813064;650,735981638005;0,98019801980198;0,99009900990099
625;170,5374469714;785,774970012071;0,98019801980198;0,99009900990099
626;170,394612132179;665,576461495214;0,98019801980198;1
627;171,449257390307;632,738929667299;0,98019801980198;0,99009900990099
628;171,98691805077;711,57544941666;0,98019801980198;1
629;171,570312153757;702,12834471038;0,98019801980198;0,99009900990099
630;167,949900627707;695,217574862335;0,98019801980198;0,99009900990099
631;182,104501140273;892,06261603687;0,98019801980198;1
632;172,696884914707;723,318431819685;0,98019801980198;1
633;167,977834753663;712,150770066845;0,98019801980198;0,99009900990099
634;168,713943560322;715,139005872949;0,98019801980198;0,99009900990099
635;168,61424382554;615,09204917432;0,98019801980198;0,99009900990099
636;170,215669734369;752,398568640292;0,98019801980198;1
637;168,778614113559;684,943829322506;0,98019801980198;0,99009900990099
638;168,500804252273;669,609082086713;0,98019801980198;0,99009900990099
639;169,301439322969;795,159779919319;0,98019801980198;1
640;172,624941370499;731,944752571979;0,98019801980198;1
641;173,473603814561;781,991387108022;0,98019801980198;0,99009900990099
642;174,066384160405;734,151876136914;0,98019801980198;1
643;168,550064798052;644,450074266371;0,98019801980198;0,99009900990099
644;170,880813092189;731,489828492032;0,98019801980198;1
645;170,129082918516;737,409668745404;0,98019801980198;1
646;169,181011508701;712,801891401192;0,98019801980198;0,99009900990099
647;169,713044697952;692,794622382931;0,98019801980198;1
648;170,038220457055;762,712862678644;0,98019801980198;1
649;174,271042380396;724,557537078681;0,98019801980198;1
650;168,231187434509;702,41872010706;0,98019801980198;1
651;168,384969545019;687,238620913651;0,98019801980198;1
652;170,08779929851;742,371553509953;0,98019801980198;1
653;170,6821664368;691,096854674121;0,98019801980198;0,99009900990099
654;169,634641603792;632,333362385074;0,98019801980198;0,99009900990099
655;170,089258416504;635,10750293979;0,98019801980198;1
656;171,710563647597;663,945449682006;0,98019801980198;0,99009900990099
657;171,425038935218;660,123111797718;0,98019801980198;1
658;172,174114267894;752,635004010655;0,98019801980198;0,99009900990099
659;167,631328168155;659,676635248195;0,98019801980198;0,99009900990099
660;169,014332368581;675,799453291299;0,98019801980198;1
661;173,570982993017;722,055977984686;0,98019801980198;0,99009900990099
662;169,05817586128;669,889302194411;0,98019801980198;0,99009900990099
663;169,495367590575;646,008047915354;0,98019801980198;1
664;177,108051964289;786,10840639953;0,98019801980198;0,99009900990099
665;169,170032913624;648,149589932208;0,98019801980198;1
666;169,483312157517;582,591042482848;0,98019801980198;1
667;171,841244059775;756,37109183809;0,98019801980198;1
668;169,445531731361;631,683978597117;0,98019801980198;1
669;168,607060247291;694,739834412022;0,98019801980198;1
670;172,640291688575;664,582390520471;0,98019801980198;1
671;172,479636483433;634,045781080137;0,98019801980198;0,99009900990099
672;172,761415140351;684,380488382225;0,98019801980198;1
673;171,810301647941;759,608545765056;0,98019801980198;1
674;177,319296640648;755,52546199535;0,98019801980198;0,99009900990099
675;172,943973556892;668,787767353574;0,98019801980198;0,99009900990099
676;169,779456552379;629,539057836225;0,98019801980198;1
677;175,847616274855;703,407958705847;0,98019801980198;1
678;169,319976488779;746,684024598922;0,98019801980198;1
679;171,202056376376;607,813228600597;0,98019801980198;0,99009900990099
680;168,939709433697;615,435825384694;0,98019801980198;1
681;175,288302735098;754,418732249283;0,98019801980198;1
682;169,66762300824;785,713519451893;0,98019801980198;1
683;169,896502730254;593,676605456544;0,98019801980198;0,99009900990099
684;169,282764899059;708,011600983397;0,98019801980198;0,99009900990099
685;170,67646199171;713,647893618996;0,98019801980198;1
686;170,224636070098;676,121547866562;0,98019801980198;1
687;171,259440357875;657,245886020419;0,98019801980198;1
688;168,636413384635;785,263447544388;0,98019801980198;0,99009900990099
689;169,821730925292;629,287064112803;0,98019801980198;1
690;170,224986419699;637,943487158444;0,98019801980198;0,99009900990099
691;169,577171899124;822,475003418338;0,98019801980198;0,99009900990099
692;170,875968072938;763,031026846722;0,98019801980198;1
693;169,213199331335;620,584268189297;0,98019801980198;0,99009900990099
694;170,060733366741;559,188333748074;0,98019801980198;0,99009900990099
695;170,021691329942;627,20405806019;0,98019801980198;0,99009900990099
696;173,673416993342;715,621006825801;0,98019801980198;1
697;173,888603445248;727,109603676401;0,98019801980198;1
698;167,090352895623;718,890115553633;0,98019801980198;0,99009900990099
699;171,031421627464;687,711137049865;0,98019801980198;0,99009900990099
700;174,936425160756;705,380772237476;0,98019801980198;0,99009900990099
701;169,284344134373;773,512343593726;0,98019801980198;1
702;177,538225870139;634,561206370973;0,98019801980198;1
703;170,377930248334;661,27029109507;0,98019801980198;0,99009900990099
704;169,856383012053;623,620041631295;0,98019801980198;0,99009900990099
705;167,96430805656;762,064869300601;0,98019801980198;0,99009900990099
706;168,192624492896;854,979855736337;0,98019801980198;1
707;170,873433716171;769,176462576771;0,98019801980198;0,99009900990099
708;172,10124191257;806,174029269263;0,98019801980198;1
709;173,484445234372;713,469467254147;0,98019801980198;1
710;170,09841348565;770,758899738334;0,98019801980198;0,99009900990099
711;173,656786892011;699,804007623392;0,98019801980198;1
712;170,256683679077;767,805408247975;0,98019801980198;1
713;169,816682673947;605,203090714092;0,98019801980198;1
714;169,054905213636;701,032943163813;0,98019801980198;1
715;171,251724054114;792,383925963258;0,98019801980198;1
716;172,228408768649;737,748576046446;0,98019801980198;1
717;172,041903084346;633,842309580696;0,98019801980198;0,99009900990099
718;170,845092137233;701,976277925734;0,98019801980198;1
719;168,566149563639;677,260169032537;0,98019801980198;1
720;169,347326842694;740,903436895227;0,98019801980198;1
721;172,231772284295;641,755828926129;0,98019801980198;1
722;174,218051527555;690,597247889883;0,98019801980198;0,99009900990099
723;171,832467902929;708,28182369887;0,98019801980198;0,99009900990099
724;174,276263483191;750,125095554631;0,98019801980198;1
725;170,414526896679;706,351335636567;0,98019801980198;0,99009900990099
726;170,746303996512;650,2473797746;0,98019801980198;1
727;168,257226842293;576,84492205109;0,98019801980198;0,99009900990099
728;171,462899747984;717,886506692898;0,98019801980198;1
729;172,421482375775;535,530300235685;0,98019801980198;1
730;169,850123984294;670,608259980628;0,98019801980198;0,99009900990099
731;169,410952974663;600,855032314295;0,98019801980198;1
732;173,273932605507;695,616478057343;0,98019801980198;0,99009900990099
733;168,590334906622;676,533010478278;0,98019801980198;0,99009900990099
734;173,102548699042;632,31355727785;0,98019801980198;1
735;168,605138480292;682,777576913981;0,98019801980198;0,99009900990099
736;168,489348847943;536,794344573162;0,98019801980198;1
737;170,040571616942;833,299209899048;0,98019801980198;0,99009900990099
738;172,500119418873;683,977964852929;0,98019801980198;1
739;167,577814746851;648,952093832005;0,98019801980198;1
740;168,222500660583;653,524997634;0,98019801980198;0,99009900990099
741;170,554143774983;666,704911563903;0,98019801980198;1
742;169,258164904367;634,045890111058;0,98019801980198;0,99009900990099
743;169,198636482747;671,924998407626;0,98019801980198;1
744;170,198556008308;697,17872804792;0,98019801980198;0,99009900990099
745;170,908512993872;688,538472045451;0,98019801980198;1
746;171,27575346103;718,591963808331;0,98019801980198;1
747;170,570707250071;563,648413307416;0,98019801980198;0,99009900990099
748;173,337799157024;815,321616944217;0,98019801980198;0,99009900990099
749;173,242921425125;586,985831970797;0,98019801980198;0,99009900990099
750;170,496998783544;641,934928785493;0,98019801980198;1
751;169,053233471885;696,412111695473;0,98019801980198;0,99009900990099
752;174,437371248714;765,623359779387;0,98019801980198;0,99009900990099
753;169,177489113746;663,653505003503;0,98019801980198;1
754;176,342910030656;747,837901253672;0,98019801980198;0,99009900990099
755;173,547994976284;733,812813288977;0,98019801980198;1
756;172,46434466898;583,536031299059;0,98019801980198;0,99009900990099
757;166,751724327421;657,081396826322;0,98019801980198;1
758;168,369036205093;589,186007992668;0,98019801980198;1
759;172,219267301765;612,465288854087;0,98019801980198;1
760;171,492593217278;757,534879898549;0,98019801980198;1
761;170,276427887838;646,362835810688;0,98019801980198;0,99009900990099
762;169,879188456647;730,529292544245;0,98019801980198;1
763;172,084746341208;673,660689040197;0,98019801980198;1
764;171,812273106731;688,707249115068;0,98019801980198;0,99009900990099
765;170,351654196748;687,260355073916;0,98019801980198;1
766;170,808571457471;829,601020356669;0,98019801980198;1
767;170,609468377083;622,147020407807;0,98019801980198;0,99009900990099
768;169,250869850196;582,279625028169;0,98019801980198;0,99009900990099
769;168,618564144813;628,932625830612;0,98019801980198;1
770;170,659516254648;586,994947512722;0,98019801980198;1
771;171,592599798864;710,979009274854;0,98019801980198;1
772;168,689773911515;621,519210176633;0,98019801980198;0,99009900990099
773;172,57511219016;714,27638086076;0,98019801980198;0,99009900990099
774;170,538422102172;628,672357788273;0,98019801980198;0,99009900990099
775;176,254671499887;655,253045931422;0,98019801980198;0,99009900990099
776;171,034972230551;768,989350039022;0,98019801980198;1
777;172,372811674526;718,825088666472;0,98019801980198;0,99009900990099
778;169,21646295136;608,745896024357;0,98019801980198;1
779;169,29545292147;702,257300438244;0,98019801980198;0,99009900990099
780;173,053589977944;666,537436295434;0,98019801980198;0,99009900990099
781;170,234497119715;635,655354908917;0,98019801980198;1
782;169,738786547686;729,217167436089;0,98019801980198;0,99009900990099
783;169,932220637525;704,171283554344;0,98019801980198;1
784;169,578125292474;806,291990764892;0,98019801980198;0,99009900990099
785;168,943233194053;606,986085697198;0,98019801980198;0,99009900990099
786;170,871014464544;804,280494749953;0,98019801980198;1
787;170,432510879636;679,213099040451;0,98019801980198;0,99009900990099
788;173,780095746842;750,882174902579;0,98019801980198;0,99009900990099
789;173,280026610435;772,401744620423;0,98019801980198;0,99009900990099
790;168,500318007387;692,600856120304;0,98019801980198;0,99009900990099
791;175,994937850896;754,700281562914;0,98019801980198;1
792;170,801735223685;708,621235935366;0,98019801980198;1
793;171,61822281422;669,079156096917;0,98019801980198;1
794;169,156461049047;554,605240414673;0,98019801980198;0,99009900990099
795;172,199755320256;658,779981517911;0,98019801980198;1
796;169,789014204974;667,129667139182;0,98019801980198;0,99009900990099
797;167,581854957838;668,984595417421;0,98019801980198;0,99009900990099
798;169,342818480599;769,425532858917;0,98019801980198;0,99009900990099
799;169,125562102172;712,130061623981;0,98019801980198;1
800;169,824352186777;664,732664891999;0,98019801980198;1
801;169,318225759752;719,5172163048;0,98019801980198;0,99009900990099
802;173,068402620957;606,95591807382;0,98019801980198;0,99009900990099
803;169,075939257232;732,674473204043;0,98019801980198;1
804;173,498219549855;770,350150689113;0,98019801980198;1
805;170,569582026357;609,757378065353;0,98019801980198;0,99009900990099
806;171,267041803634;740,609260167212;0,98019801980198;1
807;168,564553743227;656,479639242524;0,98019801980198;1
808;171,290774222082;659,99087768486;0,98019801980198;0,99009900990099
809;171,692445224758;720,213152650817;0,98019801980198;1
810;173,228799229426;745,416848648454;0,98019801980198;0,99009900990099
811;169,795962441914;678,451957060577;0,98019801980198;0,99009900990099
812;174,531452889882;730,313196484763;0,98019801980198;0,99009900990099
813;174,950253477548;771,155541438631;0,98019801980198;1
814;169,019515496979;714,794653967932;0,98019801980198;1
815;171,900106242065;767,914951330002;0,98019801980198;0,99009900990099
816;168,253654450377;697,982547873964;0,98019801980198;1
817;169,666936202712;838,475759812967;0,98019801980198;0,99009900990099
818;170,190160003683;598,702123765596;0,98019801980198;0,99009900990099
819;171,915719713826;894,846259023016;0,98019801980198;1
820;171,878500135905;686,097883913467;0,98019801980198;0,99009900990099
821;170,467098245376;662,974765221757;0,98019801980198;0,99009900990099
822;176,012476929599;678,093516129888;0,98019801980198;0,99009900990099
823;169,081582314645;628,556993051194;0,98019801980198;1
824;176,421818034678;800,366232885977;0,98019801980198;1
825;172,645451621527;661,025777628477;0,98019801980198;1
826;170,744760034356;694,635940568406;0,98019801980198;1
827;170,062659920631;770,68603714336;0,98019801980198;1
828;171,352226138187;693,104592005033;0,98019801980198;1
829;169,322809037312;700,537461789231;0,98019801980198;0,99009900990099
830;171,316843494591;583,118149203784;0,98019801980198;0,99009900990099
831;170,020018063373;632,942978473493;0,98019801980198;0,99009900990099
832;168,319882575834;612,668669759004;0,98019801980198;1
833;171,693785748535;786,917762872231;0,98019801980198;0,99009900990099
834;176,218980004202;747,279708011332;0,98019801980198;0,99009900990099
835;174,538985478543;752,557749758963;0,98019801980198;1
836;168,466929865983;652,337551661218;0,98019801980198;1
837;173,776506497002;772,877279534383;0,98019801980198;0,99009900990099
838;176,848581644381;696,766242270932;0,98019801980198;1
839;171,494468706795;705,399206023218;0,98019801980198;1
840;178,133746257237;772,011991806718;0,98019801980198;0,99009900990099
841;171,744011545174;683,001118862726;0,98019801980198;1
842;175,062712295299;759,842007198444;0,98019801980198;1
843;171,009672677941;822,723094058826;0,98019801980198;0,99009900990099
844;168,260458436488;679,928710147719;0,98019801980198;1
845;172,116023647913;709,65260235846;0,98019801980198;1
846;172,835683553305;751,000478559911;0,98019801980198;1
847;171,601165656035;816,431522377865;0,98019801980198;1
848;170,863796241773;665,749749950724;0,98019801980198;1
849;173,938126533098;694,240020677396;0,98019801980198;0,99009900990099
850;170,427917342632;655,048562323587;0,98019801980198;1
851;171,487772352928;642,681714563181;0,98019801980198;0,99009900990099
852;170,251368400762;720,895531180137;0,98019801980198;0,99009900990099
853;171,574578545856;680,914265612199;0,98019801980198;0,99009900990099
854;171,151488487205;635,44491983128;0,98019801980198;0,99009900990099
855;171,983224900669;717,458638124371;0,98019801980198;0,99009900990099
856;168,902102236623;698,298124026425;0,98019801980198;1
857;173,481134108702;768,746034703058;0,98019801980198;0,99009900990099
858;170,925576094454;709,68716668029;0,98019801980198;0,99009900990099
859;170,881536330124;643,988708164215;0,98019801980198;1
860;169,998650842165;681,324307491724;0,98019801980198;1
861;170,762851538328;614,808227195348;0,98019801980198;0,99009900990099
862;170,237626082341;839,424744428095;0,98019801980198;0,99009900990099
863;169,941877129629;648,011829654436;0,98019801980198;1
864;169,621839872956;696,201819837783;0,98019801980198;1
865;171,481214067924;677,825756714119;0,98019801980198;1
866;172,299928439655;786,750167829117;0,98019801980198;1
867;175,32726510687;695,584503429033;0,98019801980198;0,99009900990099
868;170,537072893757;624,072353301832;0,98019801980198;0,99009900990099
869;171,835480248456;634,24003867019;0,98019801980198;1
870;169,768402552792;715,007505276763;0,98019801980198;1
871;170,2513995244;689,775353160363;0,98019801980198;0,99009900990099
872;171,667312920697;837,34036538678;0,98019801980198;1
873;171,046674658965;692,759682207799;0,98019801980198;1
874;168,322219370465;794,540395785863;0,98019801980198;0,99009900990099
875;169,778114235836;565,069738690046;0,98019801980198;1
876;171,163966599211;673,106884087519;0,98019801980198;1
877;170,637471641768;680,188542511408;0,98019801980198;0,99009900990099
878;170,334309775397;821,054028942787;0,98019801980198;1
879;168,708757517707;718,194494207061;0,98019801980198;0,99009900990099
880;169,339282403799;557,51545671561;0,98019801980198;1
881;166,10332278982;678,497011881667;0,98019801980198;1
882;174,595265601277;707,844134234039;0,98019801980198;1
883;172,833937531304;739,075425666688;0,98019801980198;0,99009900990099
884;176,056441987563;714,637272068421;0,98019801980198;0,99009900990099
885;174,60652127519;632,73204107834;0,98019801980198;1
886;170,192265553529;694,643013878751;0,98019801980198;0,99009900990099
887;172,054597643739;753,356057681859;0,98019801980198;0,99009900990099
888;172,176262079116;666,322743975595;0,98019801980198;0,99009900990099
889;168,482835420362;694,526361577304;0,98019801980198;1
890;169,538880162216;709,793872720727;0,98019801980198;1
891;171,432393119709;662,225542222574;0,98019801980198;1
892;170,962435624585;669,601072839733;0,98019801980198;0,99009900990099
893;169,306854945385;669,91690202432;0,98019801980198;1
894;172,283573592834;792,817889708196;0,98019801980198;0,99009900990099
895;169,571342541968;617,77976803034;0,98019801980198;0,99009900990099
896;169,58156962768;790,967956422975;0,98019801980198;0,99009900990099
897;173,149502183475;650,327645729351;0,98019801980198;1
898;173,594032095103;705,317705519837;0,98019801980198;0,99009900990099
899;171,612127704418;765,078811386568;0,98019801980198;1
900;173,961778740489;647,45562882388;0,98019801980198;1
901;169,131897550785;737,883550422336;0,98019801980198;0,99009900990099
902;169,234949941349;786,778095613444;0,98019801980198;1
903;170,148450087267;732,20560388667;0,98019801980198;0,99009900990099
904;171,980752430124;737,362237962922;0,98019801980198;1
905;170,66889759283;715,348999310218;0,98019801980198;0,99009900990099
906;171,136947274544;697,290505006858;0,98019801980198;0,99009900990099
907;172,868272338103;870,197923900035;0,98019801980198;1
908;171,906842824545;633,6841946103;0,98019801980198;1
909;167,305801788279;638,954641988453;0,98019801980198;0,99009900990099
910;167,986529020847;665,653491488915;0,98019801980198;1
911;168,306630076125;556,16254902322;0,98019801980198;0,99009900990099
912;170,720252433358;632,80155998574;0,98019801980198;1
913;169,231695728464;629,167483118405;0,98019801980198;0,99009900990099
914;170,331401994045;641,205742531339;0,98019801980198;1
915;171,44492627563;635,236400523364;0,98019801980198;1
916;166,457863618552;630,193367625378;0,98019801980198;1
917;170,902201403274;734,781326435941;0,98019801980198;0,99009900990099
918;169,060243025034;630,840880501289;0,98019801980198;1
919;168,79805353134;654,956656191461;0,98019801980198;0,99009900990099
920;172,413315854731;779,918352132098;0,98019801980198;1
921;170,517425695107;849,420548632011;0,98019801980198;0,99009900990099
922;168,848648010076;676,623160640556;0,98019801980198;0,99009900990099
923;170,594481511229;730,589058727684;0,98019801980198;0,99009900990099
924;170,60175867172;709,685952328015;0,98019801980198;0,99009900990099
925;173,854027384973;685,432352419825;0,98019801980198;0,99009900990099
926;174,256584979984;607,119358829606;0,98019801980198;0,99009900990099
927;167,455320737092;669,436297164032;0,98019801980198;1
928;170,398644687245;617,021105884513;0,98019801980198;1
929;169,472009666112;587,312412450375;0,98019801980198;0,99009900990099
930;169,683738734825;608,311404138176;0,98019801980198;0,99009900990099
931;172,107740534071;736,039636003054;0,98019801980198;0,99009900990099
932;173,126346155015;613,839679230364;0,98019801980198;1
933;177,502750826174;779,543936144054;0,98019801980198;0,99009900990099
934;171,255156000283;672,909904715257;0,98019801980198;0,99009900990099
935;171,471948722403;674,451721015118;0,98019801980198;1
936;171,87705481305;583,469700892375;0,98019801980198;1
937;169,792864798089;715,176626411185;0,98019801980198;0,99009900990099
938;172,089518907897;772,551883768577;0,98019801980198;1
939;168,598153690663;673,372154287854;0,98019801980198;1
940;168,289675626418;723,041353897799;0,98019801980198;0,99009900990099
941;168,757631996523;653,4636023698;0,98019801980198;0,99009900990099
942;168,465956136508;536,999548991445;0,98019801980198;0,99009900990099
943;168,10024403067;629,28214642978;0,98019801980198;0,99009900990099
944;169,258194883309;717,972595154484;0,98019801980198;1
945;171,008263330266;707,637492778683;0,98019801980198;1
946;173,430213441944;631,528605996376;0,98019801980198;0,99009900990099
947;168,232240544064;817,336690068341;0,98019801980198;1
948;168,458996499959;680,590750873691;0,98019801980198;0,99009900990099
949;171,090632257122;754,998185440162;0,98019801980198;1
950;176,433958558165;899,137358349436;0,98019801980198;1
951;167,99712100895;751,564112173544;0,98019801980198;1
952;172,181230774738;774,542567399499;0,98019801980198;0,99009900990099
953;170,077372793542;686,583125338702;0,98019801980198;0,99009900990099
954;171,313521100917;823,834644582505;0,98019801980198;0,99009900990099
955;173,056549087451;622,150912812;0,98019801980198;1
956;168,026190317237;670,221367966428;0,98019801980198;0,99009900990099
957;172,936172553294;705,729462821355;0,98019801980198;1
958;174,440667286239;696,142371305094;0,98019801980198;1
959;169,005053120617;623,604052323877;0,98019801980198;1
960;168,839158418056;696,777728655563;0,98019801980198;0,99009900990099
961;177,005768344484;850,189289794359;0,98019801980198;1
962;170,831416074401;705,375566416752;0,98019801980198;0,99009900990099
963;167,115575667821;632,285025232422;0,98019801980198;1
964;170,627943205108;675,603766448476;0,98019801980198;1
965;169,66275420754;696,281516500872;0,98019801980198;1
966;170,741583155105;704,188084287822;0,98019801980198;0,99009900990099
967;169,123735196762;733,919208766266;0,98019801980198;0,99009900990099
968;169,40260305595;727,004166232984;0,98019801980198;0,99009900990099
969;168,654843357765;669,314714083498;0,98019801980198;1
970;171,491471452531;679,852705159555;0,98019801980198;1
971;170,160727509035;687,571234109453;0,98019801980198;0,99009900990099
972;172,027624368207;657,904746730108;0,98019801980198;0,99009900990099
973;168,278235454856;627,506624681817;0,98019801980198;1
974;173,611013658669;627,917926598366;0,98019801980198;0,99009900990099
975;171,364734110286;679,587902528018;0,98019801980198;1
976;171,365492851128;765,056470096855;0,98019801980198;0,99009900990099
977;168,899005302629;634,89120005135;0,98019801980198;1
978;171,415588742025;661,271877453312;0,98019801980198;0,99009900990099
979;171,785981435165;735,184195653025;0,98019801980198;1
980;168,839960276618;697,567547795904;0,98019801980198;0,99009900990099
981;171,874251949386;623,634319297361;0,98019801980198;0,99009900990099
982;173,388286799821;795,877442689913;0,98019801980198;1
983;170,547410864844;822,484967881369;0,98019801980198;1
984;169,635459482385;678,002228737654;0,98019801980198;0,99009900990099
985;170,019298836876;605,367762756291;0,98019801980198;0,99009900990099
986;168,795447799143;624,359822103168;0,98019801980198;0,99009900990099
987;174,136679169574;705,356255282207;0,98019801980198;0,99009900990099
988;171,018399328378;618,794672726508;0,98019801980198;1
989;173,057308657269;809,264995529446;0,98019801980198;1
990;168,526203717915;639,866104661614;0,98019801980198;0,99009900990099
991;169,486334357698;794,13564331497;0,98019801980198;1
992;168,174506584856;660,03652723329;0,98019801980198;0,99009900990099
993;172,542521753741;758,884968115484;0,98019801980198;0,99009900990099
994;175,13714917417;740,487541471987;0,98019801980198;0,99009900990099
995;171,184609151583;770,587710124707;0,98019801980198;1
996;169,623943647887;689,544731906305;0,98019801980198;1
997;169,945593900267;714,820334634488;0,98019801980198;0,99009900990099
998;173,634968768579;612,713047103993;0,98019801980198;0,99009900990099
999;170,115213101905;651,029584462403;0,98019801980198;1
