0;62;10,0397208176621;0,580645161290323;0,612903225806452
1;62,0990745634983;13,6543770414723;0,935483870967742;0,967741935483871
2;65,9090239015395;17,3016333483607;0,967741935483871;1
3;67,9417886708381;45,3513906249877;0,935483870967742;0,967741935483871
4;64,7462385726454;15,5303984714421;0,935483870967742;0,967741935483871
5;65,0352326804647;16,0991273919689;0,935483870967742;0,967741935483871
6;68,1963670767436;21,2273048251862;0,967741935483871;1
7;65,0826025555159;19,3092715761279;0,935483870967742;0,967741935483871
8;63,6851083212366;22,7288838478271;0,967741935483871;1
9;63,5860753641201;42,6134160466191;0,935483870967742;0,967741935483871
10;62,4878496488802;18,6761241593236;0,935483870967742;0,967741935483871
11;65,7790740900271;26,0123187458035;0,967741935483871;1
12;65,413123226118;19,1806358661259;0,967741935483871;1
13;68,1950766696808;36,5839492222126;0,935483870967742;0,967741935483871
14;64,9595925510969;19,6695042688647;0,967741935483871;1
15;66,2212424096161;28,7657838827697;0,967741935483871;1
16;68,2534483189645;53,2963581886076;0,870967741935484;0,903225806451613
17;63,3539699475176;12,639218313895;0,903225806451613;0,935483870967742
18;64,1735256519018;19,9135138340363;0,967741935483871;1
19;66,2936761482829;8,37754996628987;0,935483870967742;0,967741935483871
20;67,988242426857;69,2626590392843;0,967741935483871;1
21;65,413333666468;24,4076705569254;0,967741935483871;1
22;62,8699744306781;24,100492882107;0,967741935483871;1
23;67,0309130184913;32,2861045870785;0,967741935483871;1
24;64,4320075025177;15,2114312550936;0,967741935483871;1
25;63,4419929955727;14,6862389959163;0,967741935483871;1
26;63,8063837738231;10,3631169264194;0,935483870967742;0,967741935483871
27;63,4533618547839;29,8120865446436;0,935483870967742;0,967741935483871
28;64,9950700748768;27,7546828268879;0,967741935483871;1
29;66,1513816677313;36,6612997629288;0,967741935483871;1
30;63,3019237590943;15,8051298661246;0,967741935483871;1
31;68,2637600279211;68,4233394545861;0,967741935483871;1
32;68,2587517498754;26,0631695364149;0,935483870967742;0,967741935483871
33;64,7742515694518;32,3794424874207;0,967741935483871;1
34;64,0611703799154;19,5506821091242;0,967741935483871;1
35;64,5297582819625;19,4001854673219;0,935483870967742;0,967741935483871
36;64,1735861464077;17,1637435361094;0,967741935483871;1
37;64,3168575541559;18,8072002041554;0,935483870967742;0,967741935483871
38;63,9802179885631;12,2507473050248;0,967741935483871;1
39;65,4328567155884;14,0023626320305;0,935483870967742;0,967741935483871
40;63,9103691451887;33,6839168883328;0,935483870967742;0,967741935483871
41;64,8092913660144;11,5644232225624;0,967741935483871;1
42;63,6271808923556;34,5931401222709;0,935483870967742;0,967741935483871
43;68,0576945430718;24,3082651039536;0,967741935483871;1
44;68,7877994040248;34,436251651458;0,935483870967742;0,967741935483871
45;64,4929587675036;11,5910713902752;0,967741935483871;1
46;67,9200507423843;53,0650491791442;0,967741935483871;1
47;64,9060013230288;17,8772185606619;0,935483870967742;0,967741935483871
48;65,6530604363801;22,3124801979676;0,935483870967742;0,967741935483871
49;62,6714286988731;28,3705065110638;0,967741935483871;1
50;63,6170192363228;6,12866691739413;0,967741935483871;1
51;64,5139536894567;25,5112104263251;0,967741935483871;1
52;63,870883985009;21,4350434401887;0,935483870967742;0,967741935483871
53;65,9264539325758;34,5825473088765;0,935483870967742;0,967741935483871
54;65,3273943704966;28,3103836543129;0,967741935483871;1
55;61,8408508493201;10,5967278306408;0,967741935483871;1
56;63,0014065135407;14,3291666468511;0,935483870967742;0,967741935483871
57;68,232008507823;34,9627426122018;0,967741935483871;1
58;65,8138964783645;22,0125855571788;0,935483870967742;0,967741935483871
59;64,0729775207224;12,6049713668195;0,967741935483871;1
60;63,5269491798143;33,7767478227907;0,967741935483871;1
61;64,5621201386634;14,2753679670491;0,967741935483871;1
62;64,3472474032299;38,3841785987628;0,967741935483871;1
63;62,7626629985032;14,3651786870942;0,967741935483871;1
64;65,8429628490507;54,4754242176679;0,935483870967742;0,967741935483871
65;60,6626678322302;17,4634246961108;0,967741935483871;1
66;64,8237037948133;16,0835318025008;0,935483870967742;0,967741935483871
67;65,1692969177845;27,469500633281;0,967741935483871;1
68;63,8094177464455;22,021605858068;0,935483870967742;0,967741935483871
69;67,2548846954632;44,7993892183691;0,967741935483871;1
70;65,5738610454728;21,2985705068678;0,967741935483871;1
71;65,1824925055726;30,0041696411988;0,935483870967742;0,967741935483871
72;63,1624053723508;22,0441839551458;0,967741935483871;1
73;65,7995365112573;17,0277500442637;0,935483870967742;0,967741935483871
74;66,3156028208091;36,1325955694702;0,935483870967742;0,967741935483871
75;63,4592737888257;5,33221281450594;0,967741935483871;1
76;64,3733323821064;46,7591033416403;0,967741935483871;1
77;64,8606204100523;24,7431361390174;0,903225806451613;0,935483870967742
78;65,4195796909408;11,7996563308454;0,967741935483871;1
79;63,3743036017321;9,68950377051226;0,967741935483871;1
80;65,5166160010374;24,3949921710191;0,935483870967742;0,967741935483871
81;66,0148933371598;36,5424210141045;0,967741935483871;1
82;64,6721138139596;35,9454253391788;0,967741935483871;1
83;63,2569349480424;21,4582489368415;0,967741935483871;1
84;65,8995586500718;40,454622589251;0,967741935483871;1
85;64,212046539373;22,5437866258973;0,935483870967742;0,967741935483871
86;64,5834516327117;57,4025547049934;0,967741935483871;1
87;66,8371807946286;22,9289248821128;0,967741935483871;1
88;62,8173178297245;13,0293833231457;0,967741935483871;1
89;66,3077931389677;26,2698408290057;0,935483870967742;0,967741935483871
90;65,0100929634734;33,3272873771323;0,967741935483871;1
91;62,9112917416836;14,3863065397183;0,935483870967742;0,967741935483871
92;68,7006344307474;31,5905854250687;0,935483870967742;0,967741935483871
93;64,8987114567439;17,8942642913436;0,967741935483871;1
94;64,3470192138633;18,9654037292893;0,967741935483871;1
95;65,2831186924437;29,2089468270678;0,935483870967742;0,967741935483871
96;66,979675296724;39,3949805492618;0,967741935483871;1
97;66,5228838549521;23,5034510892669;0,935483870967742;0,967741935483871
98;62,6646069322468;13,5814039110461;0,935483870967742;0,967741935483871
99;68,0996710455583;19,1308835718128;0,935483870967742;0,967741935483871
100;68,4064689041279;24,9443631039459;0,967741935483871;1
101;63,253684198268;31,8720467222253;0,967741935483871;1
102;63,8565360446887;7,27777932204578;0,967741935483871;1
103;63,4049315099995;34,6386067303077;0,967741935483871;1
104;61,8880876328184;18,9438973887493;0,967741935483871;1
105;67,6361096787521;44,9785458253099;0,935483870967742;0,967741935483871
106;64,0208020715179;17,2071528825698;0,967741935483871;1
107;63,0811839721068;19,6023564406854;0,935483870967742;0,967741935483871
108;66,9462177351265;48,363690116959;0,935483870967742;0,967741935483871
109;62,7646107992969;29,0904519278995;0,935483870967742;0,967741935483871
110;64,4229878239382;19,5663518576513;0,935483870967742;0,967741935483871
111;63,4297652270732;16,5691701848394;0,935483870967742;0,967741935483871
112;66,1563741507943;65,2470143277988;0,967741935483871;1
113;63,8496424830272;41,4234639558096;0,935483870967742;0,967741935483871
114;66,871562724801;26,7230461559973;0,935483870967742;0,967741935483871
115;67,237917256852;15,2818220610033;0,967741935483871;1
116;63,837537656714;17,9552981553423;0,935483870967742;0,967741935483871
117;62,290492187534;19,2924707186553;0,967741935483871;1
118;68,2319301430578;36,977658268826;0,967741935483871;1
119;63,2541027406516;28,197663508833;0,903225806451613;0,935483870967742
120;63,9452249103011;12,053071572197;0,967741935483871;1
121;63,9041668250313;34,5794354683754;0,935483870967742;0,967741935483871
122;65,6544800371847;21,7096377837709;0,935483870967742;0,967741935483871
123;66,7984789149299;11,2119435692294;0,935483870967742;0,967741935483871
124;62,7379332109301;16,900492898603;0,935483870967742;0,967741935483871
125;63,5409363416466;4,77391745909065;0,935483870967742;0,967741935483871
126;62,6100988256942;15,7485209329554;0,967741935483871;1
127;65,2759517657535;36,0523587360312;0,935483870967742;0,967741935483871
128;63,373685785042;15,6142879924081;0,935483870967742;0,967741935483871
129;64,0258295434678;18,9219319738342;0,967741935483871;1
130;64,4503145315939;28,7549380018232;0,967741935483871;1
131;65,6634883820285;29,6967685814852;0,935483870967742;0,967741935483871
132;68,6131163716278;39,0291059327019;0,967741935483871;1
133;67,4637607263535;55,0439055700431;0,935483870967742;0,967741935483871
134;64,0325093488517;18,5908388330818;0,967741935483871;1
135;62,3045458738127;37,6428778864051;0,967741935483871;1
136;65,6035058949789;12,3341380193697;0,967741935483871;1
137;66,9679167218857;25,5053022938776;0,935483870967742;0,967741935483871
138;63,5487156294252;18,7773827723032;0,967741935483871;1
139;63,0677927181791;23,7227773958849;0,967741935483871;1
140;64,6256829834473;37,375880755224;0,935483870967742;0,967741935483871
141;65,53368053762;41,9174136756645;0,935483870967742;0,967741935483871
142;64,460841767229;31,6875734860732;0,935483870967742;0,967741935483871
143;65,9712901824345;20,023663522645;0,967741935483871;1
144;62,9358692241511;23,6274200196053;0,935483870967742;0,967741935483871
145;63,5674398225817;10,3097339350797;0,967741935483871;1
146;63,833122865804;10,1535584703419;0,935483870967742;0,967741935483871
147;63,3689239963053;3,42515977915574;0,967741935483871;1
148;65,4528571064605;22,9484100788818;0,935483870967742;0,967741935483871
149;67,8954031649804;26,679376776039;0,935483870967742;0,967741935483871
150;63,1414504164028;42,8562476867876;0,935483870967742;0,967741935483871
151;61,9166017360998;20,1783389363792;0,935483870967742;0,967741935483871
152;64,5156929827922;17,2969758820696;0,935483870967742;0,967741935483871
153;65,7612486619719;32,5890901155686;0,967741935483871;1
154;63,3375937943579;20,7496323055309;0,935483870967742;0,967741935483871
155;61,9825621171055;13,2648987948436;0,935483870967742;0,967741935483871
156;65,7056075846054;28,3692148672626;0,935483870967742;0,967741935483871
157;66,8585350632004;24,0215104458268;0,935483870967742;0,967741935483871
158;66,3997622487927;47,6565446711029;0,967741935483871;1
159;68,0597015933599;28,5387024727898;0,967741935483871;1
160;66,8646679004781;36,0745937741451;0,935483870967742;0,967741935483871
161;65,8993406441391;29,94694078841;0,967741935483871;1
162;67,1560865325823;37,6981641190163;0,967741935483871;1
163;66,1317740196172;40,0917512022517;0,935483870967742;0,967741935483871
164;62,696911845778;18,7053671411438;0,967741935483871;1
165;62;20,379019796043;0,67741935483871;0,709677419354839
166;61,9319040815206;15,8484525315368;0,935483870967742;0,967741935483871
167;62,5176825362691;12,8901689380729;0,967741935483871;1
168;67,1926079241167;20,3280822316149;0,967741935483871;1
169;62,7372427876216;21,2517648293;0,967741935483871;1
170;64,9177059594546;21,526521136811;0,967741935483871;1
171;62,9240708117376;15,9931168081319;0,935483870967742;0,967741935483871
172;66,8993665545241;42,6914981602006;0,967741935483871;1
173;64,6181597752867;24,6166336859818;0,935483870967742;0,967741935483871
174;63,5940199334485;39,0778028901549;0,967741935483871;1
175;63,6073241966114;21,522514111741;0,935483870967742;0,967741935483871
176;63,8478202769985;30,8874678745331;0,935483870967742;0,967741935483871
177;61,527816674217;8,7828772303521;0,967741935483871;1
178;65,2219457207537;38,3904394631936;0,935483870967742;0,967741935483871
179;65,5100808385687;12,5152581130407;0,870967741935484;0,903225806451613
180;63,5978850781375;18,2859551353233;0,967741935483871;1
181;65,4117364719564;57,7545673097167;0,935483870967742;0,967741935483871
182;63,1845310484128;12,6118343694043;0,967741935483871;1
183;66,1069226196385;13,6546394965648;0,935483870967742;0,967741935483871
184;66,7742648985486;20,6614074074484;0,935483870967742;0,967741935483871
185;63,6645052044079;27,3515869322367;0,935483870967742;0,967741935483871
186;62,7996560058543;26,2191121371382;0,903225806451613;0,935483870967742
187;62,5238797812728;30,0183472148462;0,935483870967742;0,967741935483871
188;64,5347590087436;12,1032344176539;0,935483870967742;0,967741935483871
189;64,7747948064385;39,7982100015848;0,935483870967742;0,967741935483871
190;66,9518405064734;25,7634179349754;0,935483870967742;0,967741935483871
191;63,4120601851049;40,5718988190457;0,967741935483871;1
192;65,768881320367;25,8187896462109;0,967741935483871;1
193;63,2795391002565;18,6350985959506;0,967741935483871;1
194;64,1211799557677;28,2966336847077;0,967741935483871;1
195;65,5300456563281;15,7735306213342;0,967741935483871;1
196;61,8400927729553;12,1020014106943;0,935483870967742;0,967741935483871
197;65,5385047660181;23,1910157340427;0,967741935483871;1
198;65,8309224380359;19,1896461704167;0,935483870967742;0,967741935483871
199;63,1997592600991;10,5326152534265;0,967741935483871;1
200;63,4173246592705;23,7702398769883;0,935483870967742;0,967741935483871
201;65,4728993627951;24,0957393750898;0,935483870967742;0,967741935483871
202;64,2693348130212;36,5328584436722;0,967741935483871;1
203;63,3073006625825;11,2074624384984;0,967741935483871;1
204;68,3436521877364;67,0716304764341;0,967741935483871;1
205;67,6550143194304;25,1620045350124;0,935483870967742;0,967741935483871
206;65,6392388243734;12,6047941340063;0,967741935483871;1
207;64,5731103249263;27,4697073877001;0,967741935483871;1
208;65,8154395693899;38,2051809860421;0,967741935483871;1
209;65,5943984020357;30,9822650211016;0,967741935483871;1
210;65,0555264777577;15,3119152121889;0,967741935483871;1
211;64,3916204815483;21,0868294642141;0,935483870967742;0,967741935483871
212;67,4490765482506;26,5303703651082;0,935483870967742;0,967741935483871
213;65,7620180062577;30,2263134382604;0,935483870967742;0,967741935483871
214;63,0320276122939;11,7969785064444;0,935483870967742;0,967741935483871
215;69,0211535228715;36,6726718688214;0,967741935483871;1
216;69,909690210566;60,858393316947;0,935483870967742;0,967741935483871
217;62,7355596543883;6,08897454684784;0,967741935483871;1
218;65,0323314917806;36,5330140733143;0,935483870967742;0,967741935483871
219;66,7137598183715;59,8671270567545;0,967741935483871;1
220;65,2594984289061;29,1398806372158;0,967741935483871;1
221;62,9342171086318;19,325877511432;0,967741935483871;1
222;64,3653379481693;17,5346807746265;0,967741935483871;1
223;61,7058883679802;8,63577384335444;0,935483870967742;0,967741935483871
224;61,550399118532;18,8641328662341;0,935483870967742;0,967741935483871
225;63,1254847912543;19,0038094754578;0,967741935483871;1
226;64,2140905194225;47,9526505860762;0,967741935483871;1
227;66,3909239628511;18,4879390829757;0,967741935483871;1
228;65,7086931310294;30,9605692469012;0,935483870967742;0,967741935483871
229;63,1481541460216;39,3913627783534;0,935483870967742;0,967741935483871
230;66,0926402695278;39,7595224727832;0,935483870967742;0,967741935483871
231;65,1630821993798;29,452747164887;0,935483870967742;0,967741935483871
232;62,2288433489191;17,9592794630512;0,935483870967742;0,967741935483871
233;68,7187667171167;58,9502003830276;0,935483870967742;0,967741935483871
234;64,4607075042434;20,3260957533355;0,935483870967742;0,967741935483871
235;62,6864908342278;28,1028494247188;0,935483870967742;0,967741935483871
236;62,9449493903836;39,9462619717209;0,935483870967742;0,967741935483871
237;62,9035918617812;15,5427873934493;0,935483870967742;0,967741935483871
238;66,5164410246074;37,3758014982265;0,967741935483871;1
239;65,0102224774694;24,4600568270402;0,935483870967742;0,967741935483871
240;66,4035738009645;12,6307669197629;0,935483870967742;0,967741935483871
241;66,8358286945807;19,2089028165354;0,935483870967742;0,967741935483871
242;65,6013943076867;16,9584398590383;0,935483870967742;0,967741935483871
243;65,4447350215472;36,2173427036654;0,935483870967742;0,967741935483871
244;63,4597024490499;10,1885088266065;0,935483870967742;0,967741935483871
245;64,3504730197142;15,5666979552203;0,935483870967742;0,967741935483871
246;63,7444338763059;7,19062142813836;0,935483870967742;0,967741935483871
247;64,034317501112;8,62402247341211;0,935483870967742;0,967741935483871
248;63,1099746266964;36,8224879813051;0,935483870967742;0,967741935483871
249;63,4470058825391;35,9165906909069;0,967741935483871;1
250;64,400126790605;24,0891466402914;0,935483870967742;0,967741935483871
251;67,6290546217742;45,5562452889733;0,967741935483871;1
252;65,4810988961946;29,273294525197;0,935483870967742;0,967741935483871
253;67,9970751674705;11,9249179221426;0,967741935483871;1
254;69,8462209774261;27,1855112075075;0,935483870967742;0,967741935483871
255;64,7890082909288;17,9942276595407;0,967741935483871;1
256;61,8414438816634;6,76913510763731;0,935483870967742;0,967741935483871
257;66,2537020785909;24,153462683114;0,967741935483871;1
258;63,640204861305;9,94778259900887;0,967741935483871;1
259;63,6472567341704;13,87358226819;0,967741935483871;1
260;64,1594921579397;17,6275989805753;0,967741935483871;1
261;67,5121326606983;32,3630887811684;0,967741935483871;1
262;64,2669669398678;28,926144960669;0,967741935483871;1
263;63,9998379217628;11,9279757358872;0,903225806451613;0,935483870967742
264;67,5684666567813;12,8736683884023;0,967741935483871;1
265;65,2683236765851;12,7060521461517;0,935483870967742;0,967741935483871
266;64,219723462086;22,6891227230359;0,967741935483871;1
267;70,2200832665952;39,164681912184;0,967741935483871;1
268;66,631312098723;22,8553587220546;0,935483870967742;0,967741935483871
269;64,2572170263788;16,7901803915829;0,967741935483871;1
270;66,6537313199043;25,070323652699;0,967741935483871;1
271;63,7183167717319;14,7939407256451;0,967741935483871;1
272;65,0576495546916;21,3728914606434;0,935483870967742;0,967741935483871
273;66,6130924922842;37,044889295385;0,935483870967742;0,967741935483871
274;65,3208147449466;29,0091960110917;0,935483870967742;0,967741935483871
275;66,8143261499353;62,9072092475948;0,967741935483871;1
276;66,907572313988;20,3606328639835;0,935483870967742;0,967741935483871
277;64,6407029771176;9,06395042034726;0,967741935483871;1
278;61,4996441351286;15,0280006423707;0,935483870967742;0,967741935483871
279;64,4157307837255;34,1614478540967;0,967741935483871;1
280;65,0392149968581;14,129975229006;0,935483870967742;0,967741935483871
281;65,3878930075253;12,0867465815038;0,967741935483871;1
282;65,4192826868353;17,736606109097;0,935483870967742;0,967741935483871
283;63,1354611409662;24,4445526280087;0,935483870967742;0,967741935483871
284;64,3794936303696;24,741469419603;0,935483870967742;0,967741935483871
285;65,5018112187647;18,1205043869428;0,935483870967742;0,967741935483871
286;63,4970710847052;27,5317662010855;0,935483870967742;0,967741935483871
287;64,7601809476896;27,9538147919281;0,967741935483871;1
288;62,8815780260632;12,4078425612456;0,935483870967742;0,967741935483871
289;67,664427507103;29,2014240387616;0,935483870967742;0,967741935483871
290;69,0446825987099;33,9756299636634;0,967741935483871;1
291;65,2101637107992;30,4656928499206;0,967741935483871;1
292;69,3371352685091;61,9160939543832;0,935483870967742;0,967741935483871
293;64,2860667877605;25,9283469212302;0,935483870967742;0,967741935483871
294;64,4203768724266;36,6720913896177;0,967741935483871;1
295;65,7884453255253;31,8391976296364;0,935483870967742;0,967741935483871
296;64,4908694025466;12,8028495883771;0,935483870967742;0,967741935483871
297;62,4141893102385;23,2336322619212;0,967741935483871;1
298;63,4830509231376;9,49356203770215;0,935483870967742;0,967741935483871
299;63,665873745215;13,8739732996934;0,967741935483871;1
300;63,8610598595906;21,4227555728767;0,935483870967742;0,967741935483871
301;64,8471879603298;20,0778764458094;0,967741935483871;1
302;62,6822316039042;11,0084107564862;0,967741935483871;1
303;65,412214302953;29,9674731653188;0,967741935483871;1
304;64,9510592982793;18,8723634657633;0,935483870967742;0,967741935483871
305;64,8186381526361;5,73806521817423;0,967741935483871;1
306;64,0985971330231;10,0613716930008;0,935483870967742;0,967741935483871
307;63,4633230377998;13,8002626923551;0,967741935483871;1
308;64,0916919523647;14,3108750903813;0,935483870967742;0,967741935483871
309;63,2705194187335;20,4000761877758;0,935483870967742;0,967741935483871
310;64,9689273461816;28,6889961980604;0,935483870967742;0,967741935483871
311;68,8262544655001;32,1537009489797;0,967741935483871;1
312;63,5604219357957;32,1138456112622;0,935483870967742;0,967741935483871
313;65,3243451833826;9,65100564138745;0,967741935483871;1
314;65,6867763423733;17,7643188878271;0,967741935483871;1
315;63,3688652023534;20,4416016983228;0,935483870967742;0,967741935483871
316;62,8554696573564;36,5363468802447;0,935483870967742;0,967741935483871
317;64,395406243328;22,2722268821257;0,967741935483871;1
318;68,8776395077467;50,2394421621468;0,967741935483871;1
319;65,2309870196415;40,8215101145734;0,967741935483871;1
320;62,6147852828871;29,9784572855385;0,935483870967742;0,967741935483871
321;66,3107314335012;29,6885614328252;0,935483870967742;0,967741935483871
322;62,5511068510397;19,5497323541982;0,935483870967742;0,967741935483871
323;64,2517068449701;18,1905200660783;0,967741935483871;1
324;64,1921479930066;17,2720473134073;0,935483870967742;0,967741935483871
325;71,5562837879555;30,4900843574541;0,967741935483871;1
326;64,4239377924688;10,9437217388767;0,935483870967742;0,967741935483871
327;62,915948829964;31,9844060174418;0,935483870967742;0,967741935483871
328;68,7014221153622;34,8888999924151;0,935483870967742;0,967741935483871
329;66,9687608060499;21,6606460845315;0,967741935483871;1
330;63,0448240215821;29,6296107459105;0,935483870967742;0,967741935483871
331;67,3068509043592;43,2302881834897;0,935483870967742;0,967741935483871
332;64,4198688976136;15,9463677041511;0,967741935483871;1
333;62,9746875439324;7,36556215439225;0,967741935483871;1
334;65,7883236316109;19,8280897178014;0,935483870967742;0,967741935483871
335;63,8071956654225;19,0575803467158;0,935483870967742;0,967741935483871
336;64,0869754616326;34,6685032647887;0,967741935483871;1
337;68,9431008818815;32,235229647597;0,935483870967742;0,967741935483871
338;68,8212849321165;39,9640631131687;0,967741935483871;1
339;62,3993997303673;10,4012716160306;0,967741935483871;1
340;64,528120522796;20,554714471965;0,935483870967742;0,967741935483871
341;63,8254707936692;9,9951767815621;0,935483870967742;0,967741935483871
342;65,9486072671976;22,4280049127667;0,935483870967742;0,967741935483871
343;62,679559512932;27,3803426783326;0,935483870967742;0,967741935483871
344;61,9754097342255;22,3491290713602;0,967741935483871;1
345;61,3581613997978;34,9294749931208;0,935483870967742;0,967741935483871
346;64,982623582356;27,7118024966769;0,935483870967742;0,967741935483871
347;63,7378992869519;17,9339717917149;0,935483870967742;0,967741935483871
348;62,7758692574453;4,11968992564986;0,967741935483871;1
349;63,1208183904252;28,1916327740839;0,967741935483871;1
350;64,7510211795777;32,5985257080194;0,967741935483871;1
351;63,1303804473941;15,573065892925;0,967741935483871;1
352;65,9569740878765;22,5249381925867;0,967741935483871;1
353;63,5985902962204;12,5558771749702;0,967741935483871;1
354;63,4247342210602;46,5252095244129;0,935483870967742;0,967741935483871
355;64,6036639659774;16,7883673109086;0,935483870967742;0,967741935483871
356;65,2937241406523;20,728504579676;0,935483870967742;0,967741935483871
357;65,4026904196611;21,6350157497524;0,935483870967742;0,967741935483871
358;70,8995412945453;40,6259954779956;0,967741935483871;1
359;64,2365831049249;23,0530592212245;0,935483870967742;0,967741935483871
360;69,4378326423094;29,6104577669491;0,967741935483871;1
361;62,9829844460645;25,6185409208548;0,935483870967742;0,967741935483871
362;64,304062458666;6,47089939396388;0,967741935483871;1
363;64,2589369102467;28,2644293652923;0,870967741935484;0,903225806451613
364;64,5360557251427;32,4747647852262;0,870967741935484;0,903225806451613
365;65,2925189001635;35,1683301024919;0,967741935483871;1
366;62,7693215946286;14,5439122755925;0,935483870967742;0,967741935483871
367;65,8472497923232;44,7492301274448;0,935483870967742;0,967741935483871
368;63,7195321470479;24,6970634619315;0,967741935483871;1
369;64,1698209572264;17,0317348625985;0,967741935483871;1
370;66,790014773063;20,6674288328234;0,967741935483871;1
371;66,4945564569356;33,2300801667932;0,935483870967742;0,967741935483871
372;67,2206797663379;37,0421827848622;0,935483870967742;0,967741935483871
373;64,9107667710876;36,6095966017568;0,935483870967742;0,967741935483871
374;66,9625065148774;25,69074487505;0,967741935483871;1
375;62,7834677672899;16,9196001661879;0,935483870967742;0,967741935483871
376;67,5175834370143;33,9302850505172;0,967741935483871;1
377;64,5666125324172;22,2569190496242;0,967741935483871;1
378;66,5223564538671;36,7021172947176;0,967741935483871;1
379;67,7548881355827;39,8700444120424;0,935483870967742;0,967741935483871
380;63,7327477692763;45,7048356143795;0,935483870967742;0,967741935483871
381;68,0162072048548;37,3585144366358;0,935483870967742;0,967741935483871
382;63,1332731315227;16,4723119730217;0,967741935483871;1
383;64,29527542146;32,4282978377537;0,967741935483871;1
384;66,6979982257909;23,7638376316761;0,935483870967742;0,967741935483871
385;62,3132242827324;1,42776381440635;0,967741935483871;1
386;67,4857838060167;39,2397253292134;0,967741935483871;1
387;65,8276866193301;39,6417650499206;0,967741935483871;1
388;64,0911680696284;20,2862321621498;0,967741935483871;1
389;65,2772152288203;6,57989788832911;0,967741935483871;1
390;63,1263779164666;16,4119365098703;0,935483870967742;0,967741935483871
391;65,3225789645245;33,0149728731806;0,870967741935484;0,903225806451613
392;68,7805525376478;51,5616886873261;0,967741935483871;1
393;65,1252835045613;33,5377809124323;0,935483870967742;0,967741935483871
394;62,5529422279933;15,2110549978272;0,935483870967742;0,967741935483871
395;65,4784044626718;31,926235049543;0,935483870967742;0,967741935483871
396;65,2849566632606;45,4272255999549;0,935483870967742;0,967741935483871
397;66,2474502874368;37,9555026833872;0,967741935483871;1
398;64,5152777512764;26,3690814111652;0,967741935483871;1
399;65,4163948041437;22,6793010651783;0,935483870967742;0,967741935483871
400;64,9508985628974;24,9948131428033;0,967741935483871;1
401;64,1105232178873;10,2626750876783;0,967741935483871;1
402;65,149037540307;15,1621777343449;0,967741935483871;1
403;65,9707155393184;13,7011054341651;0,935483870967742;0,967741935483871
404;65,226558288668;16,9852028867005;0,967741935483871;1
405;63,2908366076405;26,0358704584305;0,967741935483871;1
406;65,568055731236;24,6660075692962;0,967741935483871;1
407;65,1928928732681;28,8815090112996;0,935483870967742;0,967741935483871
408;62,2730145990153;15,0984675176125;0,967741935483871;1
409;67,4304457226341;43,679274281955;0,935483870967742;0,967741935483871
410;66,7155560849973;28,2038539831374;0,967741935483871;1
411;65,1731156948748;17,0880468804488;0,935483870967742;0,967741935483871
412;66,8149831946045;41,6322032625173;0,935483870967742;0,967741935483871
413;65,6842105202166;25,5539942015354;0,935483870967742;0,967741935483871
414;65,528040633183;20,7097963309452;0,967741935483871;1
415;62,3925503121289;34,1528600642274;0,935483870967742;0,967741935483871
416;64,9187516719654;34,5979425754517;0,741935483870968;0,774193548387097
417;64,200612321217;16,3418108084179;0,935483870967742;0,967741935483871
418;67,737983991568;35,0012391005723;0,967741935483871;1
419;64,0786269965559;6,0853642131429;0,935483870967742;0,967741935483871
420;63,2750031528029;36,7314347727157;0,967741935483871;1
421;64,4824128579385;34,5851996593408;0,967741935483871;1
422;66,5047254362071;36,6026179460308;0,967741935483871;1
423;64,0891236045959;5,28474870663579;0,935483870967742;0,967741935483871
424;67,557132949093;37,1708616564068;0,935483870967742;0,967741935483871
425;64,0908454733582;34,5452396989842;0,935483870967742;0,967741935483871
426;63,8413850709373;14,324141219799;0,967741935483871;1
427;66,0688679940587;10,2696044424595;0,967741935483871;1
428;63,6696223373017;34,4128851124539;0,967741935483871;1
429;63,8661136859874;18,1103040201399;0,935483870967742;0,967741935483871
430;64,5009843763594;19,7937339853456;0,967741935483871;1
431;69,3851020814992;33,8529055132702;0,935483870967742;0,967741935483871
432;66,3992666836265;19,78404319011;0,967741935483871;1
433;68,9377075410283;50,2483601070237;0,935483870967742;0,967741935483871
434;67,261213058254;31,9901372073777;0,967741935483871;1
435;63,8854019438322;7,91998251911365;0,935483870967742;0,967741935483871
436;62,9265939483147;15,9954612012291;0,935483870967742;0,967741935483871
437;66,6044664499902;52,9009459562679;0,935483870967742;0,967741935483871
438;63,7284438281972;13,8602130420812;0,967741935483871;1
439;63,6265644457749;14,2883691761849;0,967741935483871;1
440;65,0537802131672;20,3122429012441;0,935483870967742;0,967741935483871
441;63,9878095718059;11,9684915024598;0,967741935483871;1
442;66,4403608415824;41,2012545758012;0,935483870967742;0,967741935483871
443;66,9547141837409;32,7790625316405;0,935483870967742;0,967741935483871
444;66,6642535179251;9,92868549910023;0,967741935483871;1
445;62,9812181722617;32,2621025430593;0,967741935483871;1
446;62,0001892851456;12,0567531761524;0,967741935483871;1
447;64,9237199567109;21,7601083291351;0,967741935483871;1
448;62,871803428685;17,114155575322;0,967741935483871;1
449;63,6441487547381;29,0006254049143;0,967741935483871;1
450;64,7778841518408;31,4396249337546;0,967741935483871;1
451;62,9363266737407;18,9851593269933;0,935483870967742;0,967741935483871
452;62,2674685038435;15,4290739717923;0,935483870967742;0,967741935483871
453;68,5552054674132;39,2067227416519;0,935483870967742;0,967741935483871
454;63,4794565567529;13,7628330227485;0,967741935483871;1
455;64,7490040247852;16,0627943209803;0,967741935483871;1
456;66,3050980744673;40,518071801741;0,935483870967742;0,967741935483871
457;64,9711821858928;8,09352205895482;0,935483870967742;0,967741935483871
458;63,5963979527666;14,8381616925454;0,967741935483871;1
459;65,3057603427335;12,0790218254845;0,967741935483871;1
460;65,626104619699;39,4417682159829;0,935483870967742;0,967741935483871
461;67,1113046737293;85,7643397698039;0,967741935483871;1
462;65,9472337438279;18,4862899457444;0,967741935483871;1
463;64,1263603890595;20,0202752625892;0,967741935483871;1
464;63,0206036829748;10,6798952672954;0,967741935483871;1
465;63,6888830670049;41,245400308708;0,967741935483871;1
466;63,6821891648743;17,4268875310194;0,935483870967742;0,967741935483871
467;62,870815063821;23,0774445681162;0,935483870967742;0,967741935483871
468;68,344271383223;33,0613288417614;0,967741935483871;1
469;65,1816855794738;23,2732882090567;0,935483870967742;0,967741935483871
470;65,5951658907286;24,2252257198234;0,967741935483871;1
471;67,2542166753466;23,3050998503195;0,967741935483871;1
472;64,3339016446234;12,1483343681129;0,935483870967742;0,967741935483871
473;63,6928763247861;20,9449172137209;0,967741935483871;1
474;65,0128924758198;11,2667732039013;0,967741935483871;1
475;65,1815885550259;34,6367797234979;0,967741935483871;1
476;64,8010030026535;19,9667980472689;0,967741935483871;1
477;69,186682405734;36,2786822278676;0,967741935483871;1
478;67,0733885935745;39,3496692181683;0,967741935483871;1
479;62,8097002371519;24,0246305404183;0,935483870967742;0,967741935483871
480;64,6690332377704;17,5684610262508;0,967741935483871;1
481;64,5490392647756;28,5837075675799;0,967741935483871;1
482;65,0554649512769;47,3098351564396;0,935483870967742;0,967741935483871
483;62,2953931833107;26,466908270045;0,870967741935484;0,903225806451613
484;64,8355091762932;17,5159544990771;0,935483870967742;0,967741935483871
485;67,02205547884;31,3007709136612;0,870967741935484;0,903225806451613
486;68,0583499924748;48,8521064142845;0,967741935483871;1
487;65,5120611414308;56,5157271453797;0,967741935483871;1
488;64,4587692978699;21,1581092389884;0,967741935483871;1
489;68,0355971116266;16,9437901689487;0,967741935483871;1
490;63,2770657794591;15,3039872676853;0,967741935483871;1
491;65,2882237279803;27,2967383436128;0,967741935483871;1
492;65,5468287759164;37,0165677784748;0,967741935483871;1
493;63,6330818288107;14,7590855676378;0,967741935483871;1
494;67,9781573360109;23,1283654012326;0,935483870967742;0,967741935483871
495;67,5367558940137;34,3268535039734;0,935483870967742;0,967741935483871
496;68,3969911661865;38,7733418671448;0,967741935483871;1
497;65,8623132852771;48,5574864577952;0,967741935483871;1
498;67,4387591046076;25,5899210777197;0,967741935483871;1
499;67,0237464294653;39,8324284951426;0,967741935483871;1
500;65,6694297769104;21,8976254954938;0,935483870967742;0,967741935483871
501;65,2661170769077;22,8017652923817;0,967741935483871;1
502;65,4317323821484;31,1934408098832;0,935483870967742;0,967741935483871
503;66,9528480043801;39,7473618058361;0,967741935483871;1
504;65,245507293114;30,7259734602857;0,935483870967742;0,967741935483871
505;66,4514944460541;20,3665178723211;0,967741935483871;1
506;63,8834081414269;31,3189750222357;0,967741935483871;1
507;69,7304823797914;25,8363675150038;0,935483870967742;0,967741935483871
508;63,9937266303469;30,7334967364407;0,935483870967742;0,967741935483871
509;64,861373599697;8,7564416061462;0,967741935483871;1
510;63,7233262344523;31,5890003605056;0,935483870967742;0,967741935483871
511;65,0535407375434;26,7953537890343;0,935483870967742;0,967741935483871
512;64,638210037426;42,6925982868684;0,935483870967742;0,967741935483871
513;62,6931461406371;8,1475969201685;0,967741935483871;1
514;66,0140389748516;25,9272032506879;0,935483870967742;0,967741935483871
515;63,8322295390634;21,2461409833455;0,967741935483871;1
516;68,2502507037307;28,2328131807417;0,967741935483871;1
517;68,4160701759898;27,7919260719147;0,935483870967742;0,967741935483871
518;67,0540768312596;36,8471697666281;0,967741935483871;1
519;65,5321187536663;11,7285837948974;0,967741935483871;1
520;65,5408708466884;29,1494828321437;0,967741935483871;1
521;69,7057045472202;34,1246253329019;0,935483870967742;0,967741935483871
522;68,4257322601144;57,2170673047574;0,967741935483871;1
523;63,6637122132462;16,5946813121491;0,967741935483871;1
524;64,5551894392852;22,4226475089119;0,967741935483871;1
525;65,1207904176864;40,6691841112959;0,935483870967742;0,967741935483871
526;62,6695310676892;29,3974575218903;0,935483870967742;0,967741935483871
527;67,7337316044982;36,9718386260058;0,935483870967742;0,967741935483871
528;65,4786693792905;29,1955269647372;0,935483870967742;0,967741935483871
529;65,8306424509073;42,2435955850563;0,935483870967742;0,967741935483871
530;64,5858045643527;28,2781408808747;0,935483870967742;0,967741935483871
531;62,5555788668693;10,9322499847314;0,935483870967742;0,967741935483871
532;66,336741723987;15,2302591302969;0,935483870967742;0,967741935483871
533;64,2489271001381;23,2753067325306;0,967741935483871;1
534;63,050867152871;36,8027392433954;0,935483870967742;0,967741935483871
535;63,1560467980731;12,0615119483473;0,967741935483871;1
536;64,08951309087;30,2934624309529;0,935483870967742;0,967741935483871
537;64,27727807233;15,0336059187375;0,935483870967742;0,967741935483871
538;61,5187440268372;23,1336651938508;0,967741935483871;1
539;67,8810299506353;37,1028093613953;0,935483870967742;0,967741935483871
540;65,6274289416082;19,7470476274283;0,935483870967742;0,967741935483871
541;70,9581717314412;34,2803859567091;0,967741935483871;1
542;64,8758689814728;20,2704410438755;0,935483870967742;0,967741935483871
543;61,9558346992193;15,05443076136;0,967741935483871;1
544;64,344319797512;17,2834664810645;0,967741935483871;1
545;69,3586594237134;51,8753975528068;0,967741935483871;1
546;65,2937147825578;29,9399286316533;0,967741935483871;1
547;62,3450795697819;14,9721350274951;0,967741935483871;1
548;64,7061204500049;36,4438188493872;0,967741935483871;1
549;67,4708690218828;19,9334793407821;0,967741935483871;1
550;66,6250671591821;25,17374577896;0,903225806451613;0,935483870967742
551;66,0227294869995;29,8236840238986;0,967741935483871;1
552;64,5152726816691;14,0154512743697;0,967741935483871;1
553;64,9466672342474;19,3925826502036;0,935483870967742;0,967741935483871
554;67,5820430331632;17,101528803097;0,935483870967742;0,967741935483871
555;61,3682791563946;14,7966108336809;0,967741935483871;1
556;66,0765604886524;22,2865243176972;0,935483870967742;0,967741935483871
557;65,5199810691495;5,77996689295923;0,935483870967742;0,967741935483871
558;66,3688790468279;46,2713481202613;0,935483870967742;0,967741935483871
559;65,1968813811022;22,5248316253953;0,967741935483871;1
560;65,1377664494314;8,96204924911178;0,935483870967742;0,967741935483871
561;61,1510468337529;30,4597164641363;0,967741935483871;1
562;69,0192376361344;43,8351872770892;0,967741935483871;1
563;65,721818021113;22,9481444335924;0,967741935483871;1
564;63,5509666162307;21,2483326907997;0,935483870967742;0,967741935483871
565;65,0615705986871;40,7096655014946;0,935483870967742;0,967741935483871
566;64,9060053311863;20,1657277510714;0,935483870967742;0,967741935483871
567;65,642451104577;30,6902976974358;0,967741935483871;1
568;62,528846166793;18,3069131922394;0,967741935483871;1
569;64,8325990509419;34,2216012153463;0,967741935483871;1
570;64,2403479801779;30,7045526666853;0,967741935483871;1
571;63,1192131884652;19,9749338079285;0,935483870967742;0,967741935483871
572;69,1094810979225;60,5531430317136;0,935483870967742;0,967741935483871
573;62,1613758264313;10,9034371407258;0,967741935483871;1
574;64,1071890956102;20,1395423847343;0,935483870967742;0,967741935483871
575;66,4028044882509;32,8393327383172;0,967741935483871;1
576;63,1471977648944;22,3279493655316;0,935483870967742;0,967741935483871
577;65,3576481192877;9,38524444018424;0,967741935483871;1
578;65,4165716069666;29,6827353728723;0,967741935483871;1
579;64,5347214487189;22,3287795657949;0,967741935483871;1
580;64,1496143610436;25,5506843522816;0,870967741935484;0,903225806451613
581;63,2073134750732;19,1212978124077;0,935483870967742;0,967741935483871
582;65,9830796976037;21,1376850129312;0,967741935483871;1
583;63,316047438816;16,9831057389525;0,935483870967742;0,967741935483871
584;65,103306699353;26,9747336387872;0,935483870967742;0,967741935483871
585;66,0292589134704;8,68629371496381;0,935483870967742;0,967741935483871
586;67,6403472893458;16,2650860628658;0,935483870967742;0,967741935483871
587;63,9356535707989;41,3673475959973;0,935483870967742;0,967741935483871
588;64,9223838925213;22,8255841938922;0,967741935483871;1
589;64,1350524015311;15,8433962597839;0,935483870967742;0,967741935483871
590;66,6545883405365;40,8238341379559;0,967741935483871;1
591;69,2269840149865;84,1697944487295;0,967741935483871;1
592;61,4061969607074;26,2500170191421;0,967741935483871;1
593;68,6825714241666;28,6930093958854;0,967741935483871;1
594;66,0203060781227;16,6508431260014;0,967741935483871;1
595;67,7166503486922;29,0560054740857;0,967741935483871;1
596;67,0852226842309;35,5394672416837;0,935483870967742;0,967741935483871
597;63,2823393730728;17,4289975148045;0,935483870967742;0,967741935483871
598;63,5553782060949;23,8919984512059;0,967741935483871;1
599;63,7961776826132;10,5921873674555;0,967741935483871;1
600;72,5619598788147;72,437210684116;0,870967741935484;0,903225806451613
601;63,6424623946019;15,3581343915699;0,967741935483871;1
602;66,2374730847561;33,959154136523;0,935483870967742;0,967741935483871
603;63,8905044160425;20,4252747919315;0,967741935483871;1
604;62,5240454220297;24,8654868101504;0,967741935483871;1
605;65,5928424036886;24,1497162677159;0,935483870967742;0,967741935483871
606;67,6475852580515;34,08064958832;0,935483870967742;0,967741935483871
607;63,6460871229254;9,7168256722038;0,967741935483871;1
608;66,1187836836396;33,6784435992649;0,935483870967742;0,967741935483871
609;62,3817827339531;19,9232769826239;0,967741935483871;1
610;66,9264072855374;13,9418050177419;0,967741935483871;1
611;65,485464130949;23,5928233604662;0,935483870967742;0,967741935483871
612;64,2916729753497;29,3207943858496;0,967741935483871;1
613;64,1964201172064;14,7310825870583;0,967741935483871;1
614;63,3978642268484;24,8557580265187;0,935483870967742;0,967741935483871
615;68,6165869321467;29,9591029292644;0,967741935483871;1
616;66,309431456013;12,7703305306401;0,935483870967742;0,967741935483871
617;65,6451035651504;15,9534740259737;0,967741935483871;1
618;66,2970674471946;45,9213284106428;0,935483870967742;0,967741935483871
619;63,4648843891433;24,7061111907992;0,935483870967742;0,967741935483871
620;65,9975747517614;28,9523865714465;0,967741935483871;1
621;63,7995417792262;36,8275748223387;0,935483870967742;0,967741935483871
622;63,9722935625012;17,450913661247;0,967741935483871;1
623;68,5691929072266;41,0989479887478;0,935483870967742;0,967741935483871
624;64,4920938742244;13,5632549946518;0,935483870967742;0,967741935483871
625;65,6218034699727;28,1889548855148;0,967741935483871;1
626;63,2763724720307;34,1717397020867;0,935483870967742;0,967741935483871
627;65,4414584701016;27,8902417610638;0,967741935483871;1
628;63,9234164327194;15,4269226897194;0,935483870967742;0,967741935483871
629;65,2966391453789;29,7712104312608;0,935483870967742;0,967741935483871
630;66,0095178952683;43,5406004376451;0,967741935483871;1
631;63,1883609259501;10,6130691628642;0,935483870967742;0,967741935483871
632;64,1720023444693;10,9601943112596;0,967741935483871;1
633;65,2020739965554;20,0124710114227;0,967741935483871;1
634;64,9524182126251;29,9792993024787;0,967741935483871;1
635;62,540409122455;16,1159739991229;0,967741935483871;1
636;65,7136754104774;23,6748901064817;0,967741935483871;1
637;64,5039175899763;22,1859386354979;0,967741935483871;1
638;62,0987653585887;13,7378893723563;0,967741935483871;1
639;62,5409432115079;14,5699895423357;0,967741935483871;1
640;63,0515603889844;17,0891428187808;0,935483870967742;0,967741935483871
641;65,6979780282769;37,7185643295597;0,935483870967742;0,967741935483871
642;66,6239767273804;19,577107003225;0,967741935483871;1
643;65,966360595266;24,8724516083095;0,935483870967742;0,967741935483871
644;63,0453655851782;13,9515413920968;0,935483870967742;0,967741935483871
645;62,0200383882072;22,0747444012381;0,967741935483871;1
646;61,6812312799874;19,8611041954099;0,967741935483871;1
647;66,2445773378701;28,0083555235632;0,935483870967742;0,967741935483871
648;61,7682049456662;5,27359822920886;0,967741935483871;1
649;63,9868777814892;20,7150464239661;0,967741935483871;1
650;65,0729636942009;21,0475426356912;0,935483870967742;0,967741935483871
651;65,3843060200608;16,1452279830356;0,935483870967742;0,967741935483871
652;67,9768584621983;15,3457226791492;0,935483870967742;0,967741935483871
653;63,4429089927607;12,7660107736794;0,967741935483871;1
654;65,0862871286936;41,6949275140657;0,870967741935484;0,903225806451613
655;66,4474851926486;23,3192962050251;0,967741935483871;1
656;65,426915767343;3,46672552583917;0,967741935483871;1
657;69,5661202565087;53,9025287779332;0,935483870967742;0,967741935483871
658;62,2791044852734;9,69587180575309;0,967741935483871;1
659;68,4319203104256;33,0097000598979;0,935483870967742;0,967741935483871
660;66,7714240437662;34,3209136847053;0,967741935483871;1
661;64,4986636180127;19,1795133077219;0,967741935483871;1
662;64,5041227620667;14,9270875856645;0,967741935483871;1
663;65,2668662741344;36,194520917871;0,935483870967742;0,967741935483871
664;64,0281258932233;17,943997359006;0,967741935483871;1
665;66,201401105762;42,9387493686054;0,935483870967742;0,967741935483871
666;63,7914447440548;8,82488801195875;0,967741935483871;1
667;63,964508779509;5,83092308434658;0,967741935483871;1
668;64,591465639461;18,4054307875813;0,935483870967742;0,967741935483871
669;64,2830355739171;35,0475073316508;0,935483870967742;0,967741935483871
670;68,3166393690199;36,8226566367638;0,935483870967742;0,967741935483871
671;64,3957809343959;24,1157358977001;0,935483870967742;0,967741935483871
672;65,4178344436858;30,445355168211;0,967741935483871;1
673;63,9627189039115;19,2435142358066;0,967741935483871;1
674;65,2388195506193;54,2943049035881;0,935483870967742;0,967741935483871
675;67,6990428149426;52,0880453683017;0,967741935483871;1
676;64,5089637825048;28,455260524492;0,935483870967742;0,967741935483871
677;63,4018037099716;11,1748093257436;0,967741935483871;1
678;65,7646510949319;19,7090014524578;0,967741935483871;1
679;63,1548238758852;19,613626085267;0,967741935483871;1
680;65,6544714589486;35,6614250774473;0,967741935483871;1
681;64,0949694599456;37,5396057673976;0,967741935483871;1
682;66,5054983153745;38,4232019471116;0,935483870967742;0,967741935483871
683;66,4854835676916;25,3388609460305;0,967741935483871;1
684;60,8269302267471;24,002545136274;0,935483870967742;0,967741935483871
685;65,1206922037618;36,3716570608733;0,967741935483871;1
686;63,7500956940657;23,3253800516032;0,935483870967742;0,967741935483871
687;64,9820661254583;6,63826701007142;0,935483870967742;0,967741935483871
688;64,8582792451808;20,862295006512;0,967741935483871;1
689;64,9317012996922;30,8144539876008;0,935483870967742;0,967741935483871
690;66,4457650152412;45,5479892270984;0,967741935483871;1
691;63,4608187525896;31,3527901789372;0,903225806451613;0,935483870967742
692;63,3602387385693;10,1614446206527;0,935483870967742;0,967741935483871
693;65,7914182493373;14,5553429580441;0,967741935483871;1
694;64,623506657249;22,3872488225828;0,935483870967742;0,967741935483871
695;64,2382132881076;28,1236634159852;0,967741935483871;1
696;62,5683939441323;12,7141179467327;0,967741935483871;1
697;65,4148904485458;23,5644023485298;0,903225806451613;0,935483870967742
698;61,2596692317709;9,04536639272123;0,935483870967742;0,967741935483871
699;64,3973215137526;21,246710574949;0,935483870967742;0,967741935483871
700;65,1440507984113;22,4921196686816;0,967741935483871;1
701;64,0002242712127;17,025279425418;0,967741935483871;1
702;65,7980447651757;22,2808717745159;0,967741935483871;1
703;63,9009660659102;16,9521835544781;0,935483870967742;0,967741935483871
704;68,5559512533472;31,7754338267648;0,967741935483871;1
705;64,6918638134725;23,8468093620749;0,967741935483871;1
706;63,5181574957527;17,8777550909445;0,935483870967742;0,967741935483871
707;63,4381511815196;19,3484179260536;0,967741935483871;1
708;63,440638784072;26,9319376903278;0,935483870967742;0,967741935483871
709;65,2574287133922;22,5052554704602;0,967741935483871;1
710;62,4997360246036;14,3927156423685;0,967741935483871;1
711;64,2279959049463;17,8925353071087;0,967741935483871;1
712;66,4547451835269;29,548871086112;0,935483870967742;0,967741935483871
713;64,0033555963765;20,7798916471163;0,870967741935484;0,903225806451613
714;68,080557444114;26,7781121687538;0,967741935483871;1
715;64,9399338777514;40,055029436082;0,935483870967742;0,967741935483871
716;62,3742142756996;10,6843874361502;0,935483870967742;0,967741935483871
717;63,6988364567325;16,1742203881719;0,935483870967742;0,967741935483871
718;63,2366635633118;18,825497950908;0,967741935483871;1
719;65,3766394423471;45,7724635522509;0,967741935483871;1
720;65,6162519853987;27,0005207280379;0,935483870967742;0,967741935483871
721;68,3759026874286;10,8753002610383;0,967741935483871;1
722;64,9152597419577;25,299131046252;0,967741935483871;1
723;67,6207174955662;18,0029128832766;0,967741935483871;1
724;66,0305574501448;35,7449047567615;0,935483870967742;0,967741935483871
725;64,925074394587;48,7988153082066;0,935483870967742;0,967741935483871
726;66,2009231495896;35,6483291245623;0,935483870967742;0,967741935483871
727;64,5399842719626;41,8435315560184;0,935483870967742;0,967741935483871
728;64,5890490314859;9,68114934400819;0,935483870967742;0,967741935483871
729;65,0638112746194;11,7181617957906;0,935483870967742;0,967741935483871
730;63,4583833992901;21,5137328815456;0,935483870967742;0,967741935483871
731;65,9324506302854;21,6719871993741;0,967741935483871;1
732;65,7647572166638;22,1354543410594;0,935483870967742;0,967741935483871
733;64,3573920519667;29,1946990027037;0,967741935483871;1
734;63,1834263844273;14,7243384812317;0,967741935483871;1
735;67,6456936784202;30,0730272792164;0,935483870967742;0,967741935483871
736;66,2269700824209;33,1731842214252;0,935483870967742;0,967741935483871
737;65,9705366448766;18,516302049908;0,903225806451613;0,935483870967742
738;65,9066136405148;17,3582913909749;0,935483870967742;0,967741935483871
739;66,4594519332081;41,6320022727115;0,967741935483871;1
740;66,6774944585872;39,6062524683826;0,967741935483871;1
741;61,9799754177732;25,1108147784352;0,935483870967742;0,967741935483871
742;63,6326482715206;29,5897034119832;0,935483870967742;0,967741935483871
743;65,8057824592539;21,7151499870504;0,935483870967742;0,967741935483871
744;61,6949560576066;21,5834249904788;0,935483870967742;0,967741935483871
745;67,4780368587394;32,9185698572168;0,967741935483871;1
746;66,1362099277838;27,549078050482;0,935483870967742;0,967741935483871
747;66,0558089937375;16,3472197919066;0,935483870967742;0,967741935483871
748;63,6840495105739;28,9550162121296;0,935483870967742;0,967741935483871
749;66,7864946348052;26,0362767456791;0,967741935483871;1
750;63,4241540543144;16,7179063420284;0,935483870967742;0,967741935483871
751;63,5424437102973;27,326662834793;0,967741935483871;1
752;63,0857950023067;13,880944838372;0,967741935483871;1
753;64,3787580368017;9,36552874729064;0,967741935483871;1
754;63,848959297556;35,2752356106572;0,935483870967742;0,967741935483871
755;63,9549479975915;12,3987303597814;0,967741935483871;1
756;64,245128660298;4,10813804742148;0,967741935483871;1
757;67,3471764217115;29,8440472158031;0,967741935483871;1
758;64,7997842187063;23,969424784475;0,935483870967742;0,967741935483871
759;68,1412743616434;41,6537654238807;0,935483870967742;0,967741935483871
760;64,2351913267013;30,6247061447888;0,935483870967742;0,967741935483871
761;66,3924379936502;36,4545090405571;0,967741935483871;1
762;64,8579621758683;20,4632332694379;0,967741935483871;1
763;63,7475039347159;19,63952683925;0,903225806451613;0,935483870967742
764;69,1795647163598;34,0042597462106;0,967741935483871;1
765;65,356656782352;22,9386310718136;0,935483870967742;0,967741935483871
766;66,3329010763019;50,0572387756418;0,967741935483871;1
767;65,4778598223536;9,53444612967387;0,967741935483871;1
768;63,9715096378416;25,1306174075982;0,935483870967742;0,967741935483871
769;63,8493256179027;19,7465162816762;0,935483870967742;0,967741935483871
770;63,9071104662318;8,11503848870445;0,967741935483871;1
771;65,2723048554475;14,8963953682551;0,967741935483871;1
772;65,465798242818;30,1650118978926;0,935483870967742;0,967741935483871
773;61,736956133588;11,0728518694009;0,967741935483871;1
774;63,8776214460107;13,7723048053639;0,967741935483871;1
775;65,2423607795022;12,8010909595595;0,870967741935484;0,903225806451613
776;64,4458036082625;36,0948874856764;0,967741935483871;1
777;63,3349911243421;31,5063417393047;0,935483870967742;0,967741935483871
778;68,1557310460602;45,8304798164701;0,935483870967742;0,967741935483871
779;64,254266831742;30,465617168957;0,967741935483871;1
780;66,4879481373512;32,6883368189823;0,870967741935484;0,903225806451613
781;66,2641912226155;24,8620577890376;0,935483870967742;0,967741935483871
782;64,7763060858916;12,9499312459402;0,967741935483871;1
783;68,3148374867145;39,4687537024317;0,935483870967742;0,967741935483871
784;62,7234553223598;17,6500522915914;0,935483870967742;0,967741935483871
785;68,6152098411436;56,4056570471308;0,935483870967742;0,967741935483871
786;65,5416629821218;17,2801268213196;0,967741935483871;1
787;64,0940640075192;15,8513434196059;0,967741935483871;1
788;64,2996303660721;26,2782099151081;0,935483870967742;0,967741935483871
789;61,2780002719041;11,3218770051881;0,967741935483871;1
790;63,4893614181602;9,1238316544683;0,967741935483871;1
791;63,029046374774;15,3559980622088;0,935483870967742;0,967741935483871
792;67,4581576596094;43,4908531980941;0,935483870967742;0,967741935483871
793;65,25123106867;35,7411051462799;0,967741935483871;1
794;64,4028334447947;18,2448339792064;0,967741935483871;1
795;70,3450620243517;36,0538532466884;0,967741935483871;1
796;64,2627852480564;23,2517751975961;0,935483870967742;0,967741935483871
797;65,4999020517357;25,9464397186607;0,935483870967742;0,967741935483871
798;67,5940209851416;44,2911454378878;0,935483870967742;0,967741935483871
799;63,1976671740177;20,9006519728365;0,935483870967742;0,967741935483871
800;68,0562179446785;35,4099427135124;0,967741935483871;1
801;65,0854527434598;36,8259073509474;0,935483870967742;0,967741935483871
802;63,5353933661635;19,4323678157083;0,935483870967742;0,967741935483871
803;68,3249907118777;47,095822670356;0,967741935483871;1
804;64,9612574261521;41,2560024436593;0,935483870967742;0,967741935483871
805;72,8550156284833;32,4088121000099;0,967741935483871;1
806;65,7467577645204;30,5557791745992;0,967741935483871;1
807;63,5679363891431;27,3489508497784;0,935483870967742;0,967741935483871
808;67,5196424858897;53,4716231800984;0,935483870967742;0,967741935483871
809;61,6724928286115;30,8366863118662;0,935483870967742;0,967741935483871
810;65,0439578250852;26,4937797882905;0,935483870967742;0,967741935483871
811;65,5869071234795;31,6174690909886;0,967741935483871;1
812;64,2190793650377;24,4840696024352;0,935483870967742;0,967741935483871
813;64,7158819653116;13,673864097232;0,967741935483871;1
814;63,9442441994158;9,31365801559954;0,967741935483871;1
815;66,4992536595519;23,6145603351447;0,935483870967742;0,967741935483871
816;66,9092789996928;12,5070792762059;0,967741935483871;1
817;65,0921559998136;31,0705579896756;0,967741935483871;1
818;65,4232236550002;14,9250279665652;0,967741935483871;1
819;63,4842093565644;19,0039778072803;0,967741935483871;1
820;64,1022793502281;25,0850130092134;0,967741935483871;1
821;63,623054008555;4,85992575926154;0,967741935483871;1
822;65,3127598128682;30,1024732384897;0,935483870967742;0,967741935483871
823;65,532996513676;20,4584970989799;0,967741935483871;1
824;66,0907851692878;31,1611269650564;0,967741935483871;1
825;66,0523556046028;24,1210930190969;0,935483870967742;0,967741935483871
826;64,4965339258661;17,8081921543536;0,935483870967742;0,967741935483871
827;65,7704093157528;17,4534714915317;0,967741935483871;1
828;65,9949009806334;39,0570049899416;0,935483870967742;0,967741935483871
829;62,3434472604605;12,0992515439352;0,967741935483871;1
830;67,3014368997223;20,5717626297;0,967741935483871;1
831;63,7221308408846;26,6571642852632;0,935483870967742;0,967741935483871
832;64,5911553246092;33,4017703814504;0,967741935483871;1
833;64,1341298549801;19,6655960425709;0,967741935483871;1
834;65,28558707019;9,67108917950913;0,935483870967742;0,967741935483871
835;62,7702318681797;12,1326973878862;0,967741935483871;1
836;67,4474657696782;35,75312360408;0,967741935483871;1
837;64,0019390850618;11,1841053805729;0,967741935483871;1
838;67,3664225566451;73,4520348343711;0,935483870967742;0,967741935483871
839;62,7466646551373;18,4585509660289;0,935483870967742;0,967741935483871
840;64,0017305957277;21,8181772455538;0,935483870967742;0,967741935483871
841;63,8848631854623;19,5838181447145;0,935483870967742;0,967741935483871
842;67,8466911411297;20,8976640315568;0,935483870967742;0,967741935483871
843;63,0255201652395;5,95523609330151;0,935483870967742;0,967741935483871
844;64,441310344586;7,52126212810636;0,967741935483871;1
845;67,2077127642433;39,4280005028319;0,967741935483871;1
846;66,6532330505503;6,90712367306489;0,967741935483871;1
847;65,9744737832933;69,3682653869432;0,967741935483871;1
848;62,5734625336053;31,5912959528069;0,967741935483871;1
849;64,9796385730289;11,2442648699802;0,967741935483871;1
850;65,0773839708765;16,4606423820883;0,967741935483871;1
851;66,8793517978802;27,129853169523;0,967741935483871;1
852;65,5449323696844;24,144323684365;0,967741935483871;1
853;64,8353150103874;21,7631959429573;0,967741935483871;1
854;63,5930670637181;23,5302220389647;0,967741935483871;1
855;66,6177172061203;41,887130196228;0,935483870967742;0,967741935483871
856;61,7526183897998;18,8550680504818;0,967741935483871;1
857;63,853714100721;12,2610305174398;0,967741935483871;1
858;65,221687946534;23,3412519915666;0,935483870967742;0,967741935483871
859;62,5026075379241;6,73255579704175;0,967741935483871;1
860;61,8465393504793;17,7323931439428;0,967741935483871;1
861;63,7597032765794;23,9914036257828;0,935483870967742;0,967741935483871
862;64,5567425451469;11,7556072068296;0,967741935483871;1
863;64,9171316196253;26,2923832506557;0,967741935483871;1
864;66,2699183461931;21,7367193330119;0,935483870967742;0,967741935483871
865;66,0426149282418;11,6191578153766;0,967741935483871;1
866;67,1058890675733;28,3483652100128;0,935483870967742;0,967741935483871
867;65,1748354551436;30,6141971278532;0,967741935483871;1
868;63,1155790454987;34,3790473714741;0,967741935483871;1
869;67,8609501825478;16,9716723228757;0,935483870967742;0,967741935483871
870;64,8680679792221;35,4300344583141;0,935483870967742;0,967741935483871
871;65,8254763284201;27,8230017382893;0,967741935483871;1
872;65,7288843751506;18,5871328156198;0,967741935483871;1
873;63,6964624781231;22,5586038471171;0,870967741935484;0,903225806451613
874;67,2775343831294;22,619648005597;0,935483870967742;0,967741935483871
875;65,2829912171633;25,8917136836321;0,967741935483871;1
876;70,1449105362066;41,0188866748402;0,935483870967742;0,967741935483871
877;65,896699069628;43,2457397489694;0,935483870967742;0,967741935483871
878;64,862270718171;11,5439896124321;0,935483870967742;0,967741935483871
879;64,2926430426308;19,6222635793852;0,967741935483871;1
880;66,5395853770859;29,0418248807455;0,967741935483871;1
881;63,5192395764627;20,9810615515877;0,935483870967742;0,967741935483871
882;65,4426154991746;39,6749590983002;0,967741935483871;1
883;62,9531476803433;19,8390662300387;0,935483870967742;0,967741935483871
884;63,9077483857559;26,8057183978159;0,870967741935484;0,903225806451613
885;67,2928685247793;19,2327184352258;0,935483870967742;0,967741935483871
886;65,1339770107051;26,2828265158886;0,967741935483871;1
887;66,5429913780687;17,9867908276344;0,935483870967742;0,967741935483871
888;62,2486223119466;17,7897571486693;0,967741935483871;1
889;61,8398284374223;10,7081282236401;0,967741935483871;1
890;66,5855284295196;15,7846749770047;0,935483870967742;0,967741935483871
891;63,3777773210877;44,2740467573448;0,935483870967742;0,967741935483871
892;62,475577846233;10,7391842657696;0,967741935483871;1
893;64,7409925078631;16,609766622932;0,935483870967742;0,967741935483871
894;64,6142544916714;39,540410686399;0,967741935483871;1
895;66,7451408286923;23,7621289576205;0,935483870967742;0,967741935483871
896;63,586135937922;7,6904143028062;0,967741935483871;1
897;63,8522045244397;11,9072412933856;0,967741935483871;1
898;65,9515917631198;38,462239434109;0,935483870967742;0,967741935483871
899;63,6705619438521;6,95653858586476;0,967741935483871;1
900;61,9024711348123;14,745800292629;0,935483870967742;0,967741935483871
901;64,619325240164;19,7376868517709;0,967741935483871;1
902;66,9928832525316;46,7675459423226;0,935483870967742;0,967741935483871
903;66,7403953853892;26,4530339182827;0,967741935483871;1
904;69,4773772543126;22,1358624565228;0,967741935483871;1
905;62,873968069614;16,8225518998629;0,935483870967742;0,967741935483871
906;64,2256921371871;19,7404272664284;0,935483870967742;0,967741935483871
907;63,108987779922;19,7935085526606;0,967741935483871;1
908;68,1276305845455;60,0331836302627;0,967741935483871;1
909;61,0983321330033;14,136973305542;0,935483870967742;0,967741935483871
910;64,6762033408508;13,7602892106181;0,967741935483871;1
911;62,5231826190348;20,2199081141518;0,967741935483871;1
912;65,143711355068;15,408181270472;0,935483870967742;0,967741935483871
913;65,3548608572897;9,29530705146558;0,967741935483871;1
914;67,944346350156;65,1351803384689;0,935483870967742;0,967741935483871
915;62,8176576939948;13,5936063252304;0,967741935483871;1
916;64,8223267599259;23,4386446632406;0,967741935483871;1
917;63,1291387345173;11,8611990733218;0,967741935483871;1
918;66,5668965942492;17,6716202205531;0,967741935483871;1
919;60,9374817265447;24,3221972447022;0,967741935483871;1
920;63,4049072338023;40,1547995094999;0,967741935483871;1
921;63,2712754383584;22,0917014196116;0,935483870967742;0,967741935483871
922;63,7716457498923;7,43348340399787;0,935483870967742;0,967741935483871
923;67,1199287969357;38,7040306762298;0,967741935483871;1
924;63,1195931153771;9,28376628467528;0,967741935483871;1
925;67,4004010643539;30,79572485127;0,967741935483871;1
926;62,822350453586;18,4235941824908;0,935483870967742;0,967741935483871
927;64,8166016396465;34,4781046113129;0,935483870967742;0,967741935483871
928;67,6085021532052;29,7031045161854;0,967741935483871;1
929;68,4456024391943;11,867997413143;0,967741935483871;1
930;64,3237993563657;14,2514033380299;0,935483870967742;0,967741935483871
931;64,6589956920754;18,8461171372796;0,935483870967742;0,967741935483871
932;67,2919276209778;28,3871589403043;0,967741935483871;1
933;65,8503077327477;24,5471715884226;0,935483870967742;0,967741935483871
934;64,2979852710972;21,6973497338464;0,967741935483871;1
935;64,7225678340617;26,6834986960366;0,967741935483871;1
936;66,1551493282231;32,3202738075021;0,967741935483871;1
937;63,9300101162833;45,362088068774;0,967741935483871;1
938;66,2109992317081;15,5689168407318;0,935483870967742;0,967741935483871
939;65,2279302211985;32,3486624480836;0,967741935483871;1
940;63,0413584656615;8,747971367526;0,967741935483871;1
941;64,0912394232782;24,3774917651344;0,935483870967742;0,967741935483871
942;65,7247190095438;28,3623428811602;0,935483870967742;0,967741935483871
943;63,3341549269831;26,2651411905009;0,935483870967742;0,967741935483871
944;62,5509148121792;13,8103432316511;0,967741935483871;1
945;64,2182863639474;34,8938000728881;0,967741935483871;1
946;62,3637086323481;5,36963884893316;0,935483870967742;0,967741935483871
947;68,0757935748162;17,1506749455944;0,870967741935484;0,903225806451613
948;65,5879445044943;28,3567467698843;0,967741935483871;1
949;62,1065231719158;17,7378864753416;0,935483870967742;0,967741935483871
950;67,4815769591854;22,9096865072873;0,967741935483871;1
951;63,8482515617202;17,6009937303477;0,967741935483871;1
952;68,4088674425471;53,621590511427;0,935483870967742;0,967741935483871
953;64,5029999558642;13,3836502522868;0,967741935483871;1
954;62,5516501670771;5,79679582919591;0,967741935483871;1
955;65,555555214395;16,9534811264436;0,935483870967742;0,967741935483871
956;67,4332795255219;22,6061653750574;0,967741935483871;1
957;67,3345190926429;42,2387513257891;0,935483870967742;0,967741935483871
958;65,4169362240035;11,0966149839263;0,967741935483871;1
959;65,1902215110748;22,9010736358118;0,935483870967742;0,967741935483871
960;63,6498016806998;20,9017381965536;0,967741935483871;1
961;67,8068897807903;33,3770069376907;0,935483870967742;0,967741935483871
962;66,3004334168918;29,2601527260027;0,967741935483871;1
963;66,6492307990346;40,7522335869527;0,967741935483871;1
964;62,6097525645069;17,7414224136179;0,967741935483871;1
965;68,23880979544;39,1310271274994;0,967741935483871;1
966;64,3100886812264;14,7534796833435;0,967741935483871;1
967;63,0502266398219;13,6593580238813;0,967741935483871;1
968;63,3669098430706;29,6185424677998;0,935483870967742;0,967741935483871
969;63,916913547083;31,2785887286078;0,967741935483871;1
970;63,441125835018;10,5480530573812;0,935483870967742;0,967741935483871
971;63,0748035415533;24,0041706345874;0,967741935483871;1
972;64,1236598618541;24,4689649832367;0,967741935483871;1
973;62,9829532435115;21,6255944432358;0,935483870967742;0,967741935483871
974;65,5559281517349;27,7821604529344;0,967741935483871;1
975;63,6626505242969;19,6446056150803;0,935483870967742;0,967741935483871
976;64,6089585501418;11,6380461318156;0,935483870967742;0,967741935483871
977;63,1423779300842;8,41716952987523;0,967741935483871;1
978;64,4739008610433;14,1065009344932;0,967741935483871;1
979;63,9350001908606;7,18721718800408;0,967741935483871;1
980;62,9162134349525;30,0461096854839;0,935483870967742;0,967741935483871
981;63,6650922006886;6,92354668652071;0,967741935483871;1
982;68,9014282986392;60,9161952085907;0,935483870967742;0,967741935483871
983;66,145151709293;17,2138707742798;0,967741935483871;1
984;65,4108356934087;27,2142756742875;0,935483870967742;0,967741935483871
985;65,9538540787404;50,7779445149061;0,935483870967742;0,967741935483871
986;63,3488113846092;21,4846242379518;0,967741935483871;1
987;66,8625380954992;70,1174242798753;0,935483870967742;0,967741935483871
988;70,1132614484394;69,7632197121195;0,967741935483871;1
989;63,5823833640042;24,2735594528191;0,967741935483871;1
990;65,4308691831016;23,6619416596521;0,870967741935484;0,903225806451613
991;67,5191936352022;29,0845824836427;0,935483870967742;0,967741935483871
992;63,8957498982398;37,6216095327522;0,967741935483871;1
993;64,0861149583489;40,0494878455452;0,967741935483871;1
994;65,6477909167367;18,6533987887947;0,967741935483871;1
995;64,3085814680401;21,2078433345397;0,935483870967742;0,967741935483871
996;64,1051478865792;22,1905650096893;0,967741935483871;1
997;63,3672531267554;10,6189944135477;0,935483870967742;0,967741935483871
998;65,5133374187181;26,4466394202835;0,967741935483871;1
999;64,8400813825674;9,93398420624997;0,967741935483871;1
