0;124,776351365907;27,3849794435612;0,967741935483871;1
1;128,140774037277;37,2898683661331;0,967741935483871;1
2;128,946643205528;58,5913934954016;0,967741935483871;1
3;126,075221781755;11,1168007764895;0,967741935483871;1
4;127,823769088811;30,1051184489881;0,967741935483871;1
5;126,027954458106;80,4815132542475;0,967741935483871;1
6;125,965011430459;20,400311050655;0,967741935483871;1
7;128,746456375776;68,2764126397551;0,967741935483871;1
8;126,108441422233;46,4008422447649;0,967741935483871;1
9;126,182495386947;58,575097839612;0,967741935483871;1
10;125,107935158974;39,4791933385748;0,967741935483871;1
11;126,767607519969;34,8450328417789;0,967741935483871;1
12;126,492620869836;30,6611461727261;0,967741935483871;1
13;126,069503597524;44,4178495637461;0,967741935483871;1
14;127,440697347239;38,7707662970782;0,967741935483871;1
15;127,881806711635;63,0726188430876;0,967741935483871;1
16;128,415234708051;86,1773780049287;0,967741935483871;1
17;128,035517563818;58,1911267358062;0,967741935483871;1
18;124,933111042426;52,8724280617988;0,967741935483871;1
19;129,674537217819;71,2287002044367;0,967741935483871;1
20;131,110585991596;53,2979033955513;0,967741935483871;1
21;126,484188561808;72,3975996231657;0,967741935483871;1
22;128,39071707905;15,2976288036709;0,967741935483871;1
23;127,713666014425;105,381676788306;0,967741935483871;1
24;129,932752074948;77,227228762696;0,967741935483871;1
25;125,392148105193;19,3893281056754;0,967741935483871;1
26;127,04701209195;31,2703257455397;0,967741935483871;1
27;123,702604702921;34,478292153024;0,967741935483871;1
28;126,289185781985;21,4605120893345;0,967741935483871;1
29;127,172481685796;37,7002682183004;0,967741935483871;1
30;126,433970777982;41,8383436707513;0,967741935483871;1
31;126,169265661363;56,3405849103229;0,967741935483871;1
32;128,579501966243;31,9683426788228;0,967741935483871;1
33;127,805626347913;17,8733523551472;0,967741935483871;1
34;125,238771021498;61,8491510043179;0,967741935483871;1
35;126,909492017597;20,5781721379147;0,967741935483871;1
36;125,044464473642;92,958895552728;0,967741935483871;1
37;125,984859705215;20,2259351571319;0,967741935483871;1
38;125,78913118538;18,7216256800813;0,967741935483871;1
39;125,131044864084;34,2225073294169;0,967741935483871;1
40;128,957948981172;85,5160624610571;0,967741935483871;1
41;128,978307692689;63,9888355991493;0,967741935483871;1
42;132,043981306744;101,554577101542;0,967741935483871;1
43;125,417737258016;34,3467753282861;0,967741935483871;1
44;131,544754747962;62,379402592364;0,967741935483871;1
45;129,56163726302;94,6873104808232;0,967741935483871;1
46;127,892106422766;60,3633062219394;0,967741935483871;1
47;128,006066583197;43,8044686614114;0,967741935483871;1
48;133,215236531564;136,879202424757;0,967741935483871;1
49;129,913288933559;69,3276402236182;0,967741935483871;1
50;124,509840796097;48,4685921502738;0,967741935483871;1
51;128,679218937288;35,6474113426964;0,967741935483871;1
52;125,443129832631;61,3957623809651;0,967741935483871;1
53;124,204263303793;28,017529091781;0,967741935483871;1
54;124,701930979079;18,5442017540061;0,967741935483871;1
55;125,878127592025;59,2285032031237;0,967741935483871;1
56;129,067387009875;98,8168038044195;0,967741935483871;1
57;130,50310537795;139,147863253062;0,967741935483871;1
58;128,999278595935;64,833925849685;0,967741935483871;1
59;132,545118524534;137,900045901622;0,967741935483871;1
60;126,718630878835;19,6959657447883;0,967741935483871;1
61;125,397123508622;30,9355048771089;0,967741935483871;1
62;125,594585502171;42,9780444904891;0,967741935483871;1
63;131,089277605143;92,3003171623354;0,967741935483871;1
64;124,130672915817;16,1536615621818;0,967741935483871;1
65;125,725489875004;63,5327176091934;0,967741935483871;1
66;125,286452837015;40,3896880928358;0,967741935483871;1
67;127,760124272075;94,3056826507189;0,967741935483871;1
68;127,660127608339;27,2991140378013;0,967741935483871;1
69;132,81036137368;139,456537988531;0,967741935483871;1
70;135,202297034707;119,295754057084;0,967741935483871;1
71;125,010290595219;14,5057073987395;0,967741935483871;1
72;130,79725997837;57,7850677991061;0,967741935483871;1
73;126,712300684298;42,110708775967;0,967741935483871;1
74;126,487715022172;32,3668781923208;0,967741935483871;1
75;126,424416694462;71,3913053237165;0,967741935483871;1
76;126,712812988962;20,9492719012564;0,967741935483871;1
77;126,440100454564;40,7758909418261;0,967741935483871;1
78;126,427481963566;18,223364878178;0,967741935483871;1
79;127,448547006612;64,2226497728837;0,967741935483871;1
80;129,818931437166;41,4052305567076;0,967741935483871;1
81;127,410845421159;74,3330011297864;0,967741935483871;1
82;129,107054982949;95,4393267113919;0,967741935483871;1
83;124,959111447339;19,8651080814838;0,967741935483871;1
84;129,124951808503;28,6707342513573;0,967741935483871;1
85;129,278640023281;83,2077430545459;0,967741935483871;1
86;124,621844636546;17,5633603831323;0,967741935483871;1
87;126,326170090962;17,7167441590662;0,967741935483871;1
88;125,479679209672;78,2601215371782;0,967741935483871;1
89;129,697267092872;87,5663013268674;0,967741935483871;1
90;130,210976681377;69,6890130067491;0,967741935483871;1
91;132,052925457264;84,1421199375311;0,967741935483871;1
92;126,851354107313;15,0112653809142;0,967741935483871;1
93;128,221904605102;17,5117865224632;0,967741935483871;1
94;127,977153280305;26,2383281073419;0,967741935483871;1
95;124,661172373496;16,6338369039245;0,967741935483871;1
96;127,456717696669;43,7681686096268;0,967741935483871;1
97;126,68191432475;71,1760233484799;0,967741935483871;1
98;125,889517915735;48,9660911105987;0,967741935483871;1
99;126,419996476531;8,38602486656843;0,967741935483871;1
100;129,627826189641;101,152304850193;0,967741935483871;1
101;124,442429582627;30,6199843624159;0,967741935483871;1
102;127,051558732704;34,9100876429957;0,967741935483871;1
103;126,684704958836;54,7956062840425;0,967741935483871;1
104;125,981311866338;51,1293045997428;0,967741935483871;1
105;131,058809952705;129,864423603395;0,967741935483871;1
106;125,80892481123;34,0992391568008;0,967741935483871;1
107;126,936720786605;67,3377623066;0,967741935483871;1
108;125,989832421767;79,8803444526585;0,967741935483871;1
109;124,506289762285;25,3473274842573;0,967741935483871;1
110;127,292126100891;24,3889151660209;0,967741935483871;1
111;129,044288059686;113,320565096517;0,967741935483871;1
112;126,92213748833;79,5228189596971;0,967741935483871;1
113;129,277633055157;48,6389446243755;0,967741935483871;1
114;126,41788680017;33,2006201227894;0,967741935483871;1
115;127,639268021191;91,1807624987948;0,967741935483871;1
116;124,961692490728;55,1304186630438;0,967741935483871;1
117;126,934262137542;23,6284085456882;0,967741935483871;1
118;126,566079461196;28,4065662253822;0,967741935483871;1
119;127,007269066313;34,7656495227176;0,967741935483871;1
120;125,221246051724;36,5258710504479;0,967741935483871;1
121;123,729682416954;46,0363373868513;0,967741935483871;1
122;126,974995506534;53,296514890877;0,967741935483871;1
123;130,060989379639;79,7830567293362;0,967741935483871;1
124;130,607771069448;60,9488796109203;0,967741935483871;1
125;132,273383207635;58,3293577511945;0,967741935483871;1
126;126,627780718312;21,0853905990074;0,967741935483871;1
127;127,645602436014;26,1458578659852;0,967741935483871;1
128;125,723524519071;18,8228340679069;0,967741935483871;1
129;126,608768753425;35,0104740655988;0,967741935483871;1
130;128,850673757956;83,7311478060105;0,967741935483871;1
131;126,112321035243;48,0416256404146;0,967741935483871;1
132;129,358801981619;52,2792566221221;0,967741935483871;1
133;126,243176031315;26,1794008428144;0,967741935483871;1
134;126,719563947221;32,9393305497319;0,967741935483871;1
135;125,716041327392;18,3398556426499;0,967741935483871;1
136;125,694941862098;43,593107942045;0,967741935483871;1
137;126,862919119393;48,4918841767181;0,967741935483871;1
138;127,012762412455;60,5447543468215;0,967741935483871;1
139;128,697716791482;56,968471977703;0,967741935483871;1
140;124,317990230343;25,9895287294496;0,967741935483871;1
141;129,590970481495;98,2033759273578;0,967741935483871;1
142;126,92820836952;59,8746886743678;0,967741935483871;1
143;127,846639781064;44,4692845149113;0,967741935483871;1
144;129,099024355175;50,8659503491727;0,967741935483871;1
145;131,93081105443;125,900740042778;0,967741935483871;1
146;127,636600703719;37,2038635574716;0,967741935483871;1
147;127,415885318672;26,8816850408392;0,967741935483871;1
148;125,639031582192;76,1137847018812;0,967741935483871;1
149;126,985246420414;28,9981873559788;0,967741935483871;1
150;127,003100303937;63,2847276827734;0,967741935483871;1
151;127,971872286605;51,5261725277232;0,967741935483871;1
152;130,836057071856;130,937605845946;0,967741935483871;1
153;124,812349896351;30,9716035881387;0,967741935483871;1
154;124,94696051966;34,2870616918817;0,967741935483871;1
155;125,117789434807;51,6137671430154;0,967741935483871;1
156;128,014147153264;28,17104840918;0,967741935483871;1
157;127,926563747865;30,4034546547055;0,967741935483871;1
158;128,129540219478;22,3795045891754;0,967741935483871;1
159;129,234270382316;26,5917140238916;0,967741935483871;1
160;126,11058248184;56,0290776127274;0,967741935483871;1
161;128,259967723371;50,9193953554179;0,967741935483871;1
162;126,653534459731;42,6676900940837;0,967741935483871;1
163;124,972198197463;41,6043993208777;0,967741935483871;1
164;125,548748621021;16,2728463093583;0,967741935483871;1
165;128,635102232697;28,6480278628749;0,967741935483871;1
166;124,659408788865;17,6776577837496;0,967741935483871;1
167;125,494976464539;75,3752385235793;0,967741935483871;1
168;126,393942571455;41,1547282287399;0,967741935483871;1
169;128,576969060113;66,9137575291315;0,967741935483871;1
170;130,032073494388;91,5402611531009;0,967741935483871;1
171;126,414255682987;33,7176452136836;0,967741935483871;1
172;124,279632585497;35,9137971344912;0,967741935483871;1
173;130,691594351722;69,7989761182572;0,967741935483871;1
174;127,522676105765;86,9946499307211;0,967741935483871;1
175;125,378507376378;29,0679689638806;0,967741935483871;1
176;131,420583999373;81,087169543395;0,967741935483871;1
177;129,631871278993;73,2035155977151;0,967741935483871;1
178;129,313458652008;59,605659868762;0,967741935483871;1
179;131,301764553758;85,6475402741026;0,967741935483871;1
180;126,263316341523;22,3137414977904;0,967741935483871;1
181;131,633465195998;122,633215396163;0,967741935483871;1
182;129,768926806365;90,194149353417;0,967741935483871;1
183;126,441951872812;58,6363980212745;0,967741935483871;1
184;128,191375821313;85,9346677633632;0,967741935483871;1
185;126,432673757067;57,68615850505;0,967741935483871;1
186;125,594046976926;22,1456672380438;0,967741935483871;1
187;123,777504747023;37,7594937162926;0,967741935483871;1
188;126,875638154731;33,0153199074716;0,967741935483871;1
189;128,835321532543;34,0456694244997;0,967741935483871;1
190;122,912413147891;39,2240547088128;0,967741935483871;1
191;123,005666483502;22,4309268355672;0,967741935483871;1
192;126,296998149677;27,4580020036068;0,967741935483871;1
193;132,085809911304;116,546050703134;0,967741935483871;1
194;128,982426271111;98,3654427782641;0,967741935483871;1
195;131,018906151184;46,2765166828078;0,967741935483871;1
196;125,772965310476;62,3970001118927;0,967741935483871;1
197;123,332751571277;34,9134266006624;0,967741935483871;1
198;125,327979041748;63,2032774327621;0,967741935483871;1
199;123,620591698916;29,1299011555209;0,967741935483871;1
200;125,884636707152;20,49320714942;0,967741935483871;1
201;125,340018227041;14,3079284171472;0,967741935483871;1
202;127,605764979221;53,1780246841603;0,967741935483871;1
203;127,201452511368;63,7825287094039;0,967741935483871;1
204;125,480297896601;21,9385746010685;0,967741935483871;1
205;129,208445477111;66,2330985290202;0,967741935483871;1
206;125,997192771965;18,841355184935;0,967741935483871;1
207;125,985890032503;71,31352047604;0,967741935483871;1
208;128,381303479769;75,9992663672595;0,967741935483871;1
209;127,022361572812;22,4588035177309;0,967741935483871;1
210;126,78581800444;27,0937830489181;0,967741935483871;1
211;123,736432264739;59,3339804530734;0,967741935483871;1
212;129,668589948027;77,8791276840752;0,967741935483871;1
213;132,552400219279;85,2204084423017;0,967741935483871;1
214;126,988496958463;86,3378680953083;0,967741935483871;1
215;125,335505067763;29,7780757421679;0,967741935483871;1
216;125,250458954843;44,5274392847794;0,967741935483871;1
217;126,798413880809;33,5604794841126;0,967741935483871;1
218;129,494070081562;60,618006239418;0,967741935483871;1
219;126,709665340249;39,0860885263583;0,967741935483871;1
220;128,382390656466;105,931070511834;0,967741935483871;1
221;130,723886767263;136,023572003906;0,967741935483871;1
222;128,753696334802;37,284840622895;0,967741935483871;1
223;126,180306446468;49,3793236699515;0,967741935483871;1
224;126,037359184582;27,5348360307091;0,967741935483871;1
225;125,76063723767;21,2536037027778;0,967741935483871;1
226;124,978686017795;17,9547805260711;0,967741935483871;1
227;128,822876860325;82,0273999772889;0,967741935483871;1
228;127,183582955591;78,9067978035778;0,967741935483871;1
229;122,840781361808;31,9875652809146;0,967741935483871;1
230;132,856208586437;90,9512683103298;0,967741935483871;1
231;131,699499502087;79,809453659446;0,967741935483871;1
232;125,148353786581;38,4638266874163;0,967741935483871;1
233;126,763476865132;27,7394671481215;0,967741935483871;1
234;124,620339044808;23,4877966818214;0,967741935483871;1
235;122,607633141161;18,2564075127159;0,967741935483871;1
236;126,347275876995;34,1539769969852;0,967741935483871;1
237;127,254383386742;67,9773222803362;0,967741935483871;1
238;125,273645203357;20,4889749155381;0,967741935483871;1
239;125,211733740556;47,1584903689855;0,967741935483871;1
240;127,341411535121;62,2645924164751;0,967741935483871;1
241;129,311891980045;67,1207005286543;0,967741935483871;1
242;128,435969703725;53,4512499846314;0,967741935483871;1
243;128,979791251378;50,5308862691265;0,967741935483871;1
244;124,970441789096;22,2659631493334;0,967741935483871;1
245;128,557458949835;20,1945262713075;0,967741935483871;1
246;126,203252642637;26,6829337072897;0,967741935483871;1
247;126,3825262691;58,4020403999294;0,967741935483871;1
248;125,639144630756;22,2585070043394;0,967741935483871;1
249;129,273199190504;33,7079874155345;0,967741935483871;1
250;131,897667153991;121,171199545449;0,967741935483871;1
251;128,00944158942;101,145864328115;0,967741935483871;1
252;128,215094451818;66,6623254194796;0,967741935483871;1
253;126,691977602231;22,0467362449204;0,967741935483871;1
254;127,604100836759;10,2874806992413;0,967741935483871;1
255;125,106996656638;84,5079443930676;0,967741935483871;1
256;125,212821766473;17,8615276043568;0,967741935483871;1
257;132,138430655026;89,6436102920258;0,967741935483871;1
258;129,812009620978;37,7899742195552;0,967741935483871;1
259;126,918050452782;20,1682834453008;0,967741935483871;1
260;126,236075115204;97,7977181078938;0,967741935483871;1
261;126,047532272978;36,9417653294212;0,967741935483871;1
262;128,9590445517;60,0408888160725;0,967741935483871;1
263;132,44296431127;129,990416276638;0,967741935483871;1
264;126,506205114077;68,1517606277732;0,967741935483871;1
265;122,780011539967;32,7209113067559;0,967741935483871;1
266;128,155301484705;30,477008746779;0,967741935483871;1
267;128,550979726814;67,9451737396217;0,967741935483871;1
268;128,090036969648;56,5291904208755;0,967741935483871;1
269;126,862800461635;72,9118339857804;0,967741935483871;1
270;127,570678988602;47,4046291885859;0,967741935483871;1
271;128,139064196264;39,3272417232767;0,967741935483871;1
272;129,463002533234;101,597315491344;0,967741935483871;1
273;126,354968365275;24,9019406274633;0,967741935483871;1
274;125,289935354729;63,6212816453916;0,967741935483871;1
275;124,860980609986;10,395009888121;0,967741935483871;1
276;128,938124022101;77,0449797404195;0,967741935483871;1
277;128,127610104405;63,9070613546985;0,967741935483871;1
278;124,875421094609;77,9398944389732;0,967741935483871;1
279;126,395631694276;29,6095906879695;0,967741935483871;1
280;128,869429710508;37,8360881362054;0,967741935483871;1
281;123,922217713093;36,0628490792098;0,967741935483871;1
282;128,375921633967;29,7562856256022;0,967741935483871;1
283;128,010449062426;125,3631828054;0,967741935483871;1
284;128,578750598249;104,751496737442;0,967741935483871;1
285;129,491169676297;53,4399947738518;0,967741935483871;1
286;125,889128243175;16,4401670979971;0,967741935483871;1
287;126,172033880907;77,3510399389496;0,967741935483871;1
288;134,550316077822;86,1191998782046;0,967741935483871;1
289;124,877925553653;18,7614229184423;0,967741935483871;1
290;124,074162948114;49,3193077596521;0,967741935483871;1
291;132,507271615139;140,465394945336;0,967741935483871;1
292;130,14733322747;79,4863536957946;0,967741935483871;1
293;126,606063474862;45,8246661901536;0,967741935483871;1
294;129,166515811143;41,7590656803036;0,967741935483871;1
295;127,597295417736;30,1844134893962;0,967741935483871;1
296;125,083424933983;46,0161529772576;0,967741935483871;1
297;129,992809693338;73,6963262325478;0,967741935483871;1
298;126,976435851568;46,2688232790917;0,967741935483871;1
299;126,642347499358;61,287712180766;0,967741935483871;1
300;125,521677923166;18,6302432829076;0,967741935483871;1
301;130,036231875241;135,663528416596;0,967741935483871;1
302;124,823673596289;23,6224786938679;0,967741935483871;1
303;127,010141910394;20,5077248602312;0,967741935483871;1
304;130,698858187082;66,4448789957634;0,967741935483871;1
305;125,329850937693;81,6351954911725;0,967741935483871;1
306;127,073834800976;88,6709634829326;0,967741935483871;1
307;126,760336453351;10,7292757653477;0,967741935483871;1
308;128,986615889803;41,1001191144731;0,967741935483871;1
309;129,157746169381;43,5709616996352;0,967741935483871;1
310;127,064533794687;23,1950429721318;0,967741935483871;1
311;124,826664726108;31,5764051256686;0,967741935483871;1
312;130,194447416856;102,181226223832;0,967741935483871;1
313;128,843612617828;48,4152217485848;0,967741935483871;1
314;126,815877659114;49,6476908124483;0,967741935483871;1
315;125,462920047741;54,9968865602176;0,967741935483871;1
316;126,723647379884;87,0971185174662;0,967741935483871;1
317;127,659933223968;33,7462863465039;0,967741935483871;1
318;128,071712311123;104,612166691316;0,967741935483871;1
319;125,335477816042;39,8741235413371;0,967741935483871;1
320;130,882040648549;85,2425773978362;0,967741935483871;1
321;127,321813244478;12,0212818852004;0,967741935483871;1
322;128,87406439719;85,7978317156835;0,967741935483871;1
323;126,971397211331;18,7253000422345;0,967741935483871;1
324;125,702323219875;38,6889473047044;0,967741935483871;1
325;126,383695461168;46,4368785534832;0,967741935483871;1
326;124,891620723142;13,570033643081;0,967741935483871;1
327;125,482519157765;15,6123720236871;0,967741935483871;1
328;131,027821187241;98,7115487911619;0,967741935483871;1
329;124,669253977617;21,1280728538228;0,967741935483871;1
330;127,413571021082;32,3046444360928;0,967741935483871;1
331;126,380267806088;12,8020922386179;0,967741935483871;1
332;126,240040560333;34,0404924693422;0,967741935483871;1
333;126,138371805368;26,5676256010208;0,967741935483871;1
334;127,434691867706;16,2538729703909;0,967741935483871;1
335;131,107183676995;54,8678971426866;0,967741935483871;1
336;125,796930585984;88,7449852588058;0,967741935483871;1
337;126,366038478033;68,4391760155974;0,967741935483871;1
338;128,22742378607;59,3768594965192;0,967741935483871;1
339;128,827556964422;27,533377515064;0,967741935483871;1
340;127,105114558604;42,9119380253518;0,967741935483871;1
341;131,575852625539;83,6124757619406;0,967741935483871;1
342;124,353888568622;26,7558949499062;0,967741935483871;1
343;126,456955694325;39,5659506066277;0,967741935483871;1
344;132,373244417898;88,0700633724287;0,967741935483871;1
345;125,699279818533;37,9816400554362;0,967741935483871;1
346;127,651729596972;24,1128625289608;0,967741935483871;1
347;124,737105859026;57,0309924641359;0,967741935483871;1
348;129,173231662522;64,2023588231263;0,967741935483871;1
349;126,884958613611;30,1963715427684;0,967741935483871;1
350;125,614065968389;14,52989218105;0,967741935483871;1
351;126,491725284426;49,1164048831186;0,967741935483871;1
352;127,696486961483;18,700439228868;0,967741935483871;1
353;128,035933322515;48,4306300160308;0,967741935483871;1
354;125,754007666504;23,609379626169;0,967741935483871;1
355;128,678909568165;62,044182386794;0,967741935483871;1
356;126,43281378415;19,8256854859673;0,967741935483871;1
357;126,54262848526;21,2637515030008;0,967741935483871;1
358;126,18925792325;43,4179566268769;0,967741935483871;1
359;126,346299925137;13,0747938588802;0,967741935483871;1
360;129,81939416951;70,9506064862136;0,967741935483871;1
361;132,427293714197;101,273579196982;0,967741935483871;1
362;127,614149982527;53,9691762711149;0,967741935483871;1
363;127,523449277794;58,2379204824483;0,967741935483871;1
364;126,615599565673;25,106607489916;0,967741935483871;1
365;125,417938827296;41,9087428172845;0,967741935483871;1
366;124,622145956291;33,8741186417669;0,967741935483871;1
367;124,938832013443;23,1266039345619;0,967741935483871;1
368;129,037540270546;79,299566203429;0,967741935483871;1
369;125,557805141522;66,4873341365086;0,967741935483871;1
370;126,307874714611;34,4486416864821;0,967741935483871;1
371;127,549773703022;67,161373435111;0,967741935483871;1
372;125,579950953559;17,9213177066557;0,967741935483871;1
373;126,860763570136;25,2124825089176;0,967741935483871;1
374;129,803860592906;87,588514941324;0,967741935483871;1
375;124,466399033829;29,7655357153142;0,967741935483871;1
376;130,299524093457;100,085405475125;0,967741935483871;1
377;131,525035405455;104,099410854348;0,967741935483871;1
378;125,332467084409;28,5526472947873;0,967741935483871;1
379;125,67969749187;18,8822059653819;0,967741935483871;1
380;125,437929784527;47,3582330923344;0,967741935483871;1
381;127,755658273688;43,236804130595;0,967741935483871;1
382;128,71616791946;75,3437490954168;0,967741935483871;1
383;128,319593884534;71,4993909505481;0,967741935483871;1
384;131,107331138152;65,1287026601939;0,967741935483871;1
385;127,884423865581;68,7537402308407;0,967741935483871;1
386;126,253552834077;33,3424463839775;0,967741935483871;1
387;126,932441194478;47,343352071204;0,967741935483871;1
388;128,943899163573;30,9729361483986;0,967741935483871;1
389;127,614945648125;105,756342021912;0,967741935483871;1
390;124,683839247583;37,3490464787909;0,967741935483871;1
391;127,485348726018;69,8323982435529;0,967741935483871;1
392;127,019370431712;24,486735686116;0,967741935483871;1
393;130,296079966456;75,8498804228936;0,967741935483871;1
394;125,832809188395;35,7138539899651;0,967741935483871;1
395;129,954558373151;89,9737563640535;0,967741935483871;1
396;127,22519827341;29,3453251627856;0,967741935483871;1
397;125,969244143995;32,7608424642258;0,967741935483871;1
398;128,29465651928;74,6328149017131;0,967741935483871;1
399;126,654600918086;32,6415476950147;0,967741935483871;1
400;127,565239237666;92,992805198228;0,967741935483871;1
401;129,803155924229;66,3563327416116;0,967741935483871;1
402;124,146422208294;15,3859573943616;0,967741935483871;1
403;124,926221410332;17,8912103924649;0,967741935483871;1
404;126,448328404374;31,5375796138168;0,967741935483871;1
405;126,618771351461;85,1202993491211;0,967741935483871;1
406;125,519990403431;29,7219410230768;0,967741935483871;1
407;130,509439795148;80,4554271624026;0,967741935483871;1
408;126,792079917045;17,7393532179935;0,967741935483871;1
409;126,408466374561;68,9493741713522;0,967741935483871;1
410;126,041765345997;15,1612276112073;0,967741935483871;1
411;130,863068331499;68,5164012990899;0,967741935483871;1
412;132,380694100264;103,968539816801;0,967741935483871;1
413;126,054435409666;19,3439961882073;0,967741935483871;1
414;128,445960795059;77,0266102749018;0,967741935483871;1
415;127,272420055233;19,4550540875569;0,967741935483871;1
416;127,498967488641;18,3430021731681;0,967741935483871;1
417;126,983177691637;42,7873134134419;0,967741935483871;1
418;127,767507108144;36,0512271769201;0,967741935483871;1
419;126,845687642372;15,2722582729947;0,967741935483871;1
420;128,526638851238;101,719528476945;0,967741935483871;1
421;126,034335655255;91,1638415446618;0,967741935483871;1
422;125,972570950773;26,8256788759387;0,967741935483871;1
423;127,719537644282;55,7581312397164;0,967741935483871;1
424;126,133634205276;84,5508901562628;0,967741935483871;1
425;125,925012759826;45,6394324637933;0,967741935483871;1
426;127,282570589428;91,7359001658362;0,967741935483871;1
427;125,840840782915;36,4007029372347;0,967741935483871;1
428;123,898387468387;28,1236383738564;0,967741935483871;1
429;128,506097602274;65,4913535553847;0,967741935483871;1
430;125,354043566678;16,1189883547489;0,967741935483871;1
431;128,791339554611;61,9564504875718;0,967741935483871;1
432;129,392336951261;76,2934135687585;0,967741935483871;1
433;125,307422941169;44,6634209084507;0,967741935483871;1
434;124,836531072433;10,5432754377615;0,967741935483871;1
435;124,937353701434;12,6759099585709;0,967741935483871;1
436;123,491654954045;25,4568073211613;0,967741935483871;1
437;127,767268825825;25,7780391240805;0,967741935483871;1
438;128,158105489916;24,6003032753496;0,967741935483871;1
439;125,148794760356;14,4486260615299;0,967741935483871;1
440;127,038525805796;10,717426310027;0,967741935483871;1
441;123,953387104245;56,3023925676674;0,967741935483871;1
442;125,513286263694;82,1159520265556;0,967741935483871;1
443;124,395262068378;17,9640409574972;0,967741935483871;1
444;126,426224100554;34,8779908917683;0,967741935483871;1
445;125,207008492185;36,1676289931575;0,967741935483871;1
446;128,596992008955;38,5387420626128;0,967741935483871;1
447;125,296425948879;17,8651939147831;0,967741935483871;1
448;127,746941956101;77,9069172067264;0,967741935483871;1
449;125,799926199892;22,9440191186818;0,967741935483871;1
450;124,151806734609;36,4285190630246;0,967741935483871;1
451;124,386995756823;10,6434738603427;0,967741935483871;1
452;124,640680693211;47,9909977412623;0,967741935483871;1
453;125,442959936392;40,6952626887743;0,967741935483871;1
454;127,125807202392;86,5730739692823;0,967741935483871;1
455;128,777398160543;73,339147311924;0,967741935483871;1
456;123,838506685493;27,7664280767201;0,967741935483871;1
457;127,871398915445;50,9201950692455;0,967741935483871;1
458;127,259156557635;24,3398787693795;0,967741935483871;1
459;127,381383331344;36,7263271305075;0,967741935483871;1
460;125,145298429878;62,9391087110569;0,967741935483871;1
461;126,566859635231;35,3337999933351;0,967741935483871;1
462;129,613163388403;21,7968307375909;0,967741935483871;1
463;124,543138087637;12,8337099939881;0,967741935483871;1
464;123,654202726019;29,2119095513091;0,967741935483871;1
465;131,191970538702;117,929513936459;0,967741935483871;1
466;125,577019511694;63,9555872843945;0,967741935483871;1
467;125,071335176345;49,2197747880227;0,967741935483871;1
468;124,551415906486;48,1848128731037;0,967741935483871;1
469;124,821164985097;46,1335369015268;0,967741935483871;1
470;127,434168102463;32,4378425023987;0,967741935483871;1
471;127,335115255064;125,972227517646;0,967741935483871;1
472;130,830892343783;85,2268896341777;0,967741935483871;1
473;125,429429548185;23,0401052419676;0,967741935483871;1
474;129,955382713623;47,0294127173384;0,967741935483871;1
475;131,095537140908;93,6833117143995;0,967741935483871;1
476;129,086558716229;54,9740542499996;0,967741935483871;1
477;128,311817949826;55,9660310757999;0,967741935483871;1
478;129,430428119041;87,6860876225193;0,967741935483871;1
479;127,394130723101;19,8103806511953;0,967741935483871;1
480;125,667242128277;27,4527063122744;0,967741935483871;1
481;127,569575772544;61,3023280358936;0,967741935483871;1
482;127,624226739494;51,5308821076922;0,967741935483871;1
483;127,129067648167;45,4491769775855;0,967741935483871;1
484;124,978484956422;44,697510291876;0,967741935483871;1
485;124,291904646286;36,3840025224054;0,967741935483871;1
486;127,301997747021;8,5305733161851;0,967741935483871;1
487;129,309005703333;58,6979677280929;0,967741935483871;1
488;126,393948106829;39,174793531229;0,967741935483871;1
489;126,583016222964;50,5658708697426;0,967741935483871;1
490;128,084215330056;46,4284135147179;0,967741935483871;1
491;128,369249627777;32,6691869203275;0,967741935483871;1
492;125,784771533849;53,5538015454821;0,967741935483871;1
493;127,869174531497;62,9096650932082;0,967741935483871;1
494;125,616619301957;52,8577280561271;0,967741935483871;1
495;125,533136976713;20,9177323550902;0,967741935483871;1
496;124,479983386918;59,7524021666276;0,967741935483871;1
497;126,967540229322;45,60751955938;0,967741935483871;1
498;127,255057149923;21,2638858688323;0,967741935483871;1
499;125,698798170832;39,2174337601519;0,967741935483871;1
500;129,946456688389;33,4675872396702;0,967741935483871;1
501;125,51062283312;48,1381282375199;0,967741935483871;1
502;128,674809880188;48,4410975413007;0,967741935483871;1
503;127,356294756252;52,8798307345744;0,967741935483871;1
504;125,871868848749;9,67241275243829;0,967741935483871;1
505;127,842455481507;26,0120492336428;0,967741935483871;1
506;128,432089249966;41,4584424416778;0,967741935483871;1
507;127,59633720197;29,0945471405206;0,967741935483871;1
508;130,284399726553;102,175119419566;0,967741935483871;1
509;128,456262815091;83,7307338889048;0,967741935483871;1
510;128,529669758185;94,1080729593246;0,967741935483871;1
511;126,83516706713;86,6579102794736;0,967741935483871;1
512;125,819699122062;55,4675300837686;0,967741935483871;1
513;124,064483959271;47,4166355812262;0,967741935483871;1
514;124,295744081515;20,5731952564023;0,967741935483871;1
515;126,529839827918;23,5694018587613;0,967741935483871;1
516;125,234143818148;13,7632986372544;0,967741935483871;1
517;131,063452077224;91,4710489804678;0,967741935483871;1
518;124,804637917992;8,88565834126765;0,967741935483871;1
519;123,74199522206;20,6579197441853;0,967741935483871;1
520;126,182365808968;24,1143644826953;0,967741935483871;1
521;126,987282300663;27,4024587057676;0,967741935483871;1
522;126,340195953058;23,8019285613723;0,967741935483871;1
523;130,036020283612;51,1583178596806;0,967741935483871;1
524;128,687207493169;50,0139803641609;0,967741935483871;1
525;126,397431897362;33,5087016798398;0,967741935483871;1
526;124,077473860789;14,8606312406015;0,967741935483871;1
527;130,291406180965;66,7818212673;0,967741935483871;1
528;127,326182595118;22,4753702848088;0,967741935483871;1
529;128,338436941126;39,0489746116675;0,967741935483871;1
530;123,337439641767;44,7949964049369;0,967741935483871;1
531;131,14232862426;125,268160066803;0,967741935483871;1
532;127,333245792909;51,9472379470118;0,967741935483871;1
533;124,921662485648;33,2722605853439;0,967741935483871;1
534;126,916671150507;37,5415597153174;0,967741935483871;1
535;127,903355046973;28,4343153092071;0,967741935483871;1
536;127,65427090162;21,0262488898443;0,967741935483871;1
537;124,567331503937;77,5534593083696;0,967741935483871;1
538;128,557102384478;45,2676307927667;0,967741935483871;1
539;126,156412905452;32,4554535925362;0,967741935483871;1
540;128,783939081594;60,3011564322993;0,967741935483871;1
541;127,965791213155;30,274548365773;0,967741935483871;1
542;129,401508538026;90,3999420023619;0,967741935483871;1
543;124,597081825728;44,5795468520681;0,967741935483871;1
544;125,373943712397;24,5525722451051;0,967741935483871;1
545;126,948511015683;30,8001758819135;0,967741935483871;1
546;125,211526426446;31,6540078379284;0,967741935483871;1
547;124,247638475317;29,291688344175;0,967741935483871;1
548;134,809403352607;160,248070822138;0,967741935483871;1
549;131,663759841957;82,0869739611478;0,967741935483871;1
550;125,884603233435;21,6950370554856;0,967741935483871;1
551;126,974953134897;17,9517492165871;0,967741935483871;1
552;125,694698172649;39,8609067740659;0,967741935483871;1
553;126,685061809068;46,4923581210657;0,967741935483871;1
554;129,404150793082;87,8136799452014;0,967741935483871;1
555;125,647195806389;42,4849493401353;0,967741935483871;1
556;131,053683677935;111,230743985602;0,967741935483871;1
557;125,91487177317;22,5183946251353;0,967741935483871;1
558;128,470880642953;105,135812352012;0,967741935483871;1
559;124,619807012028;20,1796138008957;0,967741935483871;1
560;123,980538903881;23,3192067667146;0,967741935483871;1
561;124,166606649367;22,1375966449733;0,967741935483871;1
562;130,429197099872;79,0469938905915;0,967741935483871;1
563;125,821759061865;9,67114062514303;0,967741935483871;1
564;124,967684397822;27,5439258138194;0,967741935483871;1
565;126,780519536687;42,0748315284923;0,967741935483871;1
566;127,004804011119;36,8028354410331;0,967741935483871;1
567;127,886717561653;23,2880040874992;0,967741935483871;1
568;128,068994401379;56,5606169974573;0,967741935483871;1
569;128,524072201548;76,4818335205236;0,967741935483871;1
570;126,577267815594;29,2756602775571;0,967741935483871;1
571;126,567191450826;13,050450899983;0,967741935483871;1
572;127,061646247968;53,9632773707129;0,967741935483871;1
573;127,369883790786;56,1869989244451;0,967741935483871;1
574;126,630126508743;40,9455581374163;0,967741935483871;1
575;127,361855324586;41,8437797482365;0,967741935483871;1
576;130,488300680525;124,65464316475;0,967741935483871;1
577;130,888373636229;36,3268556629712;0,967741935483871;1
578;125,600335220649;24,7122729055551;0,967741935483871;1
579;127,066403111961;50,769374115176;0,967741935483871;1
580;127,392578520698;34,9813857320754;0,967741935483871;1
581;125,05480300765;56,1743127404514;0,967741935483871;1
582;129,653904984918;72,9983284300423;0,967741935483871;1
583;130,913325121425;53,1687186842522;0,967741935483871;1
584;127,06152297639;38,833863838125;0,967741935483871;1
585;131,474630879405;136,466295560941;0,967741935483871;1
586;135,143223513915;113,321736577651;0,967741935483871;1
587;127,630383102536;61,8668646961089;0,967741935483871;1
588;126,823823612578;55,6489552346296;0,967741935483871;1
589;124,835689009579;37,4679005868991;0,967741935483871;1
590;125,97140062972;62,3765925722793;0,967741935483871;1
591;127,988953018848;19,2125014264613;0,967741935483871;1
592;127,81010659842;37,3850234845894;0,967741935483871;1
593;125,805983109988;80,9732948730749;0,967741935483871;1
594;126,072779768655;39,7674180879381;0,967741935483871;1
595;130,406007679337;92,4463306967026;0,967741935483871;1
596;125,821677979639;42,800281794107;0,967741935483871;1
597;127,076630846394;68,564235659062;0,967741935483871;1
598;129,268803289275;87,3988734851355;0,967741935483871;1
599;127,111379624785;41,494530398173;0,967741935483871;1
600;127,314628107705;93,7311266886503;0,967741935483871;1
601;129,467602372807;94,8536284304511;0,967741935483871;1
602;125,084786451444;53,9490191268236;0,967741935483871;1
603;127,001277180404;65,4521925526376;0,967741935483871;1
604;130,103921347086;125,491919013377;0,967741935483871;1
605;128,194226795479;30,5790617974419;0,967741935483871;1
606;123,874826529523;32,5092694658194;0,967741935483871;1
607;126,462161024059;94,9175113081753;0,967741935483871;1
608;127,675184262928;16,0014302098149;0,967741935483871;1
609;126,993705284871;22,8789645328959;0,967741935483871;1
610;127,195921478693;52,1417472545686;0,967741935483871;1
611;123,343830480062;19,6385906421051;0,967741935483871;1
612;124,442344072408;14,9184383973344;0,967741935483871;1
613;126,515892857628;31,9106696316158;0,967741935483871;1
614;131,190979443888;53,2053801101728;0,967741935483871;1
615;134,020579319043;125,994943744797;0,967741935483871;1
616;126,858718202859;26,9478599281542;0,967741935483871;1
617;129,719533583466;104,307820314301;0,967741935483871;1
618;124,403770047689;90,2133325344359;0,967741935483871;1
619;129,665851106747;110,07400349037;0,967741935483871;1
620;125,408183050188;34,9462603310227;0,967741935483871;1
621;126,557453135271;67,992918149889;0,967741935483871;1
622;125,432351027835;39,7708492319693;0,967741935483871;1
623;128,638650704512;31,0689926173894;0,967741935483871;1
624;129,335680504755;45,8227041212851;0,967741935483871;1
625;126,410357122288;81,0462123002405;0,967741935483871;1
626;132,548968830294;145,285986514454;0,967741935483871;1
627;126,302463523361;21,7940705920558;0,967741935483871;1
628;123,590098621986;10,222398810837;0,967741935483871;1
629;128,591080363135;57,6822996319079;0,967741935483871;1
630;124,348488887009;22,1486379218166;0,967741935483871;1
631;126,236494320348;15,6236969803016;0,967741935483871;1
632;122,79583538243;33,9880707929999;0,967741935483871;1
633;128,129972192273;38,6527062703072;0,967741935483871;1
634;128,005091548312;63,3640789908614;0,967741935483871;1
635;128,452179894231;24,2232206145409;0,967741935483871;1
636;128,678798765666;61,3436361997491;0,967741935483871;1
637;126,767343934756;78,2572914970841;0,967741935483871;1
638;127,858431690139;36,3713469578069;0,967741935483871;1
639;124,022262233804;40,3577010004613;0,967741935483871;1
640;130,493018758885;105,764844588728;0,967741935483871;1
641;124,800155463987;36,0169894840172;0,967741935483871;1
642;130,454357843489;70,8152824273505;0,967741935483871;1
643;126,814992279463;68,3465108791973;0,967741935483871;1
644;127,747659856295;61,0070825201398;0,967741935483871;1
645;125,157536794561;15,4870472047709;0,967741935483871;1
646;125,738893030307;13,886791470172;0,967741935483871;1
647;127,09010290262;60,3324608369282;0,967741935483871;1
648;130,970382779433;103,690588422822;0,967741935483871;1
649;128,990827373495;79,3021790065575;0,967741935483871;1
650;128,465854947114;75,3304494943156;0,967741935483871;1
651;125,641697358289;45,1524162400482;0,967741935483871;1
652;125,162490359959;20,0800617078911;0,967741935483871;1
653;129,740648341128;40,8060954432113;0,967741935483871;1
654;133,043742759942;113,615267256982;0,967741935483871;1
655;132,256282290844;90,7216419508558;0,967741935483871;1
656;126,499106155142;34,8179756063125;0,967741935483871;1
657;128,06929576569;62,7614829851018;0,967741935483871;1
658;123,411001994465;29,5869818864645;0,967741935483871;1
659;125,601522038241;19,4938246713788;0,967741935483871;1
660;128,045089120862;107,557986523942;0,967741935483871;1
661;124,854840258384;13,1297035347973;0,967741935483871;1
662;127,91986634724;48,5300289394773;0,967741935483871;1
663;126,7912130272;25,097196186589;0,967741935483871;1
664;125,609285560971;45,7600326044541;0,967741935483871;1
665;125,961651871797;54,2422214254463;0,967741935483871;1
666;129,69549393577;72,0251116083772;0,967741935483871;1
667;126,812217040626;12,4699205631499;0,967741935483871;1
668;125,568125409773;85,2685197161927;0,967741935483871;1
669;125,928975449157;83,6662780536178;0,967741935483871;1
670;128,188414330196;79,4542766363113;0,967741935483871;1
671;128,24520044677;67,7254405039279;0,967741935483871;1
672;122,49197839114;19,8506006254549;0,967741935483871;1
673;129,493659115011;74,4502432410808;0,967741935483871;1
674;124,74243849649;32,1117424733482;0,967741935483871;1
675;125,88368294032;87,3253932263503;0,967741935483871;1
676;129,325506481511;101,090582615151;0,967741935483871;1
677;128,232490416274;12,6941874578995;0,967741935483871;1
678;126,050652978984;28,688127336735;0,967741935483871;1
679;127,407348200329;71,421107881034;0,967741935483871;1
680;128,450859650244;108,2297928538;0,967741935483871;1
681;130,68679691215;67,0978120866758;0,967741935483871;1
682;127,366178483286;50,3993064924322;0,967741935483871;1
683;132,094762342508;133,980195271584;0,967741935483871;1
684;131,52431825177;141,332633805633;0,967741935483871;1
685;126,514920606867;23,9033196952408;0,967741935483871;1
686;128,171647335318;58,4166557991689;0,967741935483871;1
687;125,277539250667;34,0070268605216;0,967741935483871;1
688;127,602140949265;82,9451866577871;0,967741935483871;1
689;125,873364076016;41,1046688798829;0,967741935483871;1
690;132,734219100557;139,938375429692;0,967741935483871;1
691;124,445081625919;42,7120286735901;0,967741935483871;1
692;123,662833753443;35,9628159110813;0,967741935483871;1
693;125,764739720741;31,825953954798;0,967741935483871;1
694;126,174251355277;12,2519426070516;0,967741935483871;1
695;124,213840701664;23,2820206026981;0,967741935483871;1
696;125,767092208621;11,0068418802413;0,967741935483871;1
697;123,631063495212;29,5228834546416;0,967741935483871;1
698;128,134726491487;16,7318674074805;0,967741935483871;1
699;124,002933493781;56,8413795471871;0,967741935483871;1
700;128,741150894425;30,3017078544534;0,967741935483871;1
701;127,130657746211;30,9143467189821;0,967741935483871;1
702;125,520953790659;21,7929668027271;0,967741935483871;1
703;126,617994765255;26,1686385092298;0,967741935483871;1
704;126,15228635029;60,2389493010489;0,967741935483871;1
705;132,178560967346;128,983941962485;0,967741935483871;1
706;131,213446213655;110,319757322364;0,967741935483871;1
707;126,808055851766;89,0237521407736;0,967741935483871;1
708;126,901390923279;50,7927273707702;0,967741935483871;1
709;127,139306441395;44,6170928404806;0,967741935483871;1
710;127,744719081255;28,076087513632;0,967741935483871;1
711;125,21210963871;65,6416966483014;0,967741935483871;1
712;127,30958383454;62,0671932676491;0,967741935483871;1
713;129,338934284901;51,3120049600426;0,967741935483871;1
714;127,533758924595;64,793733325806;0,967741935483871;1
715;128,887600438383;75,4458911760582;0,967741935483871;1
716;124,497851164953;15,1349372080522;0,967741935483871;1
717;123,440109306964;21,7395029594951;0,967741935483871;1
718;128,695085407101;53,6710190393835;0,967741935483871;1
719;126,082635611118;35,3629166966872;0,967741935483871;1
720;126,59348046195;37,0026319481027;0,967741935483871;1
721;126,399912230445;68,877660648502;0,967741935483871;1
722;124,319834903402;54,7517991206654;0,967741935483871;1
723;124,874701404903;51,755847516828;0,967741935483871;1
724;126,652995986169;38,9322243475649;0,967741935483871;1
725;132,660344212913;152,058578332534;0,967741935483871;1
726;123,571388587725;28,355851268032;0,967741935483871;1
727;128,556081563555;122,266260351237;0,967741935483871;1
728;129,471900968179;73,4287981792607;0,967741935483871;1
729;124,880032035554;20,2625962828626;0,967741935483871;1
730;126,198402633692;19,1383286588749;0,967741935483871;1
731;132,183777380552;124,940675298385;0,967741935483871;1
732;129,583765378262;104,947883614976;0,967741935483871;1
733;124,09711482662;24,8315685535426;0,967741935483871;1
734;130,594448334982;47,3787263939202;0,967741935483871;1
735;126,444130540012;21,6779996043411;0,967741935483871;1
736;127,972400806058;50,6382477357488;0,967741935483871;1
737;125,922170783921;54,9359252071679;0,967741935483871;1
738;126,468788791372;24,2512196152108;0,967741935483871;1
739;129,557892150975;108,337143867378;0,967741935483871;1
740;128,26684772998;67,4546067436249;0,967741935483871;1
741;127,058190585241;52,1491743933227;0,967741935483871;1
742;126,168165834049;37,0502095862896;0,967741935483871;1
743;125,548195582233;28,1739491396989;0,967741935483871;1
744;132,414368173157;125,223700491362;0,967741935483871;1
745;127,991703585749;48,350263921952;0,967741935483871;1
746;130,532014518103;72,7705522984868;0,967741935483871;1
747;126,320280450677;24,1023335402279;0,967741935483871;1
748;131,016644427556;139,101255475398;0,967741935483871;1
749;124,221970705792;25,0267795241187;0,967741935483871;1
750;125,078040807639;20,7417432236759;0,967741935483871;1
751;133,116956455189;123,704897789838;0,967741935483871;1
752;127,846565727721;70,177802739954;0,967741935483871;1
753;126,86974447987;23,2959327424859;0,967741935483871;1
754;125,023345292439;7,65621757779897;0,967741935483871;1
755;127,087044247754;57,0518133925209;0,967741935483871;1
756;125,521149971839;49,4469794324912;0,967741935483871;1
757;129,457444813651;82,5651391283482;0,967741935483871;1
758;124,387235096708;31,6885332278219;0,967741935483871;1
759;126,405330085517;8,34932169321859;0,967741935483871;1
760;126,524246144978;41,3810654108522;0,967741935483871;1
761;127,049338440935;35,0995318474418;0,967741935483871;1
762;126,535426666924;15,3996309502212;0,967741935483871;1
763;124,556656145138;46,6638064120574;0,967741935483871;1
764;128,685965621785;22,9333467619508;0,967741935483871;1
765;132,31654360734;101,126871711057;0,967741935483871;1
766;127,237654403527;61,5637313348048;0,967741935483871;1
767;128,601133869849;41,0791638326927;0,967741935483871;1
768;124,75437397114;16,1668085585937;0,967741935483871;1
769;130,705526063551;68,3923834295509;0,967741935483871;1
770;130,349412071358;89,9742869683043;0,967741935483871;1
771;127,804001831337;21,5718008984373;0,967741935483871;1
772;129,041661568468;51,6327916973842;0,967741935483871;1
773;125,357344198694;41,8434296823488;0,967741935483871;1
774;128,2629552809;46,7900279416459;0,967741935483871;1
775;129,72828380805;21,2122981221666;0,967741935483871;1
776;126,382642985039;17,1076969254098;0,967741935483871;1
777;123,066032096001;59,6839647279213;0,967741935483871;1
778;129,725985862203;55,7820388924583;0,967741935483871;1
779;126,378582034288;14,6261795929408;0,967741935483871;1
780;125,047911006692;12,784760079821;0,967741935483871;1
781;123,556819528721;38,7602952381603;0,967741935483871;1
782;133,915163529849;101,334801575051;0,967741935483871;1
783;127,742534480244;50,3088039366058;0,967741935483871;1
784;128,16994267486;43,34311115406;0,967741935483871;1
785;125,936233991307;31,1037374939149;0,967741935483871;1
786;126,283873168374;29,8580653902958;0,967741935483871;1
787;125,722001486294;14,193814075807;0,967741935483871;1
788;129,058660535825;20,1513930999064;0,967741935483871;1
789;127,493409304452;104,196803311414;0,967741935483871;1
790;125,024233159001;61,052509506854;0,967741935483871;1
791;128,69626843061;111,358708756153;0,967741935483871;1
792;123,990896585547;47,2334884304454;0,967741935483871;1
793;126,782265630163;51,1172618995596;0,967741935483871;1
794;131,504016081486;106,944478157112;0,967741935483871;1
795;125,799059964685;26,1764674661297;0,967741935483871;1
796;126,342820166779;56,114691666168;0,967741935483871;1
797;128,08130532487;99,951807837825;0,967741935483871;1
798;127,197094261626;75,0285540813483;0,967741935483871;1
799;124,60278679568;25,356924896628;0,967741935483871;1
800;124,841110443281;21,0287617812574;0,967741935483871;1
801;124,535096756112;28,9429490755007;0,967741935483871;1
802;124,955034193728;33,1386249000432;0,967741935483871;1
803;125,894040783019;43,5921559780941;0,967741935483871;1
804;127,547971244316;71,4311327708231;0,967741935483871;1
805;126,091583921468;32,3511003259529;0,967741935483871;1
806;125,819500544597;23,9327804022531;0,967741935483871;1
807;128,253598380794;52,1200951634148;0,967741935483871;1
808;126,331642732272;44,9739092330143;0,967741935483871;1
809;130,716465267273;132,901937302795;0,967741935483871;1
810;124,124457107587;10,9885496352012;0,967741935483871;1
811;124,847121394512;20,0273136973884;0,967741935483871;1
812;125,294829829414;72,7015311162427;0,967741935483871;1
813;129,582475841042;131,491394694725;0,967741935483871;1
814;124,983638759616;69,8892495760094;0,967741935483871;1
815;123,878524387782;33,1279134676179;0,967741935483871;1
816;129,772139896465;93,8745129695857;0,967741935483871;1
817;125,970338598449;33,2840135061241;0,967741935483871;1
818;129,749074419501;60,7541880307356;0,967741935483871;1
819;126,784718104068;58,4069460177843;0,967741935483871;1
820;128,523153265529;66,3282683213963;0,967741935483871;1
821;126,439607955121;18,3288947137463;0,967741935483871;1
822;123,913238509204;26,379438458251;0,967741935483871;1
823;125,701837273549;44,507829313242;0,967741935483871;1
824;130,333563935905;64,2962646714488;0,967741935483871;1
825;124,510498571405;12,4619674713837;0,967741935483871;1
826;123,810886998518;14,8140577945959;0,967741935483871;1
827;124,917835610786;26,2568897254624;0,967741935483871;1
828;127,901191493518;25,4196350311245;0,967741935483871;1
829;129,270242486452;41,3057481891177;0,967741935483871;1
830;124,206319981361;31,3563744932285;0,967741935483871;1
831;128,409789705726;26,1864958025089;0,967741935483871;1
832;131,415697207058;153,383327216551;0,967741935483871;1
833;124,778010190343;12,1755585110167;0,967741935483871;1
834;130,649848747941;81,6219825553532;0,967741935483871;1
835;130,275668534518;68,0491837841503;0,967741935483871;1
836;126,659667878724;54,5531389591977;0,967741935483871;1
837;125,519619589707;23,6890595883837;0,967741935483871;1
838;127,663569640137;36,2894850949599;0,967741935483871;1
839;126,479675878808;92,8133775392436;0,967741935483871;1
840;127,793149935653;45,749410557379;0,967741935483871;1
841;129,769301119354;103,551052158288;0,967741935483871;1
842;126,312491242891;66,7878989116799;0,967741935483871;1
843;125,88907383203;29,1568948960205;0,967741935483871;1
844;129,873530562608;91,4185927875159;0,967741935483871;1
845;126,713421740346;64,0063733924253;0,967741935483871;1
846;125,277089322614;40,2268263868869;0,967741935483871;1
847;121,992072580763;34,01711142785;0,967741935483871;1
848;126,142975602357;68,3469666476428;0,967741935483871;1
849;125,277040452531;9,5838479084113;0,967741935483871;1
850;126,418022074194;39,9655027554135;0,967741935483871;1
851;127,173411738351;39,3163967880226;0,967741935483871;1
852;129,49497697461;39,3886473041336;0,967741935483871;1
853;125,899967244478;31,1650843199707;0,967741935483871;1
854;129,753026634244;64,9116554076272;0,967741935483871;1
855;126,144496205089;74,0862380227906;0,967741935483871;1
856;125,686766771465;21,4670556630489;0,967741935483871;1
857;128,086657233789;67,9976432582493;0,967741935483871;1
858;125,291665579721;25,2186547649665;0,967741935483871;1
859;127,739628341847;101,873385480245;0,967741935483871;1
860;124,991438275016;35,7592570137215;0,967741935483871;1
861;132,859615966175;107,900112015808;0,967741935483871;1
862;128,768623815252;16,5516545106352;0,967741935483871;1
863;127,58819421032;45,8130683898465;0,967741935483871;1
864;128,952602403702;82,7705682243472;0,967741935483871;1
865;127,683081903238;57,3940891645242;0,967741935483871;1
866;127,727541449164;16,8741784827553;0,967741935483871;1
867;130,351560928291;82,3586285475284;0,967741935483871;1
868;128,138626639929;48,0648154729687;0,967741935483871;1
869;126,468383511054;47,6457611651195;0,967741935483871;1
870;129,944805333268;78,2963610399226;0,967741935483871;1
871;127,140194355754;36,050813277951;0,967741935483871;1
872;128,539736003368;42,0316949901731;0,967741935483871;1
873;128,147253371236;40,1182109040248;0,967741935483871;1
874;126,638893579808;25,4607752754344;0,967741935483871;1
875;127,373766864;26,4548394393812;0,967741935483871;1
876;124,69262882034;52,386947328139;0,967741935483871;1
877;125,432322468798;30,9124500541247;0,967741935483871;1
878;124,020211828955;12,0505437562159;0,967741935483871;1
879;125,65617734686;34,2979591753972;0,967741935483871;1
880;132,618720187264;88,1503135983767;0,967741935483871;1
881;125,51719417271;22,680382772304;0,967741935483871;1
882;125,886984745063;39,6420407363275;0,967741935483871;1
883;127,265925815853;16,9724305880572;0,967741935483871;1
884;128,125991593648;51,3542952374477;0,967741935483871;1
885;127,909539056147;68,474469247592;0,967741935483871;1
886;127,553123860361;34,9402514239935;0,967741935483871;1
887;133,674855179186;118,039596484114;0,967741935483871;1
888;129,911364840272;110,41670246187;0,967741935483871;1
889;126,59126131513;69,2993908012954;0,967741935483871;1
890;126,815340194629;48,8916527068717;0,967741935483871;1
891;126,370638753913;31,0254318505795;0,967741935483871;1
892;128,401388260958;82,3515901820036;0,967741935483871;1
893;125,784121422934;58,1269232887862;0,967741935483871;1
894;128,327053699322;55,6467526379125;0,967741935483871;1
895;127,399485759444;85,000512577603;0,967741935483871;1
896;126,54467538269;28,5996217229995;0,967741935483871;1
897;126,095405332383;18,1402796194404;0,967741935483871;1
898;124,734073013922;19,3112903851022;0,967741935483871;1
899;125,898932835093;20,9331332519057;0,967741935483871;1
900;129,771090942179;96,4514599398403;0,967741935483871;1
901;123,376439697357;42,9744833147738;0,967741935483871;1
902;127,90534883125;22,0709041149022;0,967741935483871;1
903;126,750857401869;38,0870120629331;0,967741935483871;1
904;127,093578476142;57,230292936516;0,967741935483871;1
905;127,471668959877;62,7392674136744;0,967741935483871;1
906;127,02141477581;31,5182439215781;0,967741935483871;1
907;129,864207753859;89,9431843782444;0,967741935483871;1
908;128,439053213141;58,3749538472644;0,967741935483871;1
909;128,522361171141;37,7317580569695;0,967741935483871;1
910;127,255680156725;55,815486229365;0,967741935483871;1
911;127,68290441659;116,445509786618;0,967741935483871;1
912;123,954861245145;26,7005977384214;0,967741935483871;1
913;129,439342743428;55,5243592084196;0,967741935483871;1
914;127,29091454442;43,2095521752139;0,967741935483871;1
915;128,249800938623;69,7750677913358;0,967741935483871;1
916;129,984685117714;108,670351743418;0,967741935483871;1
917;125,800253677413;34,1996614928595;0,967741935483871;1
918;124,072556578885;27,7781279211473;0,967741935483871;1
919;127,122514395873;29,2862364979824;0,967741935483871;1
920;125,808821209544;41,9956595947994;0,967741935483871;1
921;125,531596694978;26,320112454047;0,967741935483871;1
922;124,724690106084;27,2847056478612;0,967741935483871;1
923;127,365320249342;33,076185526741;0,967741935483871;1
924;125,619447826734;36,2433212443646;0,967741935483871;1
925;124,280518413132;38,1031858148529;0,967741935483871;1
926;125,075017252733;29,7986182893212;0,967741935483871;1
927;126,369839960479;12,2761527504655;0,967741935483871;1
928;128,328558701188;41,3774035369295;0,967741935483871;1
929;124,085626505133;42,7346169494013;0,967741935483871;1
930;125,724005277912;17,7994950745952;0,967741935483871;1
931;124,348191343943;65,4702469461868;0,967741935483871;1
932;129,772612908629;77,1042446619371;0,967741935483871;1
933;128,866660361939;34,1266024592634;0,967741935483871;1
934;124,787184362408;24,1347385676676;0,967741935483871;1
935;128,151013429696;53,1307206980833;0,967741935483871;1
936;126,035874681462;46,6462621627911;0,967741935483871;1
937;125,659711873458;35,9800771192162;0,967741935483871;1
938;124,687486346701;35,4798031114026;0,967741935483871;1
939;125,04883441408;17,547579182056;0,967741935483871;1
940;126,524083821073;30,8048726377018;0,967741935483871;1
941;124,935838841863;22,3488466205464;0,967741935483871;1
942;126,009320095923;54,6399416178312;0,967741935483871;1
943;128,830601724913;68,3128582811606;0,967741935483871;1
944;128,599919926974;72,5806849432144;0,967741935483871;1
945;128,293436764692;52,2935331117981;0,967741935483871;1
946;125,204253797157;54,8608659497545;0,967741935483871;1
947;128,268427064099;66,7566578238294;0,967741935483871;1
948;126,907609963618;21,8513612555508;0,967741935483871;1
949;127,251082222214;52,7911599974782;0,967741935483871;1
950;126,734393332487;78,5870667855188;0,967741935483871;1
951;125,852403733723;46,8885688432131;0,967741935483871;1
952;126,306787139381;63,1806853382494;0,967741935483871;1
953;125,461142329793;51,169529946918;0,967741935483871;1
954;123,591708907528;19,092437717369;0,967741935483871;1
955;131,388407126861;79,824767000552;0,967741935483871;1
956;126,097204590143;86,8213459748466;0,967741935483871;1
957;125,422195275468;15,9224120765939;0,967741935483871;1
958;123,580753588965;11,316281980807;0,967741935483871;1
959;125,842008240448;14,1036094083979;0,967741935483871;1
960;125,980887521843;37,7093041104319;0,967741935483871;1
961;129,291905670347;54,9362978794858;0,967741935483871;1
962;131,822912418547;102,4793737797;0,967741935483871;1
963;126,247346216028;20,9547143875343;0,967741935483871;1
964;126,604810278549;39,3889808905689;0,967741935483871;1
965;124,987712194796;15,552061527958;0,967741935483871;1
966;129,843172107683;73,3033344534137;0,967741935483871;1
967;124,413552055455;18,1542337477301;0,967741935483871;1
968;124,192310937942;31,3107640182707;0,967741935483871;1
969;124,397001296334;44,3413078771817;0,967741935483871;1
970;126,510320983676;62,4382662598598;0,967741935483871;1
971;130,815752268712;67,475575472745;0,967741935483871;1
972;128,461715156544;52,7077395760703;0,967741935483871;1
973;129,883152090459;83,5869947949998;0,967741935483871;1
974;128,158790803069;40,1123402702755;0,967741935483871;1
975;126,436698404577;37,7525642433721;0,967741935483871;1
976;126,135315693609;28,6582252120619;0,967741935483871;1
977;127,386422009433;53,0974562640153;0,967741935483871;1
978;131,904812613882;61,0435309370085;0,967741935483871;1
979;131,059023088286;74,7686300789534;0,967741935483871;1
980;125,58666624669;13,9273387241578;0,967741935483871;1
981;128,338590527673;62,0086894247248;0,967741935483871;1
982;129,60938279737;104,043582386281;0,967741935483871;1
983;127,517217140521;35,0640306470091;0,967741935483871;1
984;132,608901246856;163,843925128661;0,967741935483871;1
985;124,859141452704;12,6352608437697;0,967741935483871;1
986;129,850843429173;32,5359788279756;0,967741935483871;1
987;124,870074421885;32,5126327169358;0,967741935483871;1
988;126,327874046698;33,8864599094765;0,967741935483871;1
989;130,652825263699;103,417250534649;0,967741935483871;1
990;129,15210010885;78,8758864873367;0,967741935483871;1
991;123,499277939384;70,4828993104103;0,967741935483871;1
992;125,315197083589;39,5863662702819;0,967741935483871;1
993;131,149913969306;108,222447434315;0,967741935483871;1
994;130,235833535959;91,6068702967524;0,967741935483871;1
995;125,579420324146;40,285288284213;0,967741935483871;1
996;124,295303700566;34,6589906244588;0,967741935483871;1
997;127,87720075604;34,1980119428735;0,967741935483871;1
998;130,842230599692;126,943713535733;0,967741935483871;1
999;130,981015863962;76,0074577593005;0,967741935483871;1
