0;87,8316539908997;45,8451978280344;0,967741935483871;1
1;88,8428879235107;62,8135738244561;0,967741935483871;1
2;87,4528376525542;36,133425212023;0,967741935483871;1
3;91,0282893056022;66,4163544985564;0,967741935483871;1
4;88,7760185984809;44,4712327518407;0,967741935483871;1
5;88,6093303771586;38,9894166195568;0,967741935483871;1
6;89,3727650032853;61,6176851496191;0,967741935483871;1
7;86,0355461289522;55,5170227170396;0,967741935483871;1
8;77;9,45829293368516;0,483870967741936;0,516129032258065
9;89,0111396125396;41,7489797039923;0,967741935483871;1
10;90,3676815737972;46,6648999147072;0,967741935483871;1
11;90,9248579919057;56,6519203070087;0,967741935483871;1
12;90,5568616900815;25,1953044875127;0,967741935483871;1
13;87,3582820904571;27,6278707248042;0,967741935483871;1
14;89,0995672870114;46,4034455871363;0,967741935483871;1
15;88,0995867511797;33,6903797344376;0,967741935483871;1
16;87,7247293195332;31,7263523872381;0,967741935483871;1
17;87,1467438784632;30,7562151353915;0,967741935483871;1
18;87,9282423812115;37,9359723080128;0,967741935483871;1
19;86,3820869136528;82,762409052916;0,967741935483871;1
20;89,4855392186815;36,9622558546326;0,967741935483871;1
21;89,8678659364709;67,4264225023172;0,967741935483871;1
22;90,9079301664299;79,1241525779212;0,967741935483871;1
23;77;14,8884624975547;0,580645161290323;0,612903225806452
24;90,1113883365615;59,8498446555468;0,967741935483871;1
25;91,3200509711676;53,0406195186774;0,967741935483871;1
26;90,34082198296;56,9483940593178;0,967741935483871;1
27;86,888346118957;18,8418077834486;0,967741935483871;1
28;89,688609293516;59,1383868322744;0,967741935483871;1
29;90,6863207946155;64,0828757994541;0,967741935483871;1
30;92,1584417376676;53,3583015847233;0,967741935483871;1
31;93,2313083737487;49,9652742854088;0,967741935483871;1
32;87,3051527625406;46,1140500239;0,967741935483871;1
33;88,2376719136604;48,9198048224708;0,967741935483871;1
34;89,7605272366183;20,3938569746389;0,967741935483871;1
35;77;11,9376450994892;0,483870967741936;0,516129032258065
36;89,712135431611;31,1457030400015;0,967741935483871;1
37;91,0570978921113;31,64175064854;0,967741935483871;1
38;87,2355654626681;43,4773630118616;0,967741935483871;1
39;89,9639148643302;29,6151537651645;0,967741935483871;1
40;86,9744172193776;23,0200204129109;0,967741935483871;1
41;88,2737916582931;22,657618002918;0,967741935483871;1
42;90,2239587862825;63,6342097210428;0,967741935483871;1
43;86,2389014878778;21,1739291886917;0,967741935483871;1
44;86,810850580091;37,0674480388307;0,967741935483871;1
45;91,3501243244392;59,6960617406576;0,967741935483871;1
46;91,2447781961865;65,4850671638865;0,967741935483871;1
47;87,0883881936317;32,7487671746399;0,967741935483871;1
48;77;12,7994870369209;0,580645161290323;0,612903225806452
49;88,2412189679678;87,470313803207;0,967741935483871;1
50;91,2912351137123;65,3035205263877;0,967741935483871;1
51;87,7806214557548;30,7225978964285;0,967741935483871;1
52;93,8321400098499;75,4627637350016;0,967741935483871;1
53;89,003059557121;43,7360488556568;0,967741935483871;1
54;92,5597501675339;92,7937126918579;0,967741935483871;1
55;87,9318242945794;59,2455087621682;0,967741935483871;1
56;91,6443520905812;56,6198987492254;0,967741935483871;1
57;88,9213583235866;70,1835617109288;0,967741935483871;1
58;88,0382464530314;14,1413712998609;0,967741935483871;1
59;88,8834059686491;34,1486733796667;0,967741935483871;1
60;87,6888297678967;31,2947191129104;0,967741935483871;1
61;93,2212507704712;74,0567583940812;0,967741935483871;1
62;87,018708617799;38,9092380739072;0,967741935483871;1
63;86,4815782627391;34,9013788836638;0,967741935483871;1
64;85,3071703359452;16,8981268942092;0,967741935483871;1
65;77;20,8678354250773;0,580645161290323;0,612903225806452
66;88,3122782029699;22,466323289641;0,967741935483871;1
67;86,4846686130725;47,0512338597144;0,967741935483871;1
68;86,3720213647856;50,7916700968601;0,967741935483871;1
69;87,0463493199933;43,0290436942747;0,967741935483871;1
70;94,8898491527926;87,4246722901946;0,967741935483871;1
71;89,3381642788951;42,1175301812204;0,967741935483871;1
72;86,5969611986658;24,8339246763023;0,967741935483871;1
73;87,3977471708924;35,2100362035664;0,967741935483871;1
74;90,1202333980657;47,0946606672556;0,967741935483871;1
75;92,4375975296035;27,7764706392793;0,967741935483871;1
76;90,4793965546756;31,0222969208055;0,967741935483871;1
77;87,5142043790411;25,0213966285442;0,967741935483871;1
78;93,6891377926458;75,3346856750285;0,967741935483871;1
79;88,6187965588868;34,8409901980243;0,967741935483871;1
80;92,458541621305;48,3878571000076;0,967741935483871;1
81;91,5248867787099;41,20552518411;0,967741935483871;1
82;88,0397378833631;49,6820518795616;0,967741935483871;1
83;77;11,324349513303;0,483870967741936;0,516129032258065
84;87,5613940873163;19,4567755601778;0,967741935483871;1
85;86,1265836093446;30,6520100330755;0,967741935483871;1
86;90,9596739036246;40,2883908580429;0,967741935483871;1
87;88,9677146889;34,1824544978021;0,967741935483871;1
88;89,7193357092354;61,0167352994963;0,967741935483871;1
89;89,0218106421762;27,9653290781639;0,967741935483871;1
90;89,4314608991282;33,3720941497436;0,967741935483871;1
91;88,3932373416817;45,3955239359419;0,967741935483871;1
92;89,5532850578821;53,7061552897103;0,967741935483871;1
93;88,8606354684252;28,3605530925671;0,967741935483871;1
94;88,5397924368142;20,222658738028;0,967741935483871;1
95;89,8020084147187;52,0206958387914;0,967741935483871;1
96;90,5982350094328;26,2680417429793;0,967741935483871;1
97;91,5885428586124;32,0381088776546;0,967741935483871;1
98;88,3737571097972;68,8782716582255;0,967741935483871;1
99;89,2417236811682;41,7768394811835;0,967741935483871;1
100;86,8728029045434;48,8717387830114;0,967741935483871;1
101;87,6306019092861;18,3083068854933;0,967741935483871;1
102;90,4751198183674;47,0381185358702;0,967741935483871;1
103;89,2430037852781;47,3701420384918;0,967741935483871;1
104;93,842492406516;57,399403713687;0,967741935483871;1
105;86,8878293367405;25,9712957520289;0,967741935483871;1
106;89,7875237620285;45,9513549048434;0,967741935483871;1
107;89,5303876971971;32,4938863520088;0,967741935483871;1
108;93,3804950714486;83,0946427467964;0,967741935483871;1
109;89,8603097727097;47,2468358648985;0,967741935483871;1
110;89,3406940784603;53,5868672587736;0,967741935483871;1
111;91,6303937304533;56,4336064671717;0,967741935483871;1
112;89,5686038005027;41,5300631565915;0,967741935483871;1
113;90,3161101528339;54,6312397749031;0,967741935483871;1
114;90,9475854926715;45,6968112249135;0,967741935483871;1
115;89,7511633313904;51,894214149259;0,967741935483871;1
116;92,6684161716598;43,3692813186766;0,967741935483871;1
117;88,0236851778774;19,4910939104561;0,967741935483871;1
118;87,5041913712666;17,8350452416521;0,967741935483871;1
119;90,3677801395702;43,957408894748;0,967741935483871;1
120;88,7526594540862;33,959184969713;0,967741935483871;1
121;88,3938655602382;47,8538339263532;0,967741935483871;1
122;92,700897638838;49,2413966707157;0,967741935483871;1
123;86,6661875910697;23,1085135833969;0,967741935483871;1
124;88,4025106455494;21,2114956077009;0,967741935483871;1
125;86,5926008534653;65,1707439732071;0,967741935483871;1
126;91,2775308175742;68,4020257518035;0,967741935483871;1
127;87,4425761045701;25,3303679591941;0,967741935483871;1
128;88,5865376461447;32,8002062314661;0,967741935483871;1
129;90,7092208488351;67,1123366545802;0,967741935483871;1
130;86,7376653140946;52,9606928905279;0,967741935483871;1
131;90,787992556377;79,3022959695544;0,967741935483871;1
132;88,6949514546898;17,6816328968043;0,967741935483871;1
133;87,1145972820261;37,7547253360092;0,967741935483871;1
134;92,2982317670787;61,5538128336571;0,967741935483871;1
135;77;29,0239198512957;0,580645161290323;0,612903225806452
136;87,4497225077855;34,9267378516761;0,967741935483871;1
137;87,8967966689427;55,4970895816231;0,967741935483871;1
138;87,9935776185509;53,240754615248;0,967741935483871;1
139;89,7443325456875;23,2985002455034;0,967741935483871;1
140;89,4596041894677;46,3814409043902;0,967741935483871;1
141;90,8352026317385;55,9882381928799;0,967741935483871;1
142;77;6,6706181863869;0,483870967741936;0,516129032258065
143;89,9033182366987;69,6541890784378;0,967741935483871;1
144;87,4153537894159;60,5331261817844;0,967741935483871;1
145;88,6249317759883;27,4482430507296;0,967741935483871;1
146;86,3936170804513;52,657364423565;0,967741935483871;1
147;90,9183855118022;78,0555243650383;0,967741935483871;1
148;88,1412414631502;46,5218474467245;0,967741935483871;1
149;92,6392783274646;84,3564777308629;0,967741935483871;1
150;91,9018077536025;77,9877073003703;0,967741935483871;1
151;87,7211427822877;32,7806223673322;0,967741935483871;1
152;86,9677006089084;10,5070532991733;0,967741935483871;1
153;91,1320722706208;71,9098467002332;0,967741935483871;1
154;91,3187219855077;72,1688820746736;0,967741935483871;1
155;87,8445049784893;40,4693624012994;0,967741935483871;1
156;91,5317867666888;40,3020314376931;0,967741935483871;1
157;85,7023713877451;21,7467691471923;0,967741935483871;1
158;89,4210605382541;37,2322924509391;0,967741935483871;1
159;90,0524977501831;67,4017280392524;0,967741935483871;1
160;88,776389166662;25,8347142421444;0,967741935483871;1
161;77;20,80855150114;0,580645161290323;0,612903225806452
162;90,719590965153;49,9508480237828;0,967741935483871;1
163;89,0084679190571;51,3604781782377;0,967741935483871;1
164;87,6932764677161;29,2821457984428;0,967741935483871;1
165;90,9600857630092;37,1173406536167;0,967741935483871;1
166;90,140044120311;57,2042674473595;0,967741935483871;1
167;90,9380184844874;67,2844253751373;0,967741935483871;1
168;91,7184984683806;58,0160939772786;0,967741935483871;1
169;86,3048768842514;33,1460130857806;0,967741935483871;1
170;92,1399010628171;69,2670881932377;0,967741935483871;1
171;88,5541409835637;25,9653848064525;0,967741935483871;1
172;94,0450849273869;83,0924016405096;0,967741935483871;1
173;86,6589522316019;29,9277952970747;0,967741935483871;1
174;89,3187047226469;35,1466292740943;0,967741935483871;1
175;88,0066091179608;30,8109505313636;0,967741935483871;1
176;89,4813387498631;71,3276619282602;0,967741935483871;1
177;87,8059789406618;44,295824893287;0,967741935483871;1
178;88,4004336163791;48,1963871318144;0,967741935483871;1
179;88,3976089956194;20,459848628588;0,967741935483871;1
180;88,9010762139847;27,5268511456469;0,967741935483871;1
181;77;17,3356345597697;0,483870967741936;0,516129032258065
182;90,1761353057857;27,4067581399106;0,967741935483871;1
183;87,4012795365861;21,3492919169626;0,967741935483871;1
184;87,6365030896562;38,1930252589195;0,967741935483871;1
185;88,5363430289646;37,8289171167838;0,967741935483871;1
186;89,4810169064116;57,3376248976848;0,967741935483871;1
187;88,5012481481542;13,4190794201327;0,967741935483871;1
188;94,7412612846994;101,202504540257;0,967741935483871;1
189;90,4271580683665;40,394582176596;0,967741935483871;1
190;92,8217291225595;56,8612622114864;0,967741935483871;1
191;87,2554096661894;44,5642528906881;0,967741935483871;1
192;86,3257778055685;30,441925771904;0,967741935483871;1
193;90,8526567594654;65,0282844256557;0,967741935483871;1
194;88,9871122123477;41,4399264299454;0,967741935483871;1
195;88,0966100258299;12,1980212404321;0,967741935483871;1
196;87,9915933996286;35,437610641965;0,967741935483871;1
197;93,3042724806299;48,3325737767195;0,967741935483871;1
198;89,7831190061038;59,0221096412944;0,967741935483871;1
199;91,5893569554497;76,0405277731877;0,967741935483871;1
200;88,3838689985368;25,042062376758;0,967741935483871;1
201;88,7961622339374;43,163869834689;0,967741935483871;1
202;89,0866580025239;41,430805435327;0,967741935483871;1
203;87,9204493765883;26,5515234306949;0,967741935483871;1
204;91,6296414243767;67,4900843566305;0,967741935483871;1
205;86,7453127745869;32,3761359201543;0,967741935483871;1
206;90,8612261466653;52,3778239983981;0,967741935483871;1
207;88,0009765001494;24,4248502053802;0,967741935483871;1
208;89,8819009729918;38,7852367521375;0,967741935483871;1
209;85,8788707656036;17,897236039916;0,967741935483871;1
210;90,6329277785293;73,4048729155056;0,967741935483871;1
211;86,9032745165081;43,2080420698203;0,967741935483871;1
212;86,206242018141;15,253855651402;0,967741935483871;1
213;89,9292985949241;62,3539628750684;0,967741935483871;1
214;87,0821891929178;22,0506494728593;0,967741935483871;1
215;86,3770963460339;32,4198284964082;0,967741935483871;1
216;89,1617392574187;31,1368856469789;0,967741935483871;1
217;90,6805018672924;49,425333591203;0,967741935483871;1
218;91,2943197542959;52,7224718815955;0,967741935483871;1
219;86,5928977075616;46,7228285540503;0,967741935483871;1
220;87,6248677824373;61,0149710408618;0,967741935483871;1
221;85,6343816979822;48,8977974767131;0,967741935483871;1
222;90,0867275141411;80,4311512974402;0,967741935483871;1
223;88,4593920482177;21,8890930669102;0,967741935483871;1
224;85,8021023290789;37,0934890007573;0,967741935483871;1
225;86,9001253056155;18,3126124883454;0,967741935483871;1
226;87,5206911395082;26,1205296454874;0,967741935483871;1
227;87,1590081864415;45,1669156132184;0,967741935483871;1
228;88,676302790712;43,5720444534391;0,967741935483871;1
229;90,2704860999395;38,9932470424762;0,967741935483871;1
230;91,0584345694971;76,9741181599222;0,967741935483871;1
231;85,6737146292266;26,347212475819;0,967741935483871;1
232;89,1664785157352;44,1689273334663;0,967741935483871;1
233;88,6603642296672;13,2701865405368;0,967741935483871;1
234;91,6917451532618;49,7106414568223;0,967741935483871;1
235;87,9824514599387;23,2880329579516;0,967741935483871;1
236;93,9615739186933;68,5468593295323;0,967741935483871;1
237;87,3208476520771;15,8816047190376;0,967741935483871;1
238;86,8531866087119;9,09390279701147;0,967741935483871;1
239;91,7093096809253;71,1329067001044;0,967741935483871;1
240;85,1287404447907;26,7638139858587;0,967741935483871;1
241;91,3151580120638;73,3714313340958;0,967741935483871;1
242;86,6281816275396;23,7079143974562;0,967741935483871;1
243;86,7124631158417;10,4558271604872;0,967741935483871;1
244;88,8700013989088;44,0695154585152;0,967741935483871;1
245;88,008376974657;38,5961811338247;0,967741935483871;1
246;88,5037095558041;15,2556218734363;0,967741935483871;1
247;91,6764749757012;77,8618633624869;0,967741935483871;1
248;91,1018762938004;50,9744122886005;0,967741935483871;1
249;88,6847279265547;35,4561728190241;0,967741935483871;1
250;77;22,6105305093399;0,483870967741936;0,516129032258065
251;88,3503867297405;42,8931987203267;0,967741935483871;1
252;88,1285190771887;43,1742144145435;0,967741935483871;1
253;91,0298217280013;71,792116384531;0,967741935483871;1
254;86,928637099704;23,5787974215367;0,967741935483871;1
255;91,2421245623176;81,911291120078;0,967741935483871;1
256;91,0783315188984;79,328161772285;0,967741935483871;1
257;88,8991108373463;22,2476057742268;0,967741935483871;1
258;89,6454058157369;52,583573469918;0,967741935483871;1
259;86,8673604034974;37,4020908432562;0,967741935483871;1
260;88,4115873748978;16,7771275598057;0,967741935483871;1
261;87,3749991211014;44,725068055196;0,967741935483871;1
262;85,425010524763;55,3905190624262;0,967741935483871;1
263;88,4350417202451;73,5619752311938;0,967741935483871;1
264;88,6941374018317;29,1950772236245;0,967741935483871;1
265;89,9594078852802;35,3841518442827;0,967741935483871;1
266;89,2823682728685;46,3703076094679;0,967741935483871;1
267;87,6003240841384;44,1843806846839;0,967741935483871;1
268;88,1504656880359;26,310554658617;0,967741935483871;1
269;88,3975681393807;70,7642230013056;0,967741935483871;1
270;88,1831238354305;71,0265413864801;0,967741935483871;1
271;86,4587144147533;21,4870334935921;0,967741935483871;1
272;87,2432229938857;39,0420342629395;0,967741935483871;1
273;88,5332503669869;44,6457535494499;0,967741935483871;1
274;88,8979630333587;35,0842397788729;0,967741935483871;1
275;89,5023977883158;50,9504529884878;0,967741935483871;1
276;92,6682524121719;44,8191822717266;0,967741935483871;1
277;87,108737591556;46,5117248350011;0,967741935483871;1
278;97,6017991288469;88,1092765043042;0,967741935483871;1
279;90,8484502150769;59,3734581312488;0,967741935483871;1
280;88,5706950317135;41,1417141270463;0,967741935483871;1
281;90,5377494366437;39,0885365157991;0,967741935483871;1
282;87,4322629615467;30,6810393902019;0,967741935483871;1
283;87,979686334564;48,5081759295114;0,967741935483871;1
284;91,1315113110377;81,4426518135689;0,967741935483871;1
285;92,883474703062;59,6110692420158;0,967741935483871;1
286;86,4275340666763;57,7406457352642;0,967741935483871;1
287;89,1397903036058;47,7083897540596;0,967741935483871;1
288;96,6012455038173;81,2953694440637;0,967741935483871;1
289;88,209973303291;52,4877341819197;0,967741935483871;1
290;89,1602392461927;51,8916871903208;0,967741935483871;1
291;87,3765834993859;19,9484135825976;0,967741935483871;1
292;88,1326806371232;37,3364512903646;0,967741935483871;1
293;86,8956672838744;36,3619161753836;0,967741935483871;1
294;89,5556305460505;57,4379553566354;0,967741935483871;1
295;85,561183808546;20,9206162760244;0,967741935483871;1
296;87,4637133153065;25,9968756607215;0,967741935483871;1
297;93,7484937897517;91,4104260908838;0,967741935483871;1
298;88,9344335311435;49,5332548242863;0,967741935483871;1
299;86,4642576283055;17,7551710466676;0,967741935483871;1
300;88,3495207533854;25,2440588441044;0,967741935483871;1
301;85,209495793626;42,1421356389593;0,967741935483871;1
302;88,414312679976;47,0798020728998;0,967741935483871;1
303;90,4580833647255;81,4160599992993;0,967741935483871;1
304;86,5872448012478;9,6008859892913;0,967741935483871;1
305;90,7764988578974;39,7054420187488;0,967741935483871;1
306;89,8981828513031;31,5743480301365;0,967741935483871;1
307;89,7810124873669;64,009108083073;0,967741935483871;1
308;84,2189328442883;40,4369072934623;0,967741935483871;1
309;93,8383373937172;51,8295860386875;0,967741935483871;1
310;86,2017389415328;40,0541299744166;0,967741935483871;1
311;91,3029362539849;78,574786140914;0,967741935483871;1
312;90,6643252531991;66,2341220389817;0,967741935483871;1
313;85,9253308208181;44,9693729826642;0,967741935483871;1
314;89,7971108668471;40,7368033176205;0,967741935483871;1
315;89,941118302656;65,4656737316358;0,967741935483871;1
316;90,5792015371361;55,242004072588;0,967741935483871;1
317;88,0049166944662;58,93783874522;0,967741935483871;1
318;87,104697396804;19,8898063969907;0,967741935483871;1
319;90,50616893955;66,2293433493825;0,967741935483871;1
320;87,8801289437474;24,4269167289618;0,967741935483871;1
321;89,9827651593874;79,4630773949953;0,967741935483871;1
322;88,5810417092673;21,8706041281797;0,967741935483871;1
323;87,8733304504021;30,3080100349156;0,967741935483871;1
324;85,7344024375246;29,6033801342165;0,967741935483871;1
325;92,4225030356692;45,1650346199367;0,967741935483871;1
326;90,081301510987;43,5061473896685;0,967741935483871;1
327;89,9599330877271;22,3894133342254;0,967741935483871;1
328;86,2217213526763;45,8794802904167;0,967741935483871;1
329;87,4949510028701;15,5351857878508;0,967741935483871;1
330;94,5864701581213;86,8566837525051;0,967741935483871;1
331;89,6915199327193;60,52137825654;0,967741935483871;1
332;90,6077626079056;62,269189964306;0,967741935483871;1
333;88,7923739428797;34,2057709128987;0,967741935483871;1
334;87,1371318567631;53,8191756529085;0,967741935483871;1
335;87,6823081510627;35,9570998175686;0,967741935483871;1
336;88,3897150185565;45,3955024548817;0,967741935483871;1
337;87,9956614933567;38,7269274003712;0,967741935483871;1
338;87,3538260637134;20,5213275417381;0,967741935483871;1
339;88,3412434375961;39,2043951258838;0,967741935483871;1
340;95,5518309896825;79,1173267188308;0,967741935483871;1
341;90,3405788555971;49,1428772680826;0,967741935483871;1
342;88,774112887349;38,3675066526365;0,967741935483871;1
343;88,5004296019236;72,8723508312302;0,967741935483871;1
344;89,7094751208148;48,7908504600193;0,967741935483871;1
345;86,6193445664058;56,482826581979;0,967741935483871;1
346;90,3997977949096;37,5210925869168;0,967741935483871;1
347;89,008962323875;64,6774156328259;0,967741935483871;1
348;89,5418656801078;18,256100968444;0,967741935483871;1
349;89,2657924236963;42,0312708552298;0,967741935483871;1
350;88,540699419232;57,5586364794025;0,967741935483871;1
351;87,5353555338538;31,4675559590538;0,967741935483871;1
352;88,8242491133886;31,4905022690785;0,967741935483871;1
353;86,1058689426708;47,3519182635385;0,967741935483871;1
354;87,8223341164291;50,3499888184629;0,967741935483871;1
355;88,4380951091488;72,2591528405289;0,967741935483871;1
356;87,6822642064059;36,2711877153937;0,967741935483871;1
357;89,0190923185743;42,4568062310137;0,967741935483871;1
358;90,7080982463694;33,2384432572492;0,967741935483871;1
359;87,4555521944342;20,1277566192818;0,967741935483871;1
360;87,177126643804;46,109557828658;0,967741935483871;1
361;91,8832850393765;55,428146314647;0,967741935483871;1
362;87,3529684408698;17,6602859605551;0,967741935483871;1
363;92,2155218748728;72,8005938484917;0,967741935483871;1
364;90,4591027727117;34,0875446177049;0,967741935483871;1
365;87,5142030960742;48,8556066165338;0,967741935483871;1
366;85,921362033919;30,524761182032;0,967741935483871;1
367;85,646137288011;39,7674216969684;0,967741935483871;1
368;88,1194496793437;35,9188330288761;0,967741935483871;1
369;90,2712753714414;48,5761591532413;0,967741935483871;1
370;86,621334850082;62,1687384271242;0,967741935483871;1
371;89,9607670104322;75,9708773029436;0,967741935483871;1
372;89,9590606343771;40,5158430858498;0,967741935483871;1
373;88,1008281235716;51,0650521018738;0,967741935483871;1
374;87,1741055486529;17,388357393348;0,967741935483871;1
375;88,0552635102657;74,7329697589309;0,967741935483871;1
376;85,7745353677477;25,8642249138035;0,967741935483871;1
377;91,1827826595114;75,0052991449113;0,967741935483871;1
378;90,9965573258541;33,9478417861449;0,967741935483871;1
379;90,7993385745206;39,7608523926366;0,967741935483871;1
380;87,5042619384325;46,3404513444249;0,967741935483871;1
381;77;12,3958177899756;0,580645161290323;0,612903225806452
382;88,4839266305156;58,1083402557831;0,967741935483871;1
383;88,7587359312804;31,7818987885183;0,967741935483871;1
384;85,8262665785364;31,6704184283332;0,967741935483871;1
385;87,0279198566713;34,3779633591474;0,967741935483871;1
386;92,8398337484579;70,2443554104461;0,967741935483871;1
387;88,1274499899382;18,3849725486935;0,967741935483871;1
388;89,5597872526178;23,3447191532022;0,967741935483871;1
389;90,4722499408176;52,3102933203576;0,967741935483871;1
390;90,6756334061281;50,002133980904;0,967741935483871;1
391;87,3889937428555;40,1909131198539;0,967741935483871;1
392;90,0383957197282;43,1615202703693;0,967741935483871;1
393;86,051334462883;18,9151236162103;0,967741935483871;1
394;88,6476745999245;30,6756204431074;0,967741935483871;1
395;85,7936254341545;26,9909954122177;0,967741935483871;1
396;87,670335529487;41,5613106469912;0,967741935483871;1
397;91,1793403253061;85,7061949532232;0,967741935483871;1
398;86,9549271586921;34,0464213605066;0,967741935483871;1
399;86,090055211994;20,7440516462873;0,967741935483871;1
400;93,1456146190034;39,065019099861;0,967741935483871;1
401;90,4554779935157;71,4239274336117;0,967741935483871;1
402;88,2565395771461;48,592295141722;0,967741935483871;1
403;90,7622121803247;15,7947630278828;0,967741935483871;1
404;86,4526948432977;12,2731030726089;0,967741935483871;1
405;91,00665278407;72,8393574157761;0,967741935483871;1
406;90,1790741957573;37,3243457064598;0,967741935483871;1
407;90,1795497564872;39,3116576361082;0,967741935483871;1
408;91,1413561199896;49,143785277495;0,967741935483871;1
409;85,9818630499493;48,7018796745294;0,967741935483871;1
410;86,7912725657227;36,2022514687655;0,967741935483871;1
411;86,1668010261716;22,1466189203052;0,967741935483871;1
412;92,4794482639481;67,5610922318496;0,967741935483871;1
413;91,3196474175451;47,6248766931212;0,967741935483871;1
414;89,5406832739979;34,7495320907127;0,967741935483871;1
415;94,5685495702285;83,7669840090848;0,967741935483871;1
416;88,0838426952505;29,3056828708672;0,967741935483871;1
417;90,0038743977088;54,9469812048387;0,967741935483871;1
418;87,8811603507005;31,3757189135018;0,967741935483871;1
419;89,7765908393754;27,8469750409568;0,967741935483871;1
420;86,7131142630847;23,9043137840459;0,967741935483871;1
421;88,9930218847196;53,2114875867703;0,967741935483871;1
422;87,2844000401598;22,8124314556468;0,967741935483871;1
423;91,7786869724909;54,540542000124;0,967741935483871;1
424;90,8127933164227;53,0693964179961;0,967741935483871;1
425;86,8879801868794;36,6590873500051;0,967741935483871;1
426;87,438907118807;51,6381841259387;0,967741935483871;1
427;87,2281932480462;37,9440960762199;0,967741935483871;1
428;77;13,6135771285362;0,483870967741936;0,516129032258065
429;77;18,844584752064;0,580645161290323;0,612903225806452
430;87,5902999445796;15,0714081648291;0,967741935483871;1
431;91,3961701048971;42,8096326928947;0,967741935483871;1
432;87,799280331849;48,0680758148629;0,967741935483871;1
433;89,1803460570566;35,7133406731757;0,967741935483871;1
434;86,1230400229523;40,872674242064;0,967741935483871;1
435;89,6271493810744;43,3100341531615;0,967741935483871;1
436;89,3833219617357;58,1729220676461;0,967741935483871;1
437;85,9394044299464;29,2368611145813;0,967741935483871;1
438;88,4960171221749;49,0628873330741;0,967741935483871;1
439;89,5598695010688;27,2670684672139;0,967741935483871;1
440;90,3212516142524;23,7775476818919;0,967741935483871;1
441;86,3825457699958;23,5791675109998;0,967741935483871;1
442;89,0296420295171;50,1874410056609;0,967741935483871;1
443;89,0928546898964;52,2233446369732;0,967741935483871;1
444;86,4244138388653;25,341192028813;0,967741935483871;1
445;86,8558171429406;35,9824783087551;0,967741935483871;1
446;87,451307122907;34,2517856776625;0,967741935483871;1
447;88,1041191402516;59,3161725843654;0,967741935483871;1
448;89,0926194871767;18,4391477966209;0,967741935483871;1
449;84,6707370382774;30,0105236979621;0,967741935483871;1
450;88,7925325282987;48,5815968340828;0,967741935483871;1
451;87,9751343085358;24,0209551607423;0,967741935483871;1
452;87,2748179085579;20,4288345385736;0,967741935483871;1
453;90,3115005173462;27,111783050129;0,967741935483871;1
454;88,7120653672569;60,4098879802972;0,967741935483871;1
455;90,5054823034278;55,1112395745913;0,967741935483871;1
456;88,4029367751764;38,6613004195657;0,967741935483871;1
457;92,8326353831598;71,6160265685697;0,967741935483871;1
458;87,120674953696;26,6251084856863;0,967741935483871;1
459;88,6030590795838;13,4648367939379;0,967741935483871;1
460;87,0597457785995;43,8816133957434;0,967741935483871;1
461;90,0011221007899;74,9993357242063;0,967741935483871;1
462;86,8906037100232;28,5506226514918;0,967741935483871;1
463;91,8202812643958;42,3809279610292;0,967741935483871;1
464;92,05294406827;57,0779873295437;0,967741935483871;1
465;88,1633732167127;32,7281261536564;0,967741935483871;1
466;86,9360637024623;23,7782129945817;0,967741935483871;1
467;89,5359670270837;26,9606291733054;0,967741935483871;1
468;94,3043109501254;53,7681883022178;0,967741935483871;1
469;88,0944307707439;62,9450060517719;0,967741935483871;1
470;86,8628465430592;25,2049238294866;0,967741935483871;1
471;87,3586430969327;47,3143978646635;0,967741935483871;1
472;92,9049405632208;55,9262146953191;0,967741935483871;1
473;87,4254093639162;44,1900161670084;0,967741935483871;1
474;88,6795247146912;30,0582654392838;0,967741935483871;1
475;91,2844911994761;39,7596847271544;0,967741935483871;1
476;85,0676182921591;37,1913907754696;0,967741935483871;1
477;90,3228808025752;53,3227700125822;0,967741935483871;1
478;88,3840731498218;24,9055111843736;0,967741935483871;1
479;88,9590842863391;71,5286732485228;0,967741935483871;1
480;89,3128473910322;62,7188293412979;0,967741935483871;1
481;88,47498758133;33,5919114733949;0,967741935483871;1
482;88,2213249988794;64,6121592469763;0,967741935483871;1
483;88,253688220305;47,4947732814944;0,967741935483871;1
484;88,0438748037558;23,0156229887364;0,967741935483871;1
485;87,779420022612;47,9638527661904;0,967741935483871;1
486;89,4144873855394;66,5284923701935;0,967741935483871;1
487;88,3983192078089;48,8505935285698;0,967741935483871;1
488;85,5403445055821;37,804463243078;0,967741935483871;1
489;77;11,4874862906349;0,483870967741936;0,516129032258065
490;91,5531199391432;52,3251820282349;0,967741935483871;1
491;88,8221390195276;45,7698501822395;0,967741935483871;1
492;89,7040020451606;20,3516526184915;0,967741935483871;1
493;87,307509321154;22,8911528297863;0,967741935483871;1
494;89,827509841317;53,6972200997399;0,967741935483871;1
495;90,5818192544301;35,7184187572329;0,967741935483871;1
496;88,8378980106475;28,5480053536455;0,967741935483871;1
497;88,0611753889091;29,4209078908313;0,967741935483871;1
498;85,969138777725;30,0001583258276;0,967741935483871;1
499;91,9849850191864;63,9406126025607;0,967741935483871;1
500;85,8999530015597;20,2091045738336;0,967741935483871;1
501;92,1406645203089;63,6237868817512;0,967741935483871;1
502;85,9428350607799;27,0758889735837;0,967741935483871;1
503;88,967968662902;36,817908318096;0,967741935483871;1
504;87,5637857841623;32,6951958807071;0,967741935483871;1
505;89,1095642178869;34,5295176929044;0,967741935483871;1
506;86,7114094210957;37,2208929776757;0,967741935483871;1
507;87,4292177758166;65,5322061235352;0,967741935483871;1
508;89,7216689506287;70,7028898977331;0,967741935483871;1
509;86,6648526494619;27,3863084088928;0,967741935483871;1
510;90,1594372823028;79,7607289017078;0,967741935483871;1
511;90,370722851747;43,5052446150437;0,967741935483871;1
512;91,4613502778471;34,239580839267;0,967741935483871;1
513;88,2624967605563;52,969446518261;0,967741935483871;1
514;89,520911813058;37,761528898268;0,967741935483871;1
515;88,2011016112691;44,2286495785429;0,967741935483871;1
516;92,0205247765948;54,5539122971513;0,967741935483871;1
517;88,5452257297765;39,7094870688194;0,967741935483871;1
518;86,3702263525019;42,4483109954255;0,967741935483871;1
519;90,060484246439;32,3525782045259;0,967741935483871;1
520;85,5240574676269;35,4255012849628;0,967741935483871;1
521;92,5628362503109;51,9940106879607;0,967741935483871;1
522;77;8,4318039112471;0,580645161290323;0,612903225806452
523;88,3520890621493;35,0777955843526;0,967741935483871;1
524;89,5973833164649;35,9877841921993;0,967741935483871;1
525;88,1492950393601;44,1178851160773;0,967741935483871;1
526;91,6646119335004;64,1674779978965;0,967741935483871;1
527;94,9217508775822;87,130471856623;0,967741935483871;1
528;88,2638695806239;68,6900211155868;0,967741935483871;1
529;86,5646591863071;22,0965538991773;0,967741935483871;1
530;90,627202578185;82,8444812011846;0,967741935483871;1
531;87,8147706579773;36,3392514934656;0,967741935483871;1
532;89,3112817505199;38,011108212964;0,967741935483871;1
533;89,3772086460674;42,1100370385042;0,967741935483871;1
534;85,4467856808116;25,7789298415595;0,967741935483871;1
535;85,5335527380799;27,1492780139394;0,967741935483871;1
536;88,0413219497024;42,3539255686795;0,967741935483871;1
537;89,2298650608403;65,7299910576626;0,967741935483871;1
538;89,6085174337062;40,3499830118783;0,967741935483871;1
539;77;12,5303933551735;0,580645161290323;0,612903225806452
540;88,12562374282;54,1485635981349;0,967741935483871;1
541;89,2507217491157;22,8041866995995;0,967741935483871;1
542;86,3477965423442;40,6163307090315;0,967741935483871;1
543;86,4420513617175;15,3478774651214;0,967741935483871;1
544;87,6586416824299;26,245266396589;0,967741935483871;1
545;90,6547604152937;35,0864156363366;0,967741935483871;1
546;77;11,3340599337813;0,483870967741936;0,516129032258065
547;89,6889975861665;53,9947008199328;0,967741935483871;1
548;87,3430003580756;53,0892780437092;0,967741935483871;1
549;77;29,3543107000107;0,580645161290323;0,612903225806452
550;88,7016531622418;33,2984593698624;0,967741935483871;1
551;96,7419727152565;113,591195789943;0,967741935483871;1
552;88,8827658556649;16,0338595043858;0,967741935483871;1
553;89,92273958855;67,9871525333357;0,967741935483871;1
554;93,3605144483188;49,2168027547123;0,967741935483871;1
555;89,4722698725578;43,7235533128874;0,967741935483871;1
556;88,7244418158195;27,1815950239862;0,967741935483871;1
557;89,6506839725153;44,1090550491151;0,967741935483871;1
558;86,9217441896803;26,4895053497164;0,967741935483871;1
559;90,9699701891551;69,5606912310879;0,967741935483871;1
560;86,5756916072674;47,1757850379197;0,967741935483871;1
561;86,854536138718;30,9837345327307;0,967741935483871;1
562;88,6043190848006;25,4133002513982;0,967741935483871;1
563;87,2694200342355;34,7806807702795;0,967741935483871;1
564;77;18,3206040055092;0,580645161290323;0,612903225806452
565;91,6064395172553;55,8642562114656;0,967741935483871;1
566;91,0655800980734;35,5958773162224;0,967741935483871;1
567;88,9782720549044;74,4079873037247;0,967741935483871;1
568;86,8478023757879;19,1586165453002;0,967741935483871;1
569;86,0009927533069;24,6251393553518;0,967741935483871;1
570;92,9028315617242;86,9556707509243;0,967741935483871;1
571;88,2582599611101;52,9610714715509;0,967741935483871;1
572;77;17,4225605986045;0,483870967741936;0,516129032258065
573;89,9588177932829;55,6834976437259;0,967741935483871;1
574;87,4985739106622;30,7824852635235;0,967741935483871;1
575;89,1285243252668;36,9606260219779;0,967741935483871;1
576;88,8168086062247;32,3471508283541;0,967741935483871;1
577;87,9651298718242;63,0406343902908;0,967741935483871;1
578;89,8596818814566;61,1473154579339;0,967741935483871;1
579;89,2335993964962;83,5190241128206;0,967741935483871;1
580;90,7892088712631;56,6295506734217;0,967741935483871;1
581;88,017302694602;36,2667732819999;0,967741935483871;1
582;91,324061878204;64,5959794386033;0,967741935483871;1
583;93,9492851763019;73,2039532706526;0,967741935483871;1
584;86,9745992167083;31,9709811395081;0,967741935483871;1
585;87,0923227442537;26,9237757305696;0,967741935483871;1
586;88,7393196075307;68,8830584278897;0,967741935483871;1
587;88,2297366774299;23,0698922566444;0,967741935483871;1
588;89,0560762857327;51,8627081214777;0,967741935483871;1
589;86,7528690396032;47,9535827379005;0,967741935483871;1
590;88,281881436281;42,0031403508679;0,967741935483871;1
591;89,0074241400547;40,1933086552337;0,967741935483871;1
592;88,2276029760188;52,8751957473969;0,967741935483871;1
593;90,0681545630628;37,5899832322149;0,967741935483871;1
594;77;11,7332842021847;0,483870967741936;0,516129032258065
595;91,3479370396942;83,8767975872837;0,967741935483871;1
596;87,6289991901056;53,3213291607929;0,967741935483871;1
597;88,6161186402364;58,0509508110438;0,967741935483871;1
598;91,0501846151359;32,8471680274571;0,967741935483871;1
599;87,9966090992623;27,8382681149794;0,967741935483871;1
600;88,128630663453;51,3644627723152;0,967741935483871;1
601;86,5525906063192;45,7925647051831;0,967741935483871;1
602;87,0605552970714;20,3175323741248;0,967741935483871;1
603;87,5694569968536;50,4993951430429;0,967741935483871;1
604;94,2699011237806;67,4145932317113;0,967741935483871;1
605;77;21,1380807344578;0,580645161290323;0,612903225806452
606;89,9095271120511;37,0426399935486;0,967741935483871;1
607;89,1506697882674;33,0160495123911;0,967741935483871;1
608;90,0935527350005;39,3870413851341;0,967741935483871;1
609;88,1811388100488;32,2361426681149;0,967741935483871;1
610;86,4150505521499;14,6699802340986;0,967741935483871;1
611;86,9454420220365;23,7009487082781;0,967741935483871;1
612;87,974428238041;59,6438351408376;0,967741935483871;1
613;92,0337416150354;80,1944717930625;0,967741935483871;1
614;88,2094069674057;55,9473309282014;0,967741935483871;1
615;89,9351851155545;24,1238704741025;0,967741935483871;1
616;90,1336627654692;39,6240261539482;0,967741935483871;1
617;88,8950838599691;42,2737354759637;0,967741935483871;1
618;88,3316762607164;13,7422898813234;0,967741935483871;1
619;89,0012599964959;50,3898719176035;0,967741935483871;1
620;77;15,5116756869371;0,483870967741936;0,516129032258065
621;77;12,2862830400768;0,580645161290323;0,612903225806452
622;89,136427678847;31,9769570940003;0,967741935483871;1
623;88,271736055646;45,6327822209079;0,967741935483871;1
624;86,2316306886951;35,5302058093136;0,967741935483871;1
625;87,8062769973685;29,8262097612895;0,967741935483871;1
626;89,4916554782354;35,0474752723259;0,967741935483871;1
627;88,5053236474571;18,6077811530712;0,967741935483871;1
628;93,0966507087101;80,6947541419995;0,967741935483871;1
629;77;21,4937147393077;0,580645161290323;0,612903225806452
630;86,3630514736159;51,1355369344738;0,967741935483871;1
631;90,5975760731735;71,1689427623141;0,967741935483871;1
632;89,442691173374;25,7681443211504;0,967741935483871;1
633;87,5660389928139;24,5323145867838;0,967741935483871;1
634;88,3198475799071;47,1431457000604;0,967741935483871;1
635;88,5770472520421;58,7787909358152;0,967741935483871;1
636;89,4716866535005;26,8929500722122;0,967741935483871;1
637;88,9952746727853;59,4231841299755;0,967741935483871;1
638;88,6363637336938;52,6961066072078;0,967741935483871;1
639;77;12,449336607234;0,580645161290323;0,612903225806452
640;87,9343491745698;32,040588543683;0,967741935483871;1
641;77;9,09480888561164;0,483870967741936;0,516129032258065
642;91,8201193872396;68,1673472220353;0,967741935483871;1
643;92,3251382945262;44,7061308030322;0,967741935483871;1
644;88,9363295185961;47,4531024662458;0,967741935483871;1
645;89,2573728678924;31,0743639550017;0,967741935483871;1
646;87,3527039583136;32,5779483935101;0,967741935483871;1
647;87,0820506069868;30,771884118799;0,967741935483871;1
648;89,8919168407715;43,9615467863764;0,967741935483871;1
649;89,9997915968969;41,6917034630421;0,967741935483871;1
650;89,1440042788683;54,9218113914696;0,967741935483871;1
651;93,5781348955083;108,384612764096;0,967741935483871;1
652;87,7864140172383;15,3124128758508;0,967741935483871;1
653;87,5335651770411;40,7858852797076;0,967741935483871;1
654;93,5775691367337;85,7060908347683;0,967741935483871;1
655;88,7721599432697;18,6917568841686;0,967741935483871;1
656;88,4631454184286;51,1873738438272;0,967741935483871;1
657;88,0586702487402;48,4977102482691;0,967741935483871;1
658;88,3927801134338;20,6546167856635;0,967741935483871;1
659;93,379868217598;87,6456509338291;0,967741935483871;1
660;89,8924991633223;18,2058659373205;0,967741935483871;1
661;87,2474509537199;23,076575800981;0,967741935483871;1
662;89,2282738086398;28,1976501411476;0,967741935483871;1
663;90,2131566715385;82,4791849712515;0,967741935483871;1
664;84,2663489048257;52,5120587455117;0,967741935483871;1
665;88,6850360857232;58,7650894212407;0,967741935483871;1
666;86,9162522175538;21,5804426103269;0,967741935483871;1
667;91,1418006662294;71,8519151734346;0,967741935483871;1
668;88,0115151267599;21,8806027797878;0,967741935483871;1
669;91,5151804975309;69,5020463149729;0,967741935483871;1
670;87,227257432277;25,5192918076985;0,967741935483871;1
671;89,7733923498781;59,0340899918051;0,967741935483871;1
672;88,3137704245531;29,7821223811043;0,967741935483871;1
673;86,825480290741;50,0199534509522;0,967741935483871;1
674;88,3351605125721;43,9104802389154;0,967741935483871;1
675;86,6585361525976;57,7574752951639;0,967741935483871;1
676;86,2713473682062;18,5336280131427;0,967741935483871;1
677;88,0784903987452;47,0479567959632;0,967741935483871;1
678;88,5465857342329;30,0116643610645;0,967741935483871;1
679;87,6062296401336;47,8020310516729;0,967741935483871;1
680;89,6200953344709;39,9215466530836;0,967741935483871;1
681;92,250644296275;79,8566782826409;0,967741935483871;1
682;87,2466769425152;39,2245902455548;0,967741935483871;1
683;94,2219480544874;84,7473091376451;0,967741935483871;1
684;86,7170929611188;31,7965390434574;0,967741935483871;1
685;88,7228782759534;37,549593967749;0,967741935483871;1
686;90,0428044774281;97,3487398634724;0,967741935483871;1
687;85,1893788194299;48,3572327548706;0,967741935483871;1
688;87,7611633950933;68,7809825341762;0,967741935483871;1
689;90,5807673230935;35,7140465942844;0,967741935483871;1
690;92,1386301491644;47,5152737145454;0,967741935483871;1
691;90,2163070213082;30,4873203795135;0,967741935483871;1
692;89,308546652585;40,4802981733116;0,967741935483871;1
693;86,4387727710775;24,1033385649307;0,967741935483871;1
694;90,6996666190808;66,2978768372216;0,967741935483871;1
695;89,7344026321417;25,5077729095622;0,967741935483871;1
696;89,6528633700544;48,381435658739;0,967741935483871;1
697;88,830809654803;48,2541396141246;0,967741935483871;1
698;87,0896017929502;17,8332925169532;0,967741935483871;1
699;90,8097221918077;42,4220235039794;0,967741935483871;1
700;87,1465904151008;42,596246360084;0,967741935483871;1
701;87,5196304176147;28,7457653878579;0,967741935483871;1
702;88,2924142206009;81,3798487973212;0,967741935483871;1
703;89,5581279271633;52,2511490342126;0,967741935483871;1
704;90,6550682031506;56,7609530724478;0,967741935483871;1
705;77;15,2804024143342;0,580645161290323;0,612903225806452
706;89,1153730228095;80,5850509596656;0,967741935483871;1
707;88,1899379305357;27,4069716312659;0,967741935483871;1
708;91,1436793346631;61,3831773907124;0,967741935483871;1
709;89,9634028896394;49,3594073803157;0,967741935483871;1
710;90,7250087138152;28,9623836566546;0,967741935483871;1
711;87,9463682345673;30,982611257973;0,967741935483871;1
712;90,2780251321042;84,8315408369341;0,967741935483871;1
713;88,532932732978;45,2337137281509;0,967741935483871;1
714;88,2104230430004;47,6010151655341;0,967741935483871;1
715;87,4200155131634;25,579008395762;0,967741935483871;1
716;87,2767279196489;33,494310119384;0,967741935483871;1
717;87,3624881379181;27,0434510770163;0,967741935483871;1
718;92,1459290541475;35,0278937094902;0,967741935483871;1
719;89,7099813487749;26,139490211453;0,967741935483871;1
720;88,5352924686008;18,1730343976514;0,967741935483871;1
721;77;21,4397909876932;0,580645161290323;0,612903225806452
722;88,3191366147061;39,0521908030837;0,967741935483871;1
723;87,7864617642033;39,5857576879294;0,967741935483871;1
724;86,9863250097488;13,2589813617657;0,967741935483871;1
725;92,1808347525782;56,9007804360826;0,967741935483871;1
726;87,4116697066359;27,3648523109663;0,967741935483871;1
727;89,2264443696981;29,8596902768696;0,967741935483871;1
728;85,9916118587656;19,3941955962384;0,967741935483871;1
729;88,7715819336095;69,7799885184346;0,967741935483871;1
730;88,0182546857577;48,8022799410731;0,967741935483871;1
731;89,3564367038902;41,6540300172843;0,967741935483871;1
732;89,1873364150561;31,8911868797463;0,967741935483871;1
733;88,9071776095232;34,4551601234352;0,967741935483871;1
734;90,8654819949021;47,0656826113434;0,967741935483871;1
735;86,2235724230888;38,0084559471717;0,967741935483871;1
736;89,5400036149435;38,0531628772511;0,967741935483871;1
737;88,0970466844229;42,6630077681965;0,967741935483871;1
738;87,1121090701501;27,6246787960604;0,967741935483871;1
739;88,8109204329974;38,8643043967788;0,967741935483871;1
740;86,0258685696049;34,7706940990142;0,967741935483871;1
741;89,5840409558982;68,4494803724443;0,967741935483871;1
742;88,5993863563654;25,4935614084935;0,967741935483871;1
743;89,4323617560493;43,1074849845853;0,967741935483871;1
744;90,1273601491027;58,2259269654988;0,967741935483871;1
745;89,0574154603598;56,3685222046636;0,967741935483871;1
746;88,9189197803476;20,8323580180907;0,967741935483871;1
747;86,6335042749789;13,8519473708293;0,967741935483871;1
748;92,2150916536624;59,9629851413582;0,967741935483871;1
749;87,2989280367312;42,3666445097336;0,967741935483871;1
750;88,042102537888;13,4393901548415;0,967741935483871;1
751;87,2628508698691;33,7017353298188;0,967741935483871;1
752;88,5413998376468;17,3469041660956;0,967741935483871;1
753;86,969556882549;21,7997861663854;0,967741935483871;1
754;89,0710196827488;16,1689927988397;0,967741935483871;1
755;86,5191995775405;31,6458873085931;0,967741935483871;1
756;90,0875217444652;32,4803337815754;0,967741935483871;1
757;88,2400012594725;45,3636763810789;0,967741935483871;1
758;89,467413899314;40,0022105772334;0,967741935483871;1
759;90,5908000290064;55,4048973854708;0,967741935483871;1
760;86,7139931866759;23,2883305292687;0,967741935483871;1
761;90,960300912291;86,7954917358156;0,967741935483871;1
762;77;11,2503733909918;0,483870967741936;0,516129032258065
763;87,4639579549273;30,0930692941412;0,967741935483871;1
764;91,9243232832438;77,7390894140337;0,967741935483871;1
765;86,910772144207;24,1883870608376;0,967741935483871;1
766;88,4973393372002;58,3127658049158;0,967741935483871;1
767;86,5884590462214;21,3460649633493;0,967741935483871;1
768;87,0546513931468;18,7890242459912;0,967741935483871;1
769;90,111526954112;46,7010946831943;0,967741935483871;1
770;86,2617418398702;36,4140139603746;0,967741935483871;1
771;88,3313388463275;35,9064581926812;0,967741935483871;1
772;88,7898398369042;29,9247860084822;0,967741935483871;1
773;89,0778421377511;36,1123359795947;0,967741935483871;1
774;91,66620011989;60,2839715489388;0,967741935483871;1
775;88,3676214630117;54,1412811126307;0,967741935483871;1
776;89,0592626235662;38,5458844049906;0,967741935483871;1
777;89,7134785675374;43,2141781452273;0,967741935483871;1
778;91,7149276486136;65,6970507761496;0,967741935483871;1
779;88,6165451508147;32,7167940292878;0,967741935483871;1
780;90,0350313260035;37,5090725522615;0,967741935483871;1
781;89,6447524779567;37,1577044641787;0,967741935483871;1
782;92,6082428235248;67,6247999640468;0,967741935483871;1
783;90,7040613724408;69,0516071864377;0,967741935483871;1
784;87,8716228561696;37,7869219809718;0,967741935483871;1
785;90,6254317620127;56,1505985786726;0,967741935483871;1
786;86,7248476586657;34,9204676026244;0,967741935483871;1
787;88,4361381171684;61,0737959658414;0,967741935483871;1
788;90,9003307479725;95,8006076669084;0,967741935483871;1
789;93,5678072586723;66,5412828926387;0,967741935483871;1
790;88,0216315062847;30,1709072623788;0,967741935483871;1
791;87,569595659308;51,0060001380713;0,967741935483871;1
792;93,6383711301783;57,164090568109;0,967741935483871;1
793;87,8956960720912;12,3447639414965;0,967741935483871;1
794;88,0460864188882;35,4141502478244;0,967741935483871;1
795;89,4662885387923;16,0988579068339;0,967741935483871;1
796;86,9159826224804;23,9259126237915;0,967741935483871;1
797;88,8374829336878;35,2394945852935;0,967741935483871;1
798;90,8236089506939;72,8532702235058;0,967741935483871;1
799;92,7744652830022;55,5809332742807;0,967741935483871;1
800;87,7176172347583;23,4874571098188;0,967741935483871;1
801;89,3742054525387;42,2657645952182;0,967741935483871;1
802;86,386260573443;47,3395770948183;0,967741935483871;1
803;87,3556031374027;25,1174075957351;0,967741935483871;1
804;88,1496478607807;44,9835127688267;0,967741935483871;1
805;90,2962009359794;63,8341641435047;0,967741935483871;1
806;88,5971543443346;40,2162501078165;0,967741935483871;1
807;87,5018113527812;46,2667520582248;0,967741935483871;1
808;85,2059936646054;48,6614011554538;0,967741935483871;1
809;88,2149032636975;35,955018448432;0,967741935483871;1
810;88,9964594490787;38,0008079206836;0,967741935483871;1
811;86,4810483383482;42,1422872955148;0,967741935483871;1
812;87,8819627135495;47,9591216012957;0,967741935483871;1
813;93,375458402236;72,1744991114745;0,967741935483871;1
814;87,7309632783815;39,7290428670674;0,967741935483871;1
815;87,7261523277813;39,2583385965277;0,967741935483871;1
816;87,9468470457235;12,2712112866746;0,967741935483871;1
817;89,6588330438379;76,7861742749903;0,967741935483871;1
818;89,7826668059074;39,5068848324643;0,967741935483871;1
819;85,950311367676;45,7564849510342;0,967741935483871;1
820;77;9,60803822611923;0,387096774193548;0,419354838709677
821;87,2519486831072;47,0869062538048;0,967741935483871;1
822;90,3764660108501;46,9953372629479;0,967741935483871;1
823;90,0100348621015;70,947074681119;0,967741935483871;1
824;85,9977686216869;53,4442106277145;0,967741935483871;1
825;86,9668109510836;39,2436108579647;0,967741935483871;1
826;90,0097051356693;35,5638985037304;0,967741935483871;1
827;89,8272795881092;79,9813466800915;0,967741935483871;1
828;86,3236240146287;22,9195474203931;0,967741935483871;1
829;89,1660898132164;46,4089030802815;0,967741935483871;1
830;90,8465342307215;46,3441358939451;0,967741935483871;1
831;87,8791012355585;23,9555444160174;0,967741935483871;1
832;87,4872500209804;22,9934725376862;0,967741935483871;1
833;86,9001690304085;20,7912133639856;0,967741935483871;1
834;92,148526768818;82,8549187849391;0,967741935483871;1
835;90,9908566711535;48,1873777950973;0,967741935483871;1
836;91,106365624964;63,2581529350425;0,967741935483871;1
837;77;9,43565462131192;0,580645161290323;0,612903225806452
838;94,1401170376119;75,4035006212721;0,967741935483871;1
839;90,3763976010378;42,1566125102013;0,967741935483871;1
840;87,7736172235554;31,2231794282316;0,967741935483871;1
841;87,4198184069171;32,3925621260001;0,967741935483871;1
842;87,371599923945;34,0766308224004;0,967741935483871;1
843;87,4990486608775;25,4915587278348;0,967741935483871;1
844;89,012676798666;59,5385663810349;0,967741935483871;1
845;88,1572226231734;56,1031475228592;0,967741935483871;1
846;85,9086502876293;62,7704276648619;0,967741935483871;1
847;91,0339216726415;91,0020076387378;0,967741935483871;1
848;87,8560553301554;36,4464260938606;0,967741935483871;1
849;85,6421724032621;43,1176606815725;0,967741935483871;1
850;89,5886548549685;38,1150993008744;0,967741935483871;1
851;90,3849127382286;58,4605054448196;0,967741935483871;1
852;88,7642739042413;20,3474629294161;0,967741935483871;1
853;87,6002013818253;24,5127227651362;0,967741935483871;1
854;91,9175746991956;60,465718813312;0,967741935483871;1
855;87,3667153461073;29,2723980409114;0,967741935483871;1
856;92,4123050991051;55,0897048908627;0,967741935483871;1
857;88,2893189555958;62,0409791858344;0,967741935483871;1
858;92,0741095082387;59,1465450982071;0,967741935483871;1
859;93,4726908458352;34,3521661757454;0,967741935483871;1
860;87,9104010364755;13,2484538119467;0,967741935483871;1
861;92,4666264264744;52,7230547235465;0,967741935483871;1
862;85,5569378272496;40,9411752496263;0,967741935483871;1
863;91,0587430518695;56,6806707842767;0,967741935483871;1
864;87,086234498311;27,0430174730919;0,967741935483871;1
865;87,4347332870617;53,5517296053408;0,967741935483871;1
866;90,2894531007623;42,027317617487;0,967741935483871;1
867;90,1448076296154;73,7745140807505;0,967741935483871;1
868;87,2072064850225;37,3079158375554;0,967741935483871;1
869;77;23,8013112443415;0,580645161290323;0,612903225806452
870;86,6603272611437;63,7280875953948;0,967741935483871;1
871;88,5040920116978;21,42319338024;0,967741935483871;1
872;88,4143312066854;28,7862218007674;0,967741935483871;1
873;86,9727159931053;70,4673045575478;0,967741935483871;1
874;89,5119765310746;55,0419004571632;0,967741935483871;1
875;86,437494404465;29,061604299108;0,967741935483871;1
876;87,8686433560176;34,2426448736586;0,967741935483871;1
877;84,4404988447247;33,002794071131;0,967741935483871;1
878;89,5512653113018;46,8027015246124;0,967741935483871;1
879;88,3908826397308;84,1766256695496;0,967741935483871;1
880;87,8782201999068;21,3352518318904;0,967741935483871;1
881;90,8125650867212;34,0922558097387;0,967741935483871;1
882;92,0833516656764;46,1898434085576;0,967741935483871;1
883;87,8454946136667;24,1353548096085;0,967741935483871;1
884;91,1092608659086;47,8015022066844;0,967741935483871;1
885;86,6907768721799;28,385262290431;0,967741935483871;1
886;87,6036969615305;46,3874451572904;0,967741935483871;1
887;89,0309864686803;25,2192401947676;0,967741935483871;1
888;89,0874568203823;38,3982304477129;0,967741935483871;1
889;86,0838392217396;59,6967910892447;0,967741935483871;1
890;87,3968330581642;11,8336424280607;0,967741935483871;1
891;87,9928875390465;37,6853838397846;0,967741935483871;1
892;86,9645247521325;21,6420597378904;0,967741935483871;1
893;85,4165824764704;38,6259631610897;0,967741935483871;1
894;91,0666322430617;29,8883500464457;0,967741935483871;1
895;89,6740260679233;43,193452151643;0,967741935483871;1
896;89,0229596630011;58,2585839815784;0,967741935483871;1
897;87,6589944060153;76,592292559232;0,967741935483871;1
898;88,0475550878955;24,0111694397409;0,967741935483871;1
899;88,3427786028165;69,3436361934678;0,967741935483871;1
900;89,440391449063;27,6720204250768;0,967741935483871;1
901;77;15,5809437270991;0,580645161290323;0,612903225806452
902;89,5377729691757;56,793788859865;0,967741935483871;1
903;88,4181493630109;28,6446281306968;0,967741935483871;1
904;88,5040239225785;36,801490919358;0,967741935483871;1
905;89,3168404434709;56,0977321035479;0,967741935483871;1
906;88,4991524171548;43,1210878188578;0,967741935483871;1
907;87,0816198313167;26,9707115476147;0,967741935483871;1
908;88,1220312516539;22,5207954846154;0,967741935483871;1
909;91,7918121604604;50,2103309324378;0,967741935483871;1
910;87,7852525730033;40,2306954678129;0,967741935483871;1
911;89,0143762518555;22,7257660565337;0,967741935483871;1
912;86,4576567187828;14,6969150291743;0,967741935483871;1
913;90,2702187588253;25,9051406222176;0,967741935483871;1
914;87,9654602492431;25,3627883189527;0,967741935483871;1
915;88,1397236183702;28,9983589479644;0,967741935483871;1
916;91,741604783519;71,8459184081788;0,967741935483871;1
917;88,9251306230393;58,4199085097137;0,967741935483871;1
918;91,8431822877094;56,5575077837223;0,967741935483871;1
919;77;8,72260071519458;0,580645161290323;0,612903225806452
920;96,3237284928991;48,5938034985769;0,967741935483871;1
921;90,2854132425095;63,230047692771;0,967741935483871;1
922;86,2760850521775;48,2272715873728;0,967741935483871;1
923;88,4951046181332;46,9117217374454;0,967741935483871;1
924;91,6956881178838;73,4833855506798;0,967741935483871;1
925;88,1343081739176;38,5552132998609;0,967741935483871;1
926;89,3595911021277;19,9184706890444;0,967741935483871;1
927;87,0943968214863;25,6354064958221;0,967741935483871;1
928;87,680893513906;31,5491227721191;0,967741935483871;1
929;96,0702858000568;105,896791005253;0,967741935483871;1
930;87,6462051010526;21,6928141090478;0,967741935483871;1
931;92,8334817963014;83,7003401806839;0,967741935483871;1
932;77;6,54021266261765;0,580645161290323;0,612903225806452
933;87,5102158450911;19,9491548277609;0,967741935483871;1
934;95,5325752176646;86,6171851288216;0,967741935483871;1
935;90,4056898961328;43,6602087334564;0,967741935483871;1
936;90,3030562715342;30,9276055043386;0,967741935483871;1
937;90,223137675854;57,4523472657972;0,967741935483871;1
938;90,4506085380646;36,4556062055681;0,967741935483871;1
939;86,5985067560122;59,7230229347278;0,967741935483871;1
940;94,907146720099;94,125119885625;0,967741935483871;1
941;85,7514688033534;52,7196183528186;0,967741935483871;1
942;87,6593162423734;49,8272460810948;0,967741935483871;1
943;88,1300292601753;52,7981642100293;0,967741935483871;1
944;87,4034224945435;16,7888015688942;0,967741935483871;1
945;87,027048089984;35,437033914629;0,967741935483871;1
946;97,4860014105132;70,5951576571186;0,967741935483871;1
947;85,511011123108;13,5451228896921;0,967741935483871;1
948;77;17,8013296977635;0,483870967741936;0,516129032258065
949;85,4797463977677;50,1462368337465;0,967741935483871;1
950;90,7027157147621;39,7938705513345;0,967741935483871;1
951;85,7200483515262;17,7189082597648;0,967741935483871;1
952;90,6695696733231;73,2944129233952;0,967741935483871;1
953;88,0849259676783;53,4234722813304;0,967741935483871;1
954;91,6980254035997;69,0808388618173;0,967741935483871;1
955;89,510683687856;35,6625398423493;0,967741935483871;1
956;88,025192787828;50,9948613110516;0,967741935483871;1
957;77;13,250350552807;0,483870967741936;0,516129032258065
958;86,0529626321842;70,3523029918284;0,967741935483871;1
959;85,9300067499418;34,5041496686278;0,967741935483871;1
960;89,9397911002363;46,8008131658144;0,967741935483871;1
961;92,0881450354467;49,0810122900268;0,967741935483871;1
962;89,1651417558889;14,9804502467013;0,967741935483871;1
963;89,5769506871462;26,0308704094792;0,967741935483871;1
964;90,0468197195021;36,0886637021554;0,967741935483871;1
965;89,1063063360225;43,8972166431251;0,967741935483871;1
966;89,9481162757576;59,6404993188252;0,967741935483871;1
967;90,3676060455;72,9141162166173;0,967741935483871;1
968;87,0884521738562;26,820244999779;0,967741935483871;1
969;86,4720119842382;25,6920052034497;0,967741935483871;1
970;77;18,3737819273908;0,483870967741936;0,516129032258065
971;94,1378342632157;88,3803268556615;0,967741935483871;1
972;90,6544411549409;41,969928709442;0,967741935483871;1
973;87,4366781210555;43,4649198783384;0,967741935483871;1
974;89,318590413886;53,8132291381217;0,967741935483871;1
975;86,9206830821004;31,9601094265473;0,967741935483871;1
976;91,8877371511875;85,6444393126761;0,967741935483871;1
977;87,4878024985725;37,3505330747462;0,967741935483871;1
978;94,0553440076067;67,8166066603635;0,967741935483871;1
979;90,3414197003756;65,5845671439872;0,967741935483871;1
980;86,1190465631652;26,8184678756798;0,967741935483871;1
981;90,4509313822867;28,768071324667;0,967741935483871;1
982;87,1666557751599;25,8638273773833;0,967741935483871;1
983;87,3884901742759;82,4400995688556;0,967741935483871;1
984;90,3776513109888;32,7724742928665;0,967741935483871;1
985;91,6785246577288;86,0939275468846;0,967741935483871;1
986;88,9530605926598;23,6923390642807;0,967741935483871;1
987;91,3557385707167;65,9340194175975;0,967741935483871;1
988;90,650743230117;47,340462597763;0,967741935483871;1
989;90,8076890277058;48,6898717500695;0,967741935483871;1
990;93,038794067755;25,043454221309;0,967741935483871;1
991;86,0633224831448;64,7998885617068;0,967741935483871;1
992;88,5965340615414;51,0168114751361;0,967741935483871;1
993;86,8070657573687;40,9026086563792;0,967741935483871;1
994;90,3233480858338;45,6671588860054;0,967741935483871;1
995;89,6586727323476;67,7431193523429;0,967741935483871;1
996;89,316289880094;78,3592661545373;0,967741935483871;1
997;87,1428965431414;20,1766236008533;0,967741935483871;1
998;88,2654018878731;34,0196874299403;0,967741935483871;1
999;90,6040974507875;53,8957774850957;0,967741935483871;1
