0;58,3027343565785;26,9672712556558;0,774193548387097;0,774193548387097
1;61,5995471164424;14,6567625063094;0,967741935483871;0,967741935483871
2;61,0103808404611;13,4744879325574;0,967741935483871;0,967741935483871
3;58,2314324151359;14,3676674356302;0,967741935483871;0,967741935483871
4;62,2598144820627;25,9390106025446;0,967741935483871;0,967741935483871
5;62,1257016041713;19,868338375828;1;1
6;62,3660093221468;20,1730538377311;0,967741935483871;0,967741935483871
7;59,3050350853489;24,6295793334406;0,967741935483871;0,967741935483871
8;59,8734845567342;8,70439938064825;1;1
9;62,6457068895241;23,4060232590845;1;1
10;62,5980861573084;19,8876738165273;0,967741935483871;0,967741935483871
11;59,5333790952131;14,0631728296008;1;1
12;59,323873708974;8,90555280007171;1;1
13;62,6682309141741;30,3847660449019;0,967741935483871;0,967741935483871
14;61,1882380433573;26,7904278112934;0,967741935483871;0,967741935483871
15;63,4510495861345;27,3481230449494;0,967741935483871;0,967741935483871
16;60,9207727104801;11,8694457943812;1;1
17;59,9218315252766;28,8415320960388;0,967741935483871;0,967741935483871
18;60,6575893859796;28,5950149525015;0,967741935483871;0,967741935483871
19;60,0520350448107;18,5863227200422;1;1
20;59,8015729912203;13,4307028844148;1;1
21;59,5800820103196;7,14839981833132;0,967741935483871;0,967741935483871
22;61,5936359259391;18,3244832137884;0,967741935483871;0,967741935483871
23;62,1601911387029;28,3335910416343;1;1
24;60,9855601678876;9,8395683288542;0,967741935483871;0,967741935483871
25;59,8100120986648;13,6057882468145;1;1
26;62,3917574726399;15,4588604295234;1;1
27;61,8226939418128;35,6816021887916;1;1
28;60,9026579512152;24,7315873604356;0,967741935483871;0,967741935483871
29;61,649140476342;27,1995885991404;1;1
30;60,5601933801494;7,75786902607549;1;1
31;58,7947109251641;14,7714855955425;0,967741935483871;0,967741935483871
32;59,7396219967344;13,22216493689;0,967741935483871;0,967741935483871
33;59,9380029167938;16,7699744952399;1;1
34;63,4351908258996;23,3650325016189;0,967741935483871;0,967741935483871
35;63,4783714614964;10,4523078544646;1;1
36;60,3993936698697;14,787470568361;0,967741935483871;0,967741935483871
37;62,3176890884192;9,55279863063221;1;1
38;64,0717358377732;30,2433696466581;0,967741935483871;0,967741935483871
39;60,6174062477001;20,9386820360558;0,967741935483871;0,967741935483871
40;62,5197422485463;29,8730827455502;0,967741935483871;0,967741935483871
41;60,2219737011824;8,27128751925635;0,967741935483871;0,967741935483871
42;62,5483285982423;25,5044450578564;0,967741935483871;0,967741935483871
43;60,4712638613243;13,3570187399908;0,967741935483871;0,967741935483871
44;60,1280647131018;8,03853396963419;1;1
45;62,0044334544106;23,0794049941471;0,967741935483871;0,967741935483871
46;60,0964228853266;9,35659062971109;0,967741935483871;0,967741935483871
47;59,9142032946274;18,3602568503965;1;1
48;62,4764141486;26,51281533758;0,967741935483871;0,967741935483871
49;60,9099909099148;25,2555027039364;0,967741935483871;0,967741935483871
50;61,6988919510551;25,7031931358075;0,967741935483871;0,967741935483871
51;61,0925903838905;16,4426637195905;1;1
52;60,2493400706012;19,1324867718859;0,967741935483871;0,967741935483871
53;59,9453586012944;8,81368647286918;0,967741935483871;0,967741935483871
54;62,731079636262;30,9878900216693;1;1
55;60,0956157513248;14,1599160179515;1;1
56;60,9601574658357;8,34730148044138;0,967741935483871;0,967741935483871
57;58,0634658081029;15,153328857753;1;1
58;60,1169749630758;14,7284966644707;1;1
59;60,6583613597577;9,97383472365419;0,967741935483871;0,967741935483871
60;60,388068038926;12,4852898530723;0,967741935483871;0,967741935483871
61;61,8268965541393;14,3419895359748;0,967741935483871;0,967741935483871
62;62,0559750121953;12,872683134536;0,967741935483871;0,967741935483871
63;60,8762996030583;7,76029223803948;1;1
64;60,0050905493109;20,6775490728839;0,967741935483871;0,967741935483871
65;59,7630331860051;17,50355495247;0,967741935483871;0,967741935483871
66;59,0867487018405;13,2081567645409;1;1
67;59,6129312963929;19,8288805273901;0,967741935483871;0,967741935483871
68;59,763449021409;16,1546306384887;1;1
69;60,2705796898375;9,62113533380024;0,967741935483871;0,967741935483871
70;59,048890182035;29,4677977701315;1;1
71;60,1258970744657;11,7212144964232;1;1
72;60,6304257329614;19,2392320239612;0,967741935483871;0,967741935483871
73;60,0917906239;25,3129471402978;0,967741935483871;0,967741935483871
74;60,7526788016417;12,0963729013575;0,967741935483871;0,967741935483871
75;59,2177537155507;19,1060252828418;0,967741935483871;0,967741935483871
76;63,1068094963331;24,964121026362;0,967741935483871;0,967741935483871
77;61,5569632755626;24,9196594097868;0,967741935483871;0,967741935483871
78;59,600185608824;23,0577970483446;1;1
79;61,6655939857281;6,80032742380682;0,967741935483871;0,967741935483871
80;62,3864148337243;14,2559718710117;1;1
81;64,16916759783;26,9257922201033;1;1
82;61,6368341233772;13,2028151166391;0,967741935483871;0,967741935483871
83;62,8869888695309;22,0035813051776;0,967741935483871;0,967741935483871
84;61,829745463734;15,1665880404533;1;1
85;60,9596965689565;18,2021681714821;0,967741935483871;0,967741935483871
86;60,9536410701437;33,5444755242549;1;1
87;61,1617980654831;8,57748280363352;1;1
88;62,6478422391496;18,0255001943371;1;1
89;60,6957471417008;17,1365919384719;1;1
90;59,1482612297607;10,9094853425232;0,967741935483871;0,967741935483871
91;61,1490744212719;13,5175979115955;1;1
92;62,5816852718487;25,2906128465801;1;1
93;59,9943637674833;16,7960185109339;0,967741935483871;0,967741935483871
94;58,8358569259148;7,41844044592775;1;1
95;58,8174211632795;5,37846674630508;1;1
96;63,4978966835587;20,2634999449257;1;1
97;58,9326522893603;8,6970360512809;0,967741935483871;0,967741935483871
98;59,3389232254177;21,8614705014651;0,967741935483871;0,967741935483871
99;59,5284187964026;14,6173027625061;0,967741935483871;0,967741935483871
100;59,1899834174617;13,3286352594679;1;1
101;59,3416912158854;12,4240595647254;1;1
102;61,6962509101674;22,6052138325075;1;1
103;58,8827130317827;10,7777086918839;1;1
104;59,6802509043946;13,9793835137216;0,967741935483871;0,967741935483871
105;62,4040957577009;26,564965316457;1;1
106;62,2330378751535;14,7992996426236;0,967741935483871;0,967741935483871
107;63,6807279262966;18,0581916589465;1;1
108;60,6286977580794;10,4548442264856;1;1
109;59,1672985648361;16,4693896815267;0,967741935483871;0,967741935483871
110;61,0093791184642;29,4299284031022;1;1
111;60,9249436470441;7,89401784963602;0,967741935483871;0,967741935483871
112;60,5636162536333;8,23433097495898;1;1
113;61,9130879544735;15,9103223635976;1;1
114;58,261381783177;9,88508425088269;0,967741935483871;0,967741935483871
115;60,9737891326415;15,2964590616554;0,967741935483871;0,967741935483871
116;59,8298935056872;16,2866389661685;1;1
117;59,6232149421029;12,2032266410039;1;1
118;60,7837235811421;10,930514050464;1;1
119;61,4177005552896;27,64923566846;1;1
120;60,9372845992242;19,2629470783028;0,967741935483871;0,967741935483871
121;60,0976691986729;20,5791909440564;0,967741935483871;0,967741935483871
122;59,0893333868079;15,5433061054952;1;1
123;60,1191784518427;14,309864789446;1;1
124;60,6541022393557;20,0916158372737;0,967741935483871;0,967741935483871
125;60,2932771427533;14,0593199515662;0,967741935483871;0,967741935483871
126;61,8620040043258;27,4423482852497;0,967741935483871;0,967741935483871
127;59,4696371190185;15,49282566999;1;1
128;62,3622017463909;31,9020211105353;0,967741935483871;0,967741935483871
129;60,7620709988476;21,4814422382703;0,967741935483871;0,967741935483871
130;59,0267644660718;18,2515025195302;1;1
131;60,5180661645451;11,9414000609294;1;1
132;62,9378689766911;28,8923092514806;0,967741935483871;0,967741935483871
133;60,1091661195534;7,98139712287076;0,967741935483871;0,967741935483871
134;61,2361311699762;8,62528920251629;0,967741935483871;0,967741935483871
135;62,2142676414581;15,6954607628467;1;1
136;61,3233651210004;23,5532446555162;0,967741935483871;0,967741935483871
137;60,1478120443733;14,0689135582433;1;1
138;59,5335191115217;5,55281149814392;0,967741935483871;0,967741935483871
139;61,1205112903357;14,5308121112487;0,967741935483871;0,967741935483871
140;59,6702460499643;13,2333698950592;1;1
141;61,1916960991993;16,948158627227;0,967741935483871;0,967741935483871
142;59,0463467421668;15,4034305318706;1;1
143;60,3203761309764;10,9285508627796;0,967741935483871;0,967741935483871
144;61,4347545855012;17,719608623542;1;1
145;61,8578835035454;19,9994357833086;1;1
146;61,9390262956498;17,866017068567;1;1
147;65,3745593335874;22,6959265274835;1;1
148;58,2624746323073;22,9478084045205;0,967741935483871;0,967741935483871
149;60,501775907682;19,1462769832479;1;1
150;60,5127394341505;24,035568663501;0,967741935483871;0,967741935483871
151;58,2542825366186;21,2527217491501;0,967741935483871;0,967741935483871
152;59,0546403867186;10,2660823439128;0,967741935483871;0,967741935483871
153;60,1915998963489;27,857606784142;0,967741935483871;0,967741935483871
154;58,8150712001425;7,89846469224781;1;1
155;64,2680605001893;21,6447528437726;0,967741935483871;0,967741935483871
156;61,6705109854733;17,4166215995581;1;1
157;62,860088323173;18,661276448143;0,967741935483871;0,967741935483871
158;63,5383381978185;30,1685314375762;1;1
159;61,0515417689397;24,8778999035941;1;1
160;62,0274681615987;7,29605277205663;0,967741935483871;0,967741935483871
161;59,9503761787348;18,3095176855463;1;1
162;62,1479372225603;8,98680453067429;1;1
163;57,3421014664315;17,4332122149798;0,967741935483871;0,967741935483871
164;59,6737291830197;21,0838753668922;0,967741935483871;0,967741935483871
165;59,4369422964061;14,2802211403095;1;1
166;61,1759533111947;26,1834173864564;1;1
167;60,7418422352738;10,5583054596249;1;1
168;59,3417642355092;12,832838582925;0,967741935483871;0,967741935483871
169;63,3980505694361;17,7426718752434;1;1
170;60,8451212375333;29,3173010696122;0,967741935483871;0,967741935483871
171;62,1675398552907;21,1291862592543;1;1
172;59,6244711907093;13,3298653810718;1;1
173;61,4142970100524;28,872294733123;1;1
174;61,5602359835955;11,1541937418849;0,967741935483871;0,967741935483871
175;64,1662972180614;17,1935564703093;1;1
176;61,3478170179624;11,9559365759964;1;1
177;60,1060504001651;10,3412582497271;1;1
178;61,7583996790657;15,5459969487631;1;1
179;61,311993965709;11,0600166291403;1;1
180;63,7613531148156;26,8952758411334;0,967741935483871;0,967741935483871
181;60,4831045433252;23,4780811566521;0,967741935483871;0,967741935483871
182;59,5299068529211;13,3665977921953;0,967741935483871;0,967741935483871
183;60,6900530607949;16,5772595639218;0,967741935483871;0,967741935483871
184;60,2463792628926;20,4695806104979;1;1
185;61,5914253871922;8,28026321604219;0,967741935483871;0,967741935483871
186;62,2256890318696;20,0416530696998;1;1
187;59,8507756038534;14,4151722707175;0,967741935483871;0,967741935483871
188;61,872795035011;10,767767003814;1;1
189;60,7465478822818;16,4538848769766;0,967741935483871;0,967741935483871
190;59,3926808327481;22,2449765541277;1;1
191;61,0814278802632;11,7769893226929;0,967741935483871;0,967741935483871
192;60,4277991715811;20,3190641514793;0,967741935483871;0,967741935483871
193;64,5975200053065;27,720715865827;1;1
194;59,9479084204473;14,7863229674901;0,903225806451613;0,903225806451613
195;59,2248521075439;12,0182063715962;0,967741935483871;0,967741935483871
196;61,0796714356942;25,3631229305595;0,967741935483871;0,967741935483871
197;62,3551972804156;15,3888220267106;1;1
198;62,567198450131;17,2804777401065;0,967741935483871;0,967741935483871
199;59,8882744584032;22,3120285912107;0,967741935483871;0,967741935483871
200;60,5669811794743;8,6313272022444;1;1
201;59,6937965514535;8,72643499420476;0,967741935483871;0,967741935483871
202;63,7659589880415;33,1024045290099;1;1
203;58,5458512289644;14,7268814154124;0,967741935483871;0,967741935483871
204;60,4301883181331;13,5795257543386;0,967741935483871;0,967741935483871
205;63,136186957417;7,31582813916711;0,967741935483871;0,967741935483871
206;59,8049648840602;16,4483919601054;1;1
207;60,5561960619144;13,9302800295591;0,967741935483871;0,967741935483871
208;59,9472777169967;12,4964176455653;1;1
209;63,4872602170552;16,1645436947817;1;1
210;63,5532535840238;30,0173811180511;1;1
211;62,5385318857665;23,4293945600963;1;1
212;59,1481178993031;9,30261818228926;0,967741935483871;0,967741935483871
213;59,9416509543418;15,825052886837;1;1
214;63,538908779829;16,176751447739;0,967741935483871;0,967741935483871
215;62,1837819132194;27,68472740279;0,967741935483871;0,967741935483871
216;59,6856779861737;21,0700957907719;1;1
217;59,7599828372631;12,0969785197946;1;1
218;61,3918166097133;21,5805100726426;0,967741935483871;0,967741935483871
219;60,2931490353071;17,9040489440267;1;1
220;60,8527759202345;18,6820672346393;1;1
221;59,5339862516613;24,1176226671416;1;1
222;61,3584386542355;21,9926345612919;1;1
223;64,4234221661711;39,1050913889626;0,967741935483871;0,967741935483871
224;60,2549044065904;7,49131331657691;0,967741935483871;0,967741935483871
225;61,1265274181671;20,7902903544721;0,967741935483871;0,967741935483871
226;61,1015235330894;21,7159024108751;1;1
227;61,10839964783;12,7629344079194;1;1
228;62,2610745988029;12,8849347747874;1;1
229;58,7000802585246;6,16895896961341;1;1
230;60,4556221683981;17,7255650497459;1;1
231;58,8260183090776;13,631007414241;1;1
232;59,5187665865599;14,929718586471;0,967741935483871;0,967741935483871
233;60,503247847536;12,662527148385;0,967741935483871;0,967741935483871
234;61,8114671813859;21,1460955351752;0,967741935483871;0,967741935483871
235;58,1376625582928;5,96565153231356;0,967741935483871;0,967741935483871
236;61,0636487445411;17,748516901272;1;1
237;60,3616387772194;18,0659629654964;0,967741935483871;0,967741935483871
238;61,0468980934436;5,05488792364301;0,967741935483871;0,967741935483871
239;61,0917371631033;11,0144833769522;0,967741935483871;0,967741935483871
240;60,6520457431578;20,9445519080415;1;1
241;59,8471910128194;21,0942185808866;1;1
242;60,4651436485446;10,5363798093322;0,967741935483871;0,967741935483871
243;60,0804923855505;21,578457372375;0,967741935483871;0,967741935483871
244;62,8193573557141;27,8905285220489;0,967741935483871;0,967741935483871
245;62,9565706910937;30,7798015829278;1;1
246;62,3871732493694;18,1376863915421;1;1
247;62,7422226480452;16,9267909311159;1;1
248;61,0942707511644;15,9717297500186;0,967741935483871;0,967741935483871
249;61,1497585627323;12,9684197530295;0,967741935483871;0,967741935483871
250;58,2106568710096;11,2477745964968;1;1
251;62,147336680971;16,857339487413;0,967741935483871;0,967741935483871
252;60,1277047222961;23,4092250664732;1;1
253;62,6123344959997;17,761092717457;1;1
254;60,4912727310144;7,90251439068155;0,967741935483871;0,967741935483871
255;58,4089831055569;5,80531984552654;0,967741935483871;0,967741935483871
256;60,5744684069635;14,1604127531429;1;1
257;62,0877160271464;19,0636009462886;1;1
258;59,2179228019435;15,2079539152043;1;1
259;63,651695430353;35,562228769738;0,967741935483871;0,967741935483871
260;61,1125915393188;6,00765720360344;0,967741935483871;0,967741935483871
261;61,8222792897117;19,3052455165393;0,967741935483871;0,967741935483871
262;60,7294980077954;7,64637191856303;0,967741935483871;0,967741935483871
263;61,0315619638548;26,9552085278509;0,967741935483871;0,967741935483871
264;59,115433408007;14,5598513472754;1;1
265;61,8215887211279;31,576398362303;0,967741935483871;0,967741935483871
266;60,0367958460235;11,1596387980189;0,967741935483871;0,967741935483871
267;61,7294787539314;30,1528005045918;0,967741935483871;0,967741935483871
268;62,1703795443252;16,8233436644723;0,967741935483871;0,967741935483871
269;59,5975401147887;30,5390917821794;0,967741935483871;0,967741935483871
270;59,6024118243557;11,7344203185339;1;1
271;62,8553081645136;29,7136259093255;0,967741935483871;0,967741935483871
272;60,0569195519362;13,7009100952198;0,967741935483871;0,967741935483871
273;61,108444584194;13,9020413332183;0,967741935483871;0,967741935483871
274;60,0006818119172;14,9635771616232;0,967741935483871;0,967741935483871
275;59,1681743685619;16,7146876822512;1;1
276;60,4327585498648;19,2640051107237;1;1
277;61,6878608730953;17,290186446411;0,967741935483871;0,967741935483871
278;61,9983992469091;11,6966199774154;1;1
279;62,4332535813567;25,1787526396714;1;1
280;61,2655048632183;17,2718730272351;0,967741935483871;0,967741935483871
281;59,2840300603196;11,4668148447102;0,967741935483871;0,967741935483871
282;61,6930101649187;15,2338087052461;0,967741935483871;0,967741935483871
283;59,3789257091126;21,307286007116;1;1
284;61,6909016748241;16,9582610574985;1;1
285;59,1278771530437;14,012748883974;0,967741935483871;0,967741935483871
286;61,1871057201017;8,33575382317157;1;1
287;63,0087281755507;21,0194418350104;1;1
288;60,9407053950246;12,6992495896829;1;1
289;61,3912692922172;15,7754320024262;1;1
290;59,6117280460109;7,16117290175858;1;1
291;60,8123191565706;21,7280005580017;1;1
292;62,5868028855156;27,4263009324663;1;1
293;61,3408246184365;13,3643513304722;0,967741935483871;0,967741935483871
294;63,455066715213;8,62638796078248;1;1
295;61,176521657138;16,8136618096169;0,967741935483871;0,967741935483871
296;64,1535050286973;25,2690516440127;1;1
297;60,8363495505525;8,14993364216311;1;1
298;59,8824471105342;14,0336174032021;1;1
299;60,1992049680911;15,60677100856;0,967741935483871;0,967741935483871
300;59,6914235429484;11,8093064051556;1;1
301;61,6033412266839;6,758289514934;0,967741935483871;0,967741935483871
302;56,4887123435889;17,746250928276;0,838709677419355;0,838709677419355
303;59,3647947212823;9,19093229038507;0,870967741935484;0,870967741935484
304;59,696960549369;17,2123494314302;1;1
305;61,2219648483858;13,2569523371034;1;1
306;63,3080153408135;18,0734068096225;0,967741935483871;0,967741935483871
307;61,3168389548519;18,3363993449568;1;1
308;62,704111629838;20,9786615180475;0,967741935483871;0,967741935483871
309;58,7606622571748;10,5596781352084;0,967741935483871;0,967741935483871
310;60,5992784855748;19,2348595787667;0,967741935483871;0,967741935483871
311;61,5905278648409;17,8317621694446;0,967741935483871;0,967741935483871
312;60,3467111468997;10,2622332369197;0,967741935483871;0,967741935483871
313;59,240197006492;6,08536798569687;0,967741935483871;0,967741935483871
314;60,7826786459013;22,214764055622;0,967741935483871;0,967741935483871
315;61,2636204040575;15,832729108009;1;1
316;58,6340041320178;22,7356018641672;1;1
317;58,7547690103528;11,3412918266645;1;1
318;59,6758955535633;19,4049379525221;1;1
319;59,7992541544826;14,5129178529499;0,967741935483871;0,967741935483871
320;58,6225678715349;9,63366466939936;1;1
321;60,6482263751395;13,8194153508289;1;1
322;62,5341221311008;28,9691965728935;0,967741935483871;0,967741935483871
323;59,4487437753526;16,0332976758669;0,967741935483871;0,967741935483871
324;63,3823294405188;29,990163139259;0,967741935483871;0,967741935483871
325;59,6016469791521;18,2619772090907;0,967741935483871;0,967741935483871
326;61,7060571231865;14,2958095168872;0,967741935483871;0,967741935483871
327;62,2656055318409;17,962772584767;0,967741935483871;0,967741935483871
328;60,8277096629763;17,7961632876822;0,967741935483871;0,967741935483871
329;64,2167579439501;30,6392365429619;0,967741935483871;0,967741935483871
330;64,0436483813273;19,5415507937594;0,967741935483871;0,967741935483871
331;61,8665376831898;22,5409284405435;0,967741935483871;0,967741935483871
332;61,4327097035031;9,53362788277034;1;1
333;62,2605759084543;33,5368255773225;1;1
334;61,1394941417171;20,1200694288544;1;1
335;59,628325534418;10,4639681275096;1;1
336;63,9115868712215;27,3456834948189;0,967741935483871;0,967741935483871
337;59,7404603918116;10,7757994461592;0,967741935483871;0,967741935483871
338;60,8600922718576;9,47237032947883;0,967741935483871;0,967741935483871
339;60,4449187280486;13,8336503926273;0,967741935483871;0,967741935483871
340;61,0437761355652;14,9367241548101;0,967741935483871;0,967741935483871
341;60,7982671998091;4,07202729077128;1;1
342;62,30634651365;15,0764425494141;0,967741935483871;0,967741935483871
343;60,5881004866945;17,9844810862154;1;1
344;60,5837590734905;11,7357092947219;0,967741935483871;0,967741935483871
345;58,3939501836118;18,3434323918752;1;1
346;61,6261115047371;27,154276401017;0,967741935483871;0,967741935483871
347;61,1488523296213;25,2000790777381;1;1
348;58,8834914964593;7,12972885031771;0,967741935483871;0,967741935483871
349;59,4802476260889;13,315097000601;1;1
350;63,7649486619313;18,9797707916432;0,967741935483871;0,967741935483871
351;61,0096603610248;23,2460103338822;0,967741935483871;0,967741935483871
352;61,4802069150298;23,1334232851419;0,967741935483871;0,967741935483871
353;59,0957481180699;18,0231407999552;1;1
354;61,6676514644164;16,3345426608657;0,967741935483871;0,967741935483871
355;60,6362886655009;14,1557322728999;0,967741935483871;0,967741935483871
356;60,9180777014836;10,3507038031458;1;1
357;62,490140325494;25,5026882752602;0,967741935483871;0,967741935483871
358;60,1885850530186;12,3933446721051;1;1
359;60,4379428644601;23,5392045141299;1;1
360;61,606261089209;19,2671747806453;1;1
361;60,9191203947884;14,6625684537808;1;1
362;63,1075907076897;14,143573945932;1;1
363;60,884056126974;13,2747282640222;1;1
364;61,0585103001261;20,4283363621032;0,967741935483871;0,967741935483871
365;60,7344924738944;12,1882636031435;0,967741935483871;0,967741935483871
366;62,5448800415464;32,5392324106905;0,967741935483871;0,967741935483871
367;61,652397246583;20,0877540847079;1;1
368;60,8130586945645;14,3899497468067;1;1
369;60,5793085906299;5,08996808793051;1;1
370;59,5162999418019;7,94706378771641;1;1
371;60,5653606144584;16,6545633731818;0,967741935483871;0,967741935483871
372;64,2985357565164;24,4205435622476;0,967741935483871;0,967741935483871
373;60,9452744816824;10,2520640721968;1;1
374;60,25273552944;12,8595812327446;1;1
375;61,7489416731356;12,3102938874248;0,967741935483871;0,967741935483871
376;59,2052636784839;12,9772831835888;1;1
377;61,6518822192624;13,677060501693;0,967741935483871;0,967741935483871
378;59,2198960408053;11,3703309699534;1;1
379;63,9708876216339;19,5380542809124;1;1
380;61,0059495968969;27,0466239370252;0,967741935483871;0,967741935483871
381;60,9764518776023;23,6912546261702;0,967741935483871;0,967741935483871
382;57,6386454641308;17,6663790717494;0,967741935483871;0,967741935483871
383;61,0242975327795;15,3289107665923;1;1
384;61,6812451664628;8,9080830011503;0,967741935483871;0,967741935483871
385;59,7566792489972;24,3093819659815;0,967741935483871;0,967741935483871
386;59,0575035231778;9,3068005685471;0,967741935483871;0,967741935483871
387;61,835995839968;14,6980599192406;1;1
388;59,1982434719333;6,3765474598688;0,967741935483871;0,967741935483871
389;63,3411204492197;20,4660563475112;1;1
390;60,6607802893293;24,5434609272592;0,967741935483871;0,967741935483871
391;60,2191553664989;14,581911844405;0,967741935483871;0,967741935483871
392;63,7980488557381;21,7693747140911;1;1
393;59,6500528130335;17,621137320414;0,967741935483871;0,967741935483871
394;64,8605442452354;27,0867072209432;1;1
395;61,7138799309237;28,8460924371518;0,967741935483871;0,967741935483871
396;60,6381679160136;19,0014844916917;0,967741935483871;0,967741935483871
397;64,2790448966894;25,7163761438832;0,967741935483871;0,967741935483871
398;59,9043038829678;19,1596892769564;0,967741935483871;0,967741935483871
399;60,0582180635263;16,6390489890501;0,967741935483871;0,967741935483871
400;62,2015295235937;27,9539853622778;0,967741935483871;0,967741935483871
401;63,8924553149204;30,4810260422739;1;1
402;59,6816617800841;12,9002482742291;1;1
403;58,5578675465965;12,7361383200927;0,967741935483871;0,967741935483871
404;58,8976327443093;18,4566859194712;1;1
405;61,1800971386183;25,8635696430361;0,967741935483871;0,967741935483871
406;60,9714856283386;5,64315531430048;0,967741935483871;0,967741935483871
407;64,0239561236206;12,6868867017398;1;1
408;64,449380836574;22,0879509993789;0,967741935483871;0,967741935483871
409;59,2638333806803;8,97552484302095;0,967741935483871;0,967741935483871
410;61,9959631140649;32,5285123775432;0,967741935483871;0,967741935483871
411;58,5876369217151;11,7487674314307;0,967741935483871;0,967741935483871
412;58,0062560753954;18,88524499984;0,967741935483871;0,967741935483871
413;62,8361545433193;31,6531615165435;0,967741935483871;0,967741935483871
414;60,9383631579083;13,870132319756;1;1
415;59,7752606734378;13,5199630987395;1;1
416;59,8344109866373;19,9206021298138;0,967741935483871;0,967741935483871
417;61,9877200538933;19,2135476230541;1;1
418;61,1880205459913;12,9603691387446;0,967741935483871;0,967741935483871
419;61,3760919185245;14,6339344255391;1;1
420;60,5289297511462;8,06931049266349;1;1
421;61,3796863247261;8,21651375963796;0,967741935483871;0,967741935483871
422;60,629422563233;16,0942211669817;1;1
423;62,5938746289901;20,3246073720192;0,967741935483871;0,967741935483871
424;63,3028068410244;20,0120092106492;1;1
425;61,3948515810602;19,2106595666764;0,967741935483871;0,967741935483871
426;61,3919330527686;21,3633414390531;0,967741935483871;0,967741935483871
427;60,7701973603908;11,930523993154;0,967741935483871;0,967741935483871
428;58,2605983144714;11,1016739942556;0,967741935483871;0,967741935483871
429;58,9846066365982;6,5478266363357;0,903225806451613;0,903225806451613
430;59,2520392384529;10,0280286017845;0,967741935483871;0,967741935483871
431;63,1155158304902;18,0108751664705;1;1
432;62,0478645787747;20,6827184094182;0,967741935483871;0,967741935483871
433;61,0842344345644;31,635087352267;1;1
434;60,7224171850204;18,1650527853519;1;1
435;59,7400063847852;15,0929018081085;0,967741935483871;0,967741935483871
436;61,0180349959829;8,1211569571213;0,967741935483871;0,967741935483871
437;61,2485711136787;23,0566202897689;0,967741935483871;0,967741935483871
438;62,0741169242657;21,9658608665327;1;1
439;58,6347302383358;11,8248478334279;1;1
440;61,5307869405125;22,8244436456643;1;1
441;60,2550302307205;4,9116396479675;1;1
442;60,9867215533436;16,3865191476222;1;1
443;60,2089316003436;10,2601998201006;1;1
444;61,5152170930067;12,7725310053952;0,967741935483871;0,967741935483871
445;61,7734353777313;31,9290027484871;0,967741935483871;0,967741935483871
446;61,0122602222105;13,6469651983723;1;1
447;60,4439280797073;11,119823001885;1;1
448;59,8765794577624;15,9290285964667;0,967741935483871;0,967741935483871
449;61,767550586885;21,6391380543222;0,967741935483871;0,967741935483871
450;62,8364240020346;28,3051866149105;1;1
451;60,9480708572924;30,7582912682043;0,967741935483871;0,967741935483871
452;61,9002268229867;19,1887734202432;0,967741935483871;0,967741935483871
453;59,7651931199108;19,8705646379767;0,967741935483871;0,967741935483871
454;61,0990916279902;16,3873732666678;0,967741935483871;0,967741935483871
455;59,8280296615391;14,4787858783264;0,967741935483871;0,967741935483871
456;62,8015511183708;19,516144320953;0,967741935483871;0,967741935483871
457;60,292011101694;3,96530664258518;1;1
458;60,3347376443784;16,7240653420491;1;1
459;60,5616904770446;11,2793907267791;0,967741935483871;0,967741935483871
460;60,0416546002341;10,3987187657931;1;1
461;62,6423186282637;24,0837822051784;0,967741935483871;0,967741935483871
462;61,5164831665645;21,6813556504596;1;1
463;59,7376028212227;7,1057611851924;1;1
464;62,3499049550979;23,3053495867359;1;1
465;61,1553717611484;7,46437770260922;1;1
466;63,5398632414006;20,2760266161152;1;1
467;59,2025523058644;8,85065877074213;1;1
468;61,025955160372;20,8322106093779;0,967741935483871;0,967741935483871
469;61,5809020704393;14,8150481565543;1;1
470;60,6682135342493;20,216935889258;0,967741935483871;0,967741935483871
471;61,5805328579298;20,7075969620678;1;1
472;60,9271345910123;10,69567902147;1;1
473;60,7813846318396;16,3359902833114;0,870967741935484;0,870967741935484
474;62,3696587169468;17,4444577308958;1;1
475;60,1697746955565;18,6449810978493;0,967741935483871;0,967741935483871
476;60,9993791645076;14,8170403321244;0,967741935483871;0,967741935483871
477;60,4785346035976;5,65685366356503;0,967741935483871;0,967741935483871
478;61,0441326301588;18,9013929948009;0,967741935483871;0,967741935483871
479;59,819056890744;11,7925839235375;0,967741935483871;0,967741935483871
480;58,8486741736228;7,21868465123306;0,967741935483871;0,967741935483871
481;61,497733823798;9,18425479507375;1;1
482;59,1270980856884;16,4090969881782;1;1
483;64,6026532082745;28,2490854544757;0,967741935483871;0,967741935483871
484;60,4192625594693;16,3050474070401;0,967741935483871;0,967741935483871
485;63,8302616649639;25,3570084391465;1;1
486;60,4023987188207;11,392767992036;1;1
487;63,8037047107534;16,2530681439994;0,967741935483871;0,967741935483871
488;59,769642925464;11,9583912007754;1;1
489;62,4698187699706;37,157998945496;0,967741935483871;0,967741935483871
490;60,8816243084829;6,98930985614436;0,967741935483871;0,967741935483871
491;61,4742211040901;9,35876609687099;0,967741935483871;0,967741935483871
492;60,1031119413777;24,3540477510696;1;1
493;62,3368078278063;24,8557334842541;0,967741935483871;0,967741935483871
494;59,9808676449867;13,1473218313051;0,967741935483871;0,967741935483871
495;63,6963883358577;15,8850623411477;0,967741935483871;0,967741935483871
496;61,8713172232606;15,1609125218901;1;1
497;61,1242187980543;9,02031769850241;0,967741935483871;0,967741935483871
498;58,1343326396808;20,0388490614889;1;1
499;59,2843116561517;17,8531197518329;1;1
500;60,5988021664705;15,8035426034874;1;1
501;62,8535572689229;14,9226407140491;1;1
502;62,3461872707697;14,8043807608213;0,967741935483871;0,967741935483871
503;60,3975168383532;27,4422768772121;0,967741935483871;0,967741935483871
504;60,674844839308;18,7766935840557;0,967741935483871;0,967741935483871
505;59,369055598838;17,5849656216935;1;1
506;62,5131132893564;29,7699407286202;1;1
507;61,6444538797127;14,2323909526125;0,967741935483871;0,967741935483871
508;59,8663115464507;10,800892746459;1;1
509;58,9513830973333;13,0709261098162;0,870967741935484;0,870967741935484
510;62,8715252228853;30,2149925884065;1;1
511;59,5480718984953;9,99321656364999;1;1
512;59,1458307556612;10,9715829372645;0,967741935483871;0,967741935483871
513;61,136543844455;16,7538474600126;0,967741935483871;0,967741935483871
514;59,0570225238268;11,6337554425605;1;1
515;59,069846333779;12,6089523500601;0,967741935483871;0,967741935483871
516;63,743371588573;32,6375005087132;1;1
517;61,5358754392646;27,8349634019455;0,967741935483871;0,967741935483871
518;59,4919783979812;5,54702676723317;0,967741935483871;0,967741935483871
519;63,8204927400612;25,7768287082061;0,967741935483871;0,967741935483871
520;61,7974303135621;14,4592607603157;1;1
521;59,0427939893145;16,3681332973255;1;1
522;59,1793648483805;22,6587037471961;1;1
523;60,2972060793192;17,1533254297885;1;1
524;58,4680933471836;16,0333628116211;0,967741935483871;0,967741935483871
525;61,0686170827778;12,578541165211;1;1
526;59,8291601377428;22,9984135386478;0,967741935483871;0,967741935483871
527;60,9458122497959;10,1092716592522;1;1
528;59,5957968421902;13,2760343294531;0,967741935483871;0,967741935483871
529;59,5146020511834;11,5970765522847;0,967741935483871;0,967741935483871
530;60,1615015449204;21,1325617589246;0,967741935483871;0,967741935483871
531;61,7705668800106;18,5257962086514;1;1
532;60,2006759556489;20,7714916138522;0,967741935483871;0,967741935483871
533;61,1407001245655;22,3133128685687;0,967741935483871;0,967741935483871
534;62,1134896997239;13,494591589029;0,967741935483871;0,967741935483871
535;59,9172149359321;20,3005201046881;0,967741935483871;0,967741935483871
536;67,5369164535646;33,0706268019756;0,967741935483871;0,967741935483871
537;61,8344068947399;26,1176866566759;0,967741935483871;0,967741935483871
538;62,590778239571;17,9484016451182;0,967741935483871;0,967741935483871
539;62,375257007219;38,1252619718509;0,967741935483871;0,967741935483871
540;59,7204684781972;18,9590858912576;0,967741935483871;0,967741935483871
541;64,9187840877042;33,5372389735716;1;1
542;59,6581729814396;15,9494302152112;0,967741935483871;0,967741935483871
543;61,6496179819094;22,5484783304378;0,967741935483871;0,967741935483871
544;60,4122821153784;23,7926804042095;0,967741935483871;0,967741935483871
545;60,3156364021816;5,79886199186962;1;1
546;61,3465615644055;24,6987224740583;1;1
547;59,9960592141085;18,5720029342248;1;1
548;60,4014369952324;12,4220237074219;1;1
549;63,3206602324228;24,3391707324704;0,967741935483871;0,967741935483871
550;63,1901658890401;10,047566772536;1;1
551;65,876942712122;15,3165754606535;0,967741935483871;0,967741935483871
552;61,8395617509166;16,0744775974199;1;1
553;58,2936131614529;12,4385359285949;0,967741935483871;0,967741935483871
554;62,4690468528505;28,8946334073754;1;1
555;62,5207087925028;18,8117032342736;0,967741935483871;0,967741935483871
556;63,452884607698;27,6516745786393;0,967741935483871;0,967741935483871
557;62,2696678339708;21,707383170185;0,967741935483871;0,967741935483871
558;62,4249396508755;20,5300663781729;0,967741935483871;0,967741935483871
559;61,2426485204535;7,35037266472806;0,967741935483871;0,967741935483871
560;62,4603699581441;9,2113331544075;1;1
561;60,2658590367097;17,0795529375186;0,967741935483871;0,967741935483871
562;59,0586275404446;5,08404782966924;0,967741935483871;0,967741935483871
563;61,4247959046717;14,1859037174939;0,967741935483871;0,967741935483871
564;60,3853365400805;8,80430447894708;1;1
565;62,9619774725404;19,1308517044214;1;1
566;59,585336349514;14,3214463314456;0,967741935483871;0,967741935483871
567;60,4855493703326;23,8708558248286;1;1
568;60,8654870730791;19,7717255792074;0,967741935483871;0,967741935483871
569;59,6464863490565;8,33061295927828;1;1
570;61,525936023295;31,7250414089397;0,967741935483871;0,967741935483871
571;60,2436517239033;16,8102576583445;0,967741935483871;0,967741935483871
572;61,1626201248001;20,1075835373596;0,967741935483871;0,967741935483871
573;63,4568389374673;19,9199684647937;0,967741935483871;0,967741935483871
574;61,5680541329003;15,2388958519768;1;1
575;60,4833493812919;5,826120417673;0,967741935483871;0,967741935483871
576;61,9897128546094;16,9322102455434;1;1
577;59,5320962075244;19,3560849384157;1;1
578;60,066018118363;21,3798851434341;0,967741935483871;0,967741935483871
579;60,7464917280974;15,5632103283766;0,967741935483871;0,967741935483871
580;59,9495752951155;9,53863077074805;0,967741935483871;0,967741935483871
581;58,3404977950148;9,19299249811271;1;1
582;61,6065962622277;15,2689447103985;0,967741935483871;0,967741935483871
583;59,2419322100183;27,6027518905313;0,967741935483871;0,967741935483871
584;63,2612613306921;22,0010952371957;0,967741935483871;0,967741935483871
585;59,2485466957768;10,777742579436;1;1
586;60,7174284459733;14,7837546409822;0,967741935483871;0,967741935483871
587;61,4862057273995;17,7446125520772;1;1
588;60,1520692482458;11,0053923755516;0,967741935483871;0,967741935483871
589;62,3389755397697;19,1465989919937;1;1
590;59,4557940215154;22,5571223578286;1;1
591;60,5870598029594;10,0321091872007;1;1
592;61,1949319550073;15,0653020346736;1;1
593;59,6795610197735;16,0244038991749;0,967741935483871;0,967741935483871
594;63,3415903651371;15,8136078373513;0,967741935483871;0,967741935483871
595;62,5802874624333;17,2865566002057;1;1
596;59,9984795014066;19,0337025895445;1;1
597;61,2274496780854;31,526560258153;0,967741935483871;0,967741935483871
598;59,6762949366517;10,7040385344948;1;1
599;60,4063430820965;11,5167051904697;0,967741935483871;0,967741935483871
600;59,9423562661412;11,3422887514536;0,967741935483871;0,967741935483871
601;59,5564175489049;8,93804863753513;1;1
602;62,2318605207198;17,2537521874091;1;1
603;62,2470805480129;9,36472130492639;1;1
604;61,8273733443659;18,0334381691324;0,967741935483871;0,967741935483871
605;61,1766002206169;34,2722803909688;0,967741935483871;0,967741935483871
606;59,0029903492657;10,6948424924223;1;1
607;60,1616608612223;5,77721675474227;1;1
608;61,6814396104519;26,6617576925094;0,967741935483871;0,967741935483871
609;61,3534253210724;19,0093214284258;1;1
610;61,0342990108412;12,6060268075982;1;1
611;58,7753431024485;5,77011624387298;0,967741935483871;0,967741935483871
612;59,756237401376;11,9441985256358;0,967741935483871;0,967741935483871
613;59,3253635405021;9,14528753725368;0,967741935483871;0,967741935483871
614;59,7644237302034;17,7628190390003;1;1
615;61,3964229833008;30,4605767265655;0,967741935483871;0,967741935483871
616;60,7543591745853;31,035819009863;1;1
617;60,0635709086538;13,4260984809;0,967741935483871;0,967741935483871
618;61,1772370062935;32,6668722023923;0,967741935483871;0,967741935483871
619;60,2554286532304;23,4785416657645;1;1
620;61,2357986097464;15,9007469085023;0,967741935483871;0,967741935483871
621;61,4404229210584;6,98123647230727;0,967741935483871;0,967741935483871
622;60,3756401189114;10,2958709260328;0,967741935483871;0,967741935483871
623;60,9944242620118;15,9993364832251;0,967741935483871;0,967741935483871
624;60,5920854696565;13,2988610372143;1;1
625;59,6438505381546;12,0590557918093;1;1
626;59,500388147933;15,1221648058705;0,967741935483871;0,967741935483871
627;60,7809706691715;8,45613608749672;1;1
628;61,1834607965536;10,7296002216897;0,967741935483871;0,967741935483871
629;60,3970195848108;15,7875011344582;0,967741935483871;0,967741935483871
630;62,1148747247331;9,23870134020813;1;1
631;62,2112381800887;13,6573504187576;0,967741935483871;0,967741935483871
632;59,2326164917573;18,5317032191361;1;1
633;61,1164628351677;18,2195872711024;1;1
634;60,0851286137741;18,3740475773503;0,967741935483871;0,967741935483871
635;60,3882695665411;19,9630477150906;1;1
636;62,8497137897612;25,7942594980123;0,967741935483871;0,967741935483871
637;59,9383351434595;10,4187570412006;1;1
638;61,1718097671295;8,72399696148258;0,967741935483871;0,967741935483871
639;59,7990769737564;17,6008650665306;1;1
640;62,3169122553264;17,4435352490136;1;1
641;60,7698756005758;11,3667243091668;1;1
642;57,7559732238315;8,62060110547321;0,967741935483871;0,967741935483871
643;62,931067996678;24,4935979394891;1;1
644;62,9692930047091;30,0720343314947;1;1
645;60,8458439962272;11,3687039148236;0,967741935483871;0,967741935483871
646;60,6881759607389;24,8450377376792;0,967741935483871;0,967741935483871
647;62,3754190150205;16,5212733001486;0,967741935483871;0,967741935483871
648;59,6963685420223;15,6164709642836;0,967741935483871;0,967741935483871
649;60,1573747032067;10,3502981642698;1;1
650;63,3664391108639;26,8817427177153;1;1
651;60,4036442923208;10,2651995578549;1;1
652;62,1897309618831;16,7072788099486;1;1
653;61,2904811729359;18,0851716173658;1;1
654;61,6485907858556;8,38277433953558;1;1
655;61,6217318336051;7,83791653049499;1;1
656;61,0068547571354;15,5264647780897;0,967741935483871;0,967741935483871
657;60,9293718837206;9,53290421021996;1;1
658;59,1410714473222;5,85967355116117;0,903225806451613;0,903225806451613
659;60,8758201371491;13,8562611137061;1;1
660;62,1046115227863;16,8359914927084;1;1
661;59,3074662272198;9,99957447443066;0,967741935483871;0,967741935483871
662;60,4210502673829;10,7947358656028;0,967741935483871;0,967741935483871
663;58,0486749012164;25,5311796831663;1;1
664;61,6700836394183;15,8123249413284;0,967741935483871;0,967741935483871
665;61,1074804782817;24,1796554215324;0,967741935483871;0,967741935483871
666;60,8686683137686;6,63705602995223;1;1
667;60,0545248852136;17,2245998878429;1;1
668;59,8395379297421;5,03331622004082;1;1
669;63,4866668237954;21,9606827891227;1;1
670;61,2479889289195;19,1606715621701;0,967741935483871;0,967741935483871
671;59,4762227558347;5,92319225203561;0,967741935483871;0,967741935483871
672;59,2814322788033;9,51321593357438;1;1
673;59,7430689847538;9,54048704520279;1;1
674;60,0942208265412;12,7954939162341;1;1
675;60,4979993945058;15,8771536601728;1;1
676;60,8472154979803;24,2001995374372;0,967741935483871;0,967741935483871
677;61,5782184480584;12,9297642807503;0,967741935483871;0,967741935483871
678;59,9850196781258;9,43802554032941;1;1
679;59,6628812591923;14,7142700518652;0,967741935483871;0,967741935483871
680;59,2429969419894;17,1094687441486;1;1
681;63,3163250967067;25,0722370345515;1;1
682;62,901844091225;6,12543225544409;0,967741935483871;0,967741935483871
683;61,9734442528505;14,3771197552787;0,967741935483871;0,967741935483871
684;60,5711444766395;16,0002321401986;1;1
685;61,4415413263374;12,4090461576985;1;1
686;60,5960793423478;20,8739880997142;0,967741935483871;0,967741935483871
687;58,2378280430355;10,7621420316447;0,903225806451613;0,903225806451613
688;59,9219975192659;25,2357000426706;1;1
689;59,4290850029156;19,3623277872185;0,967741935483871;0,967741935483871
690;60,1583418181439;8,14756432883031;1;1
691;58,9552345550549;9,00621925379438;0,967741935483871;0,967741935483871
692;61,794711919307;16,7448261415946;0,967741935483871;0,967741935483871
693;61,3209167452085;13,3636752704285;0,967741935483871;0,967741935483871
694;65,7950258775064;20,3522897757866;0,967741935483871;0,967741935483871
695;60,0819362915599;25,9633337154309;0,967741935483871;0,967741935483871
696;61,304254112962;20,189021586858;0,967741935483871;0,967741935483871
697;60,9744700652116;8,85199095711891;0,967741935483871;0,967741935483871
698;62,3554446867775;20,5010673471347;1;1
699;59,3908293083079;10,6618599078078;1;1
700;59,950635129102;12,9260003378046;0,967741935483871;0,967741935483871
701;60,0997740064711;12,1118518760061;0,967741935483871;0,967741935483871
702;61,2107737317474;9,62742663948327;0,967741935483871;0,967741935483871
703;60,000260430107;13,0300264929934;1;1
704;59,7563818472198;14,8027303175415;0,967741935483871;0,967741935483871
705;61,2749122685733;11,7122003993035;0,967741935483871;0,967741935483871
706;60,095343073259;11,1271336092088;0,967741935483871;0,967741935483871
707;59,7808153301493;21,2099109146731;1;1
708;60,7655545027861;12,9706043101495;0,967741935483871;0,967741935483871
709;63,2843475047576;30,3201117581517;1;1
710;62,4392310139776;18,7171815555711;0,967741935483871;0,967741935483871
711;61,3823626426748;27,3840121998995;1;1
712;62,9853936506923;21,9091376185336;0,967741935483871;0,967741935483871
713;60,3563074648017;8,42050953957786;1;1
714;59,9612716832108;18,5927088166056;0,967741935483871;0,967741935483871
715;60,6353752453873;28,7359705111421;1;1
716;61,8468616265019;18,08821623452;1;1
717;58,9673292870805;10,4490309593411;1;1
718;61,9673969582914;6,90780652102096;1;1
719;60,1767502538221;17,7001442779294;1;1
720;61,9893020216506;16,0349970074338;1;1
721;61,9806009600308;15,5595403833822;0,870967741935484;0,870967741935484
722;59,4219409980531;11,4687588348255;0,967741935483871;0,967741935483871
723;60,7833630795866;17,4252955492589;0,967741935483871;0,967741935483871
724;63,0286428385986;21,8414705756317;1;1
725;61,4363723778641;9,05885616203741;0,967741935483871;0,967741935483871
726;62,8874413674873;22,892198974808;1;1
727;60,9251444396337;13,5957906383778;0,967741935483871;0,967741935483871
728;65,343443513415;21,284575879561;0,967741935483871;0,967741935483871
729;61,1198755990585;22,8721565396002;0,967741935483871;0,967741935483871
730;58,7919621273347;13,5856889571482;1;1
731;61,4227719647666;14,7394530351273;0,967741935483871;0,967741935483871
732;62,264382733533;18,4519653741075;0,967741935483871;0,967741935483871
733;62,0696215282235;10,9653828709547;1;1
734;58,4180076569966;12,3957144164067;0,967741935483871;0,967741935483871
735;61,3036721457206;17,6291149206361;0,967741935483871;0,967741935483871
736;60,9787951869988;13,4768038276076;1;1
737;63,1174493877697;34,4989058410696;0,967741935483871;0,967741935483871
738;60,3510707908975;21,7641880830642;0,967741935483871;0,967741935483871
739;59,3330565725106;13,3791492166481;1;1
740;60,5857102558922;17,7896303911839;1;1
741;59,230959269204;14,6175842278765;0,967741935483871;0,967741935483871
742;60,0045150505429;8,26905613424192;0,967741935483871;0,967741935483871
743;59,303172505769;11,6014651551813;1;1
744;59,6648621712097;24,6955596846163;0,967741935483871;0,967741935483871
745;60,7692747589624;5,70578497456789;0,967741935483871;0,967741935483871
746;59,9729015913108;6,57882949531957;1;1
747;62,0480460156245;13,4375495238644;1;1
748;59,746196883286;6,94643357585593;1;1
749;61,2335610108934;29,2658163162356;1;1
750;63,876409662327;22,2437350427647;0,967741935483871;0,967741935483871
751;62,4025529598369;25,8387144678289;1;1
752;58,2029048847948;12,5911926147317;0,967741935483871;0,967741935483871
753;60,8851545808566;13,4577399888952;1;1
754;61,6226679380256;21,8799840116307;1;1
755;62,0018491381834;39,1238512810186;1;1
756;62,8019548650452;9,37984697354095;0,870967741935484;0,870967741935484
757;58,9145306715653;19,3027880463376;0,967741935483871;0,967741935483871
758;61,5044913199917;18,1939927965937;0,967741935483871;0,967741935483871
759;60,806583234239;13,0461428063241;1;1
760;62,4424714923768;23,6722703761758;1;1
761;59,7163679784095;25,1559007803987;0,967741935483871;0,967741935483871
762;63,0217266473429;22,400648401733;1;1
763;59,6339700320243;14,6961059843706;0,967741935483871;0,967741935483871
764;61,1148291309918;12,9192586686635;0,967741935483871;0,967741935483871
765;60,5586628087114;23,8041385213885;0,967741935483871;0,967741935483871
766;62,3514190802307;22,7433948657661;1;1
767;60,1370272896968;15,1483833615909;0,967741935483871;0,967741935483871
768;58,9958684509463;6,97438024872404;1;1
769;60,6617668454342;23,3872845051881;1;1
770;60,1844148027386;15,9994041014715;0,967741935483871;0,967741935483871
771;59,7584829401932;10,2439652747373;0,967741935483871;0,967741935483871
772;59,5847338392837;3,79987783931373;0,967741935483871;0,967741935483871
773;60,9454095659281;11,5115914390326;1;1
774;62,0040043589331;24,9441432360919;1;1
775;59,7217790929962;10,8935992638365;0,967741935483871;0,967741935483871
776;61,4228111288908;11,9977485843263;1;1
777;61,9751056163849;27,6988550569122;1;1
778;59,5090598981912;13,8584349692137;1;1
779;60,0740679093211;9,03545594099772;0,967741935483871;0,967741935483871
780;60,2189564580666;12,4490212847708;0,967741935483871;0,967741935483871
781;60,5637636066517;13,3395366534595;1;1
782;60,2743749486967;7,34139554979461;0,967741935483871;0,967741935483871
783;59,2354325806518;6,80756308361755;0,967741935483871;0,967741935483871
784;60,6941004085525;10,570878861109;0,967741935483871;0,967741935483871
785;61,2748759400281;26,4447294854373;1;1
786;61,8057569963158;17,9775924967512;1;1
787;60,9878317443751;15,4563827860686;1;1
788;61,2477049839197;15,1141513018121;1;1
789;58,1153311860996;6,41351902038772;0,967741935483871;0,967741935483871
790;61,5457328990349;12,7617136339021;1;1
791;61,7571964663049;11,9204143345117;1;1
792;58,8291033627562;9,1564309434768;1;1
793;60,6105225484887;14,0787389369331;0,967741935483871;0,967741935483871
794;61,4935484484133;12,2195872436361;1;1
795;58,9583773394365;9,17482470938288;0,967741935483871;0,967741935483871
796;59,8778743862883;18,7376136438877;0,967741935483871;0,967741935483871
797;59,1019753364088;15,229868659615;1;1
798;59,4616689539505;30,3164153967561;1;1
799;61,0657548061652;20,4820367618178;0,967741935483871;0,967741935483871
800;60,3842511018944;11,3348815777616;1;1
801;62,3759738966494;20,1300946883929;1;1
802;65,1445853358661;17,5593431609054;0,967741935483871;0,967741935483871
803;59,6863219947324;10,4440949792822;1;1
804;61,2564554729497;26,9576614020913;1;1
805;59,7623733838784;10,0145829048472;0,967741935483871;0,967741935483871
806;62,225079103831;22,3554999881171;1;1
807;60,1448911095836;15,2789571166074;0,967741935483871;0,967741935483871
808;60,5207568500584;14,7113656812005;0,967741935483871;0,967741935483871
809;62,4975844782657;7,97358353600146;1;1
810;60,2055938792889;10,8313491211489;0,967741935483871;0,967741935483871
811;61,4433031751244;7,54576510149314;0,870967741935484;0,870967741935484
812;63,3215937113704;17,6508019087471;1;1
813;60,3171085590049;9,33580631618499;1;1
814;58,8694434438761;20,1331182735421;1;1
815;60,8115987350564;23,987438164373;0,967741935483871;0,967741935483871
816;57,7531113503648;10,067087821607;0,967741935483871;0,967741935483871
817;60,6251816182547;13,4442790154325;0,967741935483871;0,967741935483871
818;62,2316636489421;23,5056117262614;0,967741935483871;0,967741935483871
819;58,5052037785681;13,4377319363931;0,967741935483871;0,967741935483871
820;62,4945289344548;19,6177518458569;0,967741935483871;0,967741935483871
821;62,0961364096885;11,949673214609;0,967741935483871;0,967741935483871
822;59,3032440158119;11,4489902609651;1;1
823;62,1718330143593;27,4278167684536;0,967741935483871;0,967741935483871
824;61,0716086122109;17,035654212532;0,967741935483871;0,967741935483871
825;61,5422100696009;14,2793571357857;1;1
826;60,2530890738745;7,39421169456223;1;1
827;62,2295279149277;27,1886091258264;0,967741935483871;0,967741935483871
828;62,2889440962367;10,1889357305995;0,967741935483871;0,967741935483871
829;61,0356910193389;15,4520199733475;0,967741935483871;0,967741935483871
830;61,0447862756686;18,2955406917763;0,967741935483871;0,967741935483871
831;60,9406609525791;12,2637573126366;0,967741935483871;0,967741935483871
832;60,7886524704456;17,6887505844705;1;1
833;60,4159240357166;11,7519517383694;0,967741935483871;0,967741935483871
834;60,2221762578403;19,8923656955269;1;1
835;64,4732564026714;24,2247696258729;0,967741935483871;0,967741935483871
836;61,2525889599719;9,16811188074976;1;1
837;62,9296226272164;31,7470540837631;0,967741935483871;0,967741935483871
838;61,9674859633162;28,4943537304211;0,967741935483871;0,967741935483871
839;61,198233285431;10,7224042938232;0,967741935483871;0,967741935483871
840;58,9332404530458;15,6076059832941;0,967741935483871;0,967741935483871
841;60,9950751016734;15,7770606439205;1;1
842;61,4184190423306;20,9506429118387;0,967741935483871;0,967741935483871
843;61,0471650354431;26,4794403233702;1;1
844;60,4475394797477;5,53936383150504;0,967741935483871;0,967741935483871
845;63,9818271405418;33,6814813746401;1;1
846;58,6726712312216;9,07024454360488;0,967741935483871;0,967741935483871
847;62,9711562245726;24,8395454267704;0,967741935483871;0,967741935483871
848;62,8096445546977;21,2139663622108;0,967741935483871;0,967741935483871
849;60,0678400940584;14,0057389249525;0,967741935483871;0,967741935483871
850;59,1192118223214;20,2022563733548;0,967741935483871;0,967741935483871
851;63,5971907821791;28,9513659981108;0,967741935483871;0,967741935483871
852;61,8032860513551;21,0256316895364;0,967741935483871;0,967741935483871
853;64,1862871938827;12,5521719965297;1;1
854;59,5829012655079;17,3570069570451;0,967741935483871;0,967741935483871
855;59,8111958197625;13,7971766196621;1;1
856;59,3792419853393;14,3263187688135;0,967741935483871;0,967741935483871
857;61,4650373215328;31,4562716465137;1;1
858;60,4859527038193;11,3091229838223;1;1
859;63,5720995416433;30,7041077548499;1;1
860;60,1051864631839;25,0873444699162;0,967741935483871;0,967741935483871
861;61,9976654473023;15,2958575533083;0,967741935483871;0,967741935483871
862;59,7823410891074;24,0448273442157;1;1
863;61,1539580004842;8,54458665379945;1;1
864;61,211022946488;13,6726401933801;0,967741935483871;0,967741935483871
865;62,742552863322;15,0906071186988;1;1
866;62,7149297235657;19,7930320359931;0,967741935483871;0,967741935483871
867;66,1558172138667;26,3450654923803;1;1
868;62,3192350666613;16,5554205215932;1;1
869;61,2430460122994;22,6103253348433;0,967741935483871;0,967741935483871
870;61,5824940904386;16,4056685953901;1;1
871;58,1300591862242;13,4045016398719;0,967741935483871;0,967741935483871
872;59,513788652499;20,6839714982616;1;1
873;60,2053107037099;22,7178512184836;0,967741935483871;0,967741935483871
874;61,3976515847269;16,0902692631976;0,967741935483871;0,967741935483871
875;61,5747130221439;28,3592973498833;0,967741935483871;0,967741935483871
876;58,6547318259949;15,3400936339846;1;1
877;59,1331770704689;26,1474954123918;1;1
878;62,0934304733197;14,7568406228752;1;1
879;60,9761975998109;8,56416587027986;1;1
880;60,8050913870106;9,94396431704217;1;1
881;61,7307698758106;12,5298217909815;1;1
882;61,5932596542112;23,4936893225348;0,967741935483871;0,967741935483871
883;60,3051441536083;16,0385874017825;0,967741935483871;0,967741935483871
884;61,0370582983879;8,83097216682429;0,870967741935484;0,870967741935484
885;60,1199679749554;15,177512672698;0,967741935483871;0,967741935483871
886;61,5869700454244;31,9949236330306;1;1
887;61,6878527472125;13,6278280984307;0,967741935483871;0,967741935483871
888;60,8435872267154;18,5232358602161;0,967741935483871;0,967741935483871
889;57,985232961484;8,95449908309876;0,967741935483871;0,967741935483871
890;60,3419459407353;21,7513190182428;0,967741935483871;0,967741935483871
891;60,4015315732239;28,6052833832867;1;1
892;60,0832399404465;7,6498171058937;1;1
893;58,7215391238988;13,2350825732044;0,967741935483871;0,967741935483871
894;60,0520516839702;13,9812956454645;1;1
895;65,7887769440219;23,7523100827288;1;1
896;63,182752273474;20,7611211159522;0,967741935483871;0,967741935483871
897;60,008831325264;8,51784071512393;1;1
898;59,2702286094017;10,2124485479882;1;1
899;58,694919132443;17,345235727702;0,967741935483871;0,967741935483871
900;59,7517443407868;21,6941161752095;0,967741935483871;0,967741935483871
901;60,2858805475886;11,0758167411164;1;1
902;65,3034305135011;33,7613398364369;1;1
903;60,8817355681366;17,7222930334488;0,967741935483871;0,967741935483871
904;58,4196235231377;13,3346372986045;0,967741935483871;0,967741935483871
905;64,3284610084792;22,5757622265016;1;1
906;61,2081089706768;38,8374056245788;0,967741935483871;0,967741935483871
907;60,0531567354838;20,3371303911681;0,967741935483871;0,967741935483871
908;60,6250214866581;14,6617549435611;0,967741935483871;0,967741935483871
909;62,0440245385246;17,8848162366554;1;1
910;61,2252148210986;11,9888389590235;0,967741935483871;0,967741935483871
911;59,679268868308;12,0051344793981;0,903225806451613;0,903225806451613
912;61,3495544741198;14,6143523775048;0,967741935483871;0,967741935483871
913;59,0937947880314;19,0034975486757;0,967741935483871;0,967741935483871
914;61,4419834218555;9,37712536526128;1;1
915;60,284042800443;15,6419341620169;0,967741935483871;0,967741935483871
916;64,131665120008;29,2712941391727;1;1
917;60,4174235491882;17,2337155596812;0,967741935483871;0,967741935483871
918;61,3167582068056;14,52380455599;0,967741935483871;0,967741935483871
919;62,6624490463111;26,7914839531379;1;1
920;62,5105574108969;26,2544700677978;1;1
921;61,9041053052101;19,6360088375994;1;1
922;61,6112925072921;9,40217309098407;0,967741935483871;0,967741935483871
923;62,4052255373006;18,3804131308095;1;1
924;61,4960973990393;16,0772323406256;0,967741935483871;0,967741935483871
925;60,3234977668191;17,8371270017949;1;1
926;59,6178138195113;16,0251062679164;1;1
927;57,7643196776627;17,6957777504047;1;1
928;59,978731021295;28,929041703928;0,967741935483871;0,967741935483871
929;58,5490078415307;17,0939415191778;0,967741935483871;0,967741935483871
930;58,3176428303246;9,96185046164323;0,967741935483871;0,967741935483871
931;59,1888125450756;23,7339110684335;1;1
932;60,7874600635323;13,0079300151339;1;1
933;63,4547251724215;12,3603465312154;1;1
934;62,8233232403692;17,2209938752249;1;1
935;57,9922402109831;12,5495736285395;0,967741935483871;0,967741935483871
936;58,8677746872594;9,87509939504419;1;1
937;60,6290563545943;11,520705489561;1;1
938;59,3985017205817;8,79735363723092;1;1
939;61,1384359056692;18,2318678470996;0,967741935483871;0,967741935483871
940;61,5222973310168;14,1900197816679;0,967741935483871;0,967741935483871
941;59,2823509024644;18,5036344596938;0,967741935483871;0,967741935483871
942;60,4131399401886;12,6857059461134;1;1
943;60,3832929047883;11,7262146635608;0,967741935483871;0,967741935483871
944;64,0728873628954;18,5978588068061;0,903225806451613;0,903225806451613
945;60,3971273232217;10,3868278123162;1;1
946;62,5774260325619;12,9921697354721;0,967741935483871;0,967741935483871
947;61,8220419589436;16,6774160846992;1;1
948;61,5506189020519;12,3330463629833;0,967741935483871;0,967741935483871
949;61,2647406917111;12,4277311750478;0,967741935483871;0,967741935483871
950;62,3163531430699;20,490171790434;1;1
951;60,517796985141;22,1363156101417;1;1
952;60,0720132996692;12,1897234561303;0,967741935483871;0,967741935483871
953;61,2801098932145;10,7332282348675;0,967741935483871;0,967741935483871
954;61,4402367820478;10,3839486124982;1;1
955;61,0279534413534;10,4456020080883;1;1
956;59,9049689370382;10,5834397030463;1;1
957;60,739604318949;15,5682199919622;0,967741935483871;0,967741935483871
958;58,750954445547;13,4101025953741;0,967741935483871;0,967741935483871
959;61,9475482039876;15,5550952052981;1;1
960;60,3547354410496;17,467091958511;0,967741935483871;0,967741935483871
961;61,9774536863679;12,1327611857045;1;1
962;60,3061374396626;6,04538470438114;0,967741935483871;0,967741935483871
963;60,0997056746473;11,6374555342141;1;1
964;59,2644120212727;16,8069871003191;1;1
965;58,6123095719916;6,82807204993208;0,967741935483871;0,967741935483871
966;60,3184098936927;19,4562133030787;0,967741935483871;0,967741935483871
967;63,1581678723603;14,5036183525487;0,967741935483871;0,967741935483871
968;59,1940888247257;8,84328184961431;0,967741935483871;0,967741935483871
969;61,5713468789958;21,7464707488019;1;1
970;60,3513373118164;11,9291886984679;1;1
971;60,9611370695893;9,57148929000547;0,967741935483871;0,967741935483871
972;61,6715975782173;12,0226794321021;1;1
973;58,7899913066488;14,8042776524363;1;1
974;60,5678522590203;17,7211713198603;1;1
975;64,7609837855784;10,6746809722987;1;1
976;61,2611777260276;28,1116650471046;0,967741935483871;0,967741935483871
977;62,3243348642872;16,87131144891;0,967741935483871;0,967741935483871
978;61,7801654992702;23,4216468281627;1;1
979;60,5877425968954;20,3733723254453;1;1
980;60,1376773269249;10,7446688977867;0,967741935483871;0,967741935483871
981;58,9852898559594;5,74099162571442;1;1
982;59,7006454985709;15,1685046962642;0,967741935483871;0,967741935483871
983;62,3017637911015;14,3462622156674;1;1
984;60,2135849287485;9,31943792953049;0,967741935483871;0,967741935483871
985;62,0900445893752;20,8853228643829;1;1
986;59,7275739147944;13,2306242372193;1;1
987;61,8676060417236;19,5537000829086;1;1
988;59,7665306072745;18,3098335085115;0,967741935483871;0,967741935483871
989;59,6622567604757;8,7789848628096;1;1
990;63,4862624479811;28,1330835486073;0,967741935483871;0,967741935483871
991;63,3574473085111;28,0596174944964;1;1
992;63,1584299985709;17,7891862216743;0,967741935483871;0,967741935483871
993;60,0551975121339;8,03817451345167;1;1
994;60,0736801008882;20,9294669821691;0,967741935483871;0,967741935483871
995;61,4416937372107;7,0272700788365;0,967741935483871;0,967741935483871
996;60,8413450231401;9,39232444229475;0,967741935483871;0,967741935483871
997;62,7652253904253;19,4492185253711;0,967741935483871;0,967741935483871
998;60,4800336107761;13,4882745297722;1;1
999;59,7633725746617;16,1171864799171;1;1
