0;190,755477474269;155,759368076639;0,99009900990099;0,99009900990099
1;192,907884490386;194,595451410446;0,99009900990099;1
2;185,342678224183;128,011808984358;0,99009900990099;0,99009900990099
3;184,561868354381;76,2091491268739;0,99009900990099;0,99009900990099
4;188,622502734402;99,6466279935728;0,99009900990099;1
5;186,86649664393;64,827167959602;0,99009900990099;1
6;186,590755100461;94,1004898779138;0,99009900990099;1
7;185,596678387245;75,055378409527;0,99009900990099;0,99009900990099
8;187,734992730794;119,195628643718;0,99009900990099;0,99009900990099
9;188,102987071186;136,591749310166;0,99009900990099;0,99009900990099
10;185,109849218573;74,5434762635307;0,99009900990099;1
11;185,767180912249;143,793210380563;0,99009900990099;0,99009900990099
12;185,063123556746;133,544271196689;0,99009900990099;1
13;189,55066332297;81,6661235832563;0,99009900990099;1
14;190,299076365272;162,326877012661;0,99009900990099;1
15;187,909422489094;105,716729747046;0,99009900990099;0,99009900990099
16;188,024701370264;111,017624898664;0,99009900990099;0,99009900990099
17;185,672057765004;110,283872776103;0,99009900990099;0,99009900990099
18;189,233402498859;144,759229351186;0,99009900990099;0,99009900990099
19;187,27382299561;140,416883430194;0,99009900990099;0,99009900990099
20;190,781648920533;92,6535779547331;0,99009900990099;0,99009900990099
21;186,37602376431;73,2073369390394;0,99009900990099;1
22;185,303914781181;98,4562634217597;0,99009900990099;0,99009900990099
23;185,821514637594;87,9411259837183;0,99009900990099;0,99009900990099
24;186,38229120828;105,629749331904;0,99009900990099;1
25;186,960613065703;109,480245752374;0,99009900990099;0,99009900990099
26;194,592111219772;130,04971445987;0,99009900990099;0,99009900990099
27;189,047661986047;97,2460607483485;0,99009900990099;0,99009900990099
28;191,0121835512;211,197953429364;0,99009900990099;1
29;187,68450673142;144,974033630995;0,99009900990099;1
30;186,133053341007;163,198361365558;0,99009900990099;1
31;186,340400057719;201,993244956736;0,99009900990099;0,99009900990099
32;186,83848950902;83,4025681523947;0,99009900990099;1
33;190,001274227028;90,1174033275707;0,99009900990099;0,99009900990099
34;185,508880971797;143,656891226113;0,99009900990099;1
35;185,254852389564;112,662788880824;0,99009900990099;0,99009900990099
36;187,163456925521;129,973349284632;0,99009900990099;0,99009900990099
37;188,599943070961;205,643990559573;0,99009900990099;1
38;191,798696504645;153,362767003607;0,99009900990099;0,99009900990099
39;187,398797541919;87,0284258186842;0,99009900990099;0,99009900990099
40;185,720654669957;120,68469827265;0,99009900990099;1
41;185,587280555897;81,5412607999377;0,99009900990099;0,99009900990099
42;185,482612750916;97,7657620565699;0,99009900990099;1
43;189,228080958162;157,04417870632;0,99009900990099;0,99009900990099
44;186,991462210871;207,15249616273;0,99009900990099;1
45;188,547162333622;145,732062759133;0,99009900990099;1
46;183,767673588314;60,4005691335717;0,99009900990099;1
47;188,396669616592;138,382038375753;0,99009900990099;0,99009900990099
48;190,523469709815;116,197091191141;0,99009900990099;1
49;188,554729713928;137,217256823594;0,99009900990099;0,99009900990099
50;184,684296724446;79,8718942471652;0,99009900990099;0,99009900990099
51;188,585688762378;159,994052643062;0,99009900990099;1
52;191,114382722359;160,832745021223;0,99009900990099;0,99009900990099
53;185,268298642926;125,431071259385;0,99009900990099;0,99009900990099
54;187,059378419608;181,861613594924;0,99009900990099;0,99009900990099
55;185,984646027309;126,983803201046;0,99009900990099;1
56;186,347163064277;179,80174821281;0,99009900990099;0,99009900990099
57;195,276730937961;268,287378513068;0,99009900990099;1
58;187,03731669624;118,856113639482;0,99009900990099;1
59;186,256592141982;78,8769039587586;0,99009900990099;0,99009900990099
60;190,946777319972;132,645387695946;0,99009900990099;1
61;188,996921600956;140,072254656453;0,99009900990099;0,99009900990099
62;187,83725777927;72,6327092854517;0,99009900990099;0,99009900990099
63;188,69271678136;94,9936008865031;0,99009900990099;1
64;186,682868462331;129,500699502047;0,99009900990099;1
65;186,997865351548;90,876279630085;0,99009900990099;0,99009900990099
66;185,486499988401;112,858770699279;0,99009900990099;1
67;187,826435295919;156,925191598511;0,99009900990099;0,99009900990099
68;187,232500736461;97,3201593006981;0,99009900990099;0,99009900990099
69;189,376974927531;131,622764190848;0,99009900990099;1
70;184,253854913049;122,951795186209;0,99009900990099;0,99009900990099
71;190,7140778946;153,122467770114;0,99009900990099;0,99009900990099
72;185,571340469115;150,042849499963;0,99009900990099;1
73;185,490595884488;150,452682232265;0,99009900990099;0,99009900990099
74;187,954640390567;87,3769209078229;0,99009900990099;1
75;187,783843361799;70,8368471519975;0,99009900990099;0,99009900990099
76;187,480941178022;77,9147593001523;0,99009900990099;1
77;185,372531617621;64,5228075773101;0,99009900990099;1
78;188,366734766624;176,475198961688;0,99009900990099;1
79;190,559523348589;238,739493965155;0,99009900990099;1
80;184,589180206487;112,048503928607;0,99009900990099;0,99009900990099
81;185,058771436205;152,754909368799;0,99009900990099;0,99009900990099
82;185,07876113568;78,0942396213443;0,99009900990099;1
83;186,636978229981;63,2163840753487;0,99009900990099;0,99009900990099
84;185,309355099913;114,072917515268;0,99009900990099;1
85;187,413309219888;103,766319589938;0,99009900990099;1
86;188,355400921037;104,431161079476;0,99009900990099;1
87;187,269963884256;65,4022011219525;0,99009900990099;0,99009900990099
88;185,632915548541;130,61579092266;0,99009900990099;0,99009900990099
89;186,970861825954;93,6411228671743;0,99009900990099;1
90;185,220652316137;130,819382573635;0,99009900990099;0,99009900990099
91;183,236911563153;76,9695381008193;0,99009900990099;1
92;187,048825364672;138,837559027046;0,99009900990099;1
93;184,454802351996;193,956231826703;0,99009900990099;0,99009900990099
94;191,396092942516;138,963057988755;0,99009900990099;1
95;185,586853838723;42,6718153000312;0,99009900990099;1
96;186,147180542235;104,381693321275;0,99009900990099;0,99009900990099
97;185,783677992977;72,9336020199259;0,99009900990099;0,99009900990099
98;187,38469819321;97,9919102357497;0,99009900990099;1
99;188,234688861378;120,395166834589;0,99009900990099;1
100;184,912409528338;161,270694793493;0,99009900990099;1
101;190,321739789296;187,582149095217;0,99009900990099;0,99009900990099
102;186,50512922011;53,8356296123997;0,99009900990099;0,99009900990099
103;193,46530587004;242,335540027379;0,99009900990099;0,99009900990099
104;188,628148727767;108,255597258394;0,99009900990099;1
105;184,625350744225;82,048457601416;0,99009900990099;1
106;190,467486848259;104,293470429253;0,99009900990099;0,99009900990099
107;184,052415120861;74,2475312364963;0,99009900990099;0,99009900990099
108;194,257199365503;158,499202133791;0,99009900990099;1
109;187,334485305824;144,748175806609;0,99009900990099;1
110;184,8876526287;47,9239296230211;0,99009900990099;1
111;185,032753269186;84,5875796561305;0,99009900990099;0,99009900990099
112;188,089114833318;82,840289893044;0,99009900990099;1
113;186,058714800651;90,7463008231196;0,99009900990099;1
114;189,706767245737;128,157062182624;0,99009900990099;0,99009900990099
115;186,415963388349;71,1435782023313;0,99009900990099;0,99009900990099
116;185,628630873861;75,6375500918666;0,99009900990099;0,99009900990099
117;183,736918625063;109,833372733959;0,99009900990099;1
118;187,394720222617;93,3380662215305;0,99009900990099;0,99009900990099
119;186,705354343249;67,7818068992483;0,99009900990099;0,99009900990099
120;189,246183896065;161,696507243836;0,99009900990099;0,99009900990099
121;185,903227161694;100,362267270091;0,99009900990099;0,99009900990099
122;186,456430891431;196,114215425653;0,99009900990099;0,99009900990099
123;188,687794484995;102,348192898081;0,99009900990099;1
124;187,865904730945;136,189099125708;0,99009900990099;1
125;186,544323916351;89,054189745618;0,99009900990099;0,99009900990099
126;188,368382764101;133,650294465877;0,99009900990099;1
127;186,462745972606;155,91963249409;0,99009900990099;0,99009900990099
128;187,659601048742;91,6255187121649;0,99009900990099;0,99009900990099
129;188,607967458281;218,614359755529;0,99009900990099;1
130;185,999913956472;114,877947249416;0,99009900990099;0,99009900990099
131;191,353864801381;117,710343482288;0,99009900990099;0,99009900990099
132;189,196085701286;188,508226150372;0,99009900990099;1
133;184,70317109446;64,0423206720574;0,99009900990099;0,99009900990099
134;186,56922470228;66,78324789028;0,99009900990099;1
135;187,030840507079;88,2112501260521;0,99009900990099;0,99009900990099
136;186,251557953942;186,106590401088;0,99009900990099;0,99009900990099
137;183,911325402002;99,4358842329025;0,99009900990099;0,99009900990099
138;188,831901256081;209,490004238315;0,99009900990099;1
139;185,867910863936;87,4634928170093;0,99009900990099;1
140;190,014113943;154,429208446108;0,99009900990099;0,99009900990099
141;184,55100484339;74,667718564643;0,99009900990099;0,99009900990099
142;185,679675561991;85,1813368362961;0,99009900990099;1
143;188,524088834927;165,538690405327;0,99009900990099;0,99009900990099
144;187,363970913369;107,973537958724;0,99009900990099;0,99009900990099
145;191,181193911442;192,356223596193;0,99009900990099;0,99009900990099
146;185,002630306063;91,0463561088295;0,99009900990099;1
147;190,678037764351;88,808032603336;0,99009900990099;1
148;192,93006337622;203,139965308866;0,99009900990099;1
149;189,229385947241;180,864548701705;0,99009900990099;1
150;189,18589905012;139,770661470752;0,99009900990099;1
151;187,298330548033;127,621821872778;0,99009900990099;0,99009900990099
152;188,440411604949;153,612199489868;0,99009900990099;1
153;191,938815378079;176,213235193622;0,99009900990099;0,99009900990099
154;186,996764305338;107,950523577161;0,99009900990099;0,99009900990099
155;183,889467469342;96,5363947147719;0,99009900990099;0,99009900990099
156;186,835549144611;139,6214881166;0,99009900990099;1
157;184,435239289176;119,533014636521;0,99009900990099;0,99009900990099
158;188,003561706805;140,478872677943;0,99009900990099;0,99009900990099
159;187,434764725727;155,377672073328;0,99009900990099;1
160;186,829724659696;95,6992104338089;0,99009900990099;1
161;188,446874955284;114,283031076742;0,99009900990099;0,99009900990099
162;190,874518490331;124,71535628665;0,99009900990099;1
163;186,707659658864;166,899035123398;0,99009900990099;1
164;186,869406729194;87,3721499967438;0,99009900990099;0,99009900990099
165;188,314898179629;97,6816376066685;0,99009900990099;0,99009900990099
166;186,153164134057;103,80015566966;0,99009900990099;0,99009900990099
167;185,123231368144;48,4987859851233;0,99009900990099;1
168;186,737661562989;77,5408197337064;0,99009900990099;1
169;189,441484801274;168,208715165278;0,99009900990099;1
170;186,868689219964;83,4813448142467;0,99009900990099;0,99009900990099
171;186,745382260101;76,5731153575547;0,99009900990099;1
172;186,25784905042;85,1374532947482;0,99009900990099;0,99009900990099
173;185,787055845422;100,665326345992;0,99009900990099;0,99009900990099
174;184,874060037197;139,437918031389;0,99009900990099;0,99009900990099
175;189,714230789643;169,500485457398;0,99009900990099;0,99009900990099
176;184,216033522071;176,460504888805;0,99009900990099;1
177;184,651604441771;77,371191973462;0,99009900990099;0,99009900990099
178;189,942887622605;104,785272168268;0,99009900990099;0,99009900990099
179;187,139964006127;113,481802236749;0,99009900990099;1
180;186,862163646761;153,159878278862;0,99009900990099;0,99009900990099
181;186,972809686531;112,586557945835;0,99009900990099;0,99009900990099
182;188,443336060796;144,366662869515;0,99009900990099;0,99009900990099
183;186,885642135407;152,720278887405;0,99009900990099;1
184;187,672422590748;92,7961067727578;0,99009900990099;0,99009900990099
185;189,260156747011;138,107121212725;0,99009900990099;1
186;187,149775551971;84,746916968992;0,99009900990099;0,99009900990099
187;185,622162529231;123,871912996028;0,99009900990099;0,99009900990099
188;184,760102749489;151,434774835524;0,99009900990099;0,99009900990099
189;187,974340177598;89,3426620937807;0,99009900990099;1
190;188,412969557346;104,551847627468;0,99009900990099;1
191;184,317406362908;100,455322404048;0,99009900990099;0,99009900990099
192;188,35055327513;108,024379967217;0,99009900990099;0,99009900990099
193;186,651816616963;111,105236025508;0,99009900990099;0,99009900990099
194;187,481397676487;93,0232782817925;0,99009900990099;0,99009900990099
195;190,165934457351;166,041397644902;0,99009900990099;0,99009900990099
196;185,601524538755;86,8771737933986;0,99009900990099;1
197;185,207701653822;86,0513894208136;0,99009900990099;1
198;187,730012705682;147,923075261772;0,99009900990099;0,99009900990099
199;187,902405099843;135,924817112588;0,99009900990099;0,99009900990099
200;186,466973690253;174,90383615793;0,99009900990099;1
201;187,022394075522;86,7141215668609;0,99009900990099;1
202;188,275927204314;140,726491743137;0,99009900990099;0,99009900990099
203;183,739540416555;153,829509840259;0,99009900990099;1
204;190,120667540215;110,130922280103;0,99009900990099;0,99009900990099
205;186,391375158694;79,6063627128521;0,99009900990099;0,99009900990099
206;185,870830965067;124,125362622843;0,99009900990099;1
207;188,560419408302;156,2827059922;0,99009900990099;1
208;187,409676270486;157,649683996733;0,99009900990099;0,99009900990099
209;185,519710940873;92,8304827604551;0,99009900990099;0,99009900990099
210;188,997964782991;98,6185609440361;0,99009900990099;1
211;188,762447940867;153,694808395754;0,99009900990099;0,99009900990099
212;185,19028336826;109,446373719388;0,99009900990099;0,99009900990099
213;188,156146407639;124,07961186675;0,99009900990099;1
214;188,331639072231;106,389167987154;0,99009900990099;0,99009900990099
215;186,877591666687;66,9627410522141;0,99009900990099;0,99009900990099
216;186,812200988903;126,232151854059;0,99009900990099;0,99009900990099
217;184,596008213878;121,059122739058;0,99009900990099;0,99009900990099
218;185,497146124695;143,778610863494;0,99009900990099;0,99009900990099
219;187,449368868221;187,73641899908;0,99009900990099;0,99009900990099
220;188,464846736485;121,659650239655;0,99009900990099;1
221;187,564958453576;118,502279958553;0,99009900990099;0,99009900990099
222;186,544822472734;195,285556271493;0,99009900990099;0,99009900990099
223;184,705149580937;87,2337010069882;0,99009900990099;1
224;187,959564552931;110,209100338546;0,99009900990099;0,99009900990099
225;190,769602071609;234,226109480858;0,99009900990099;1
226;186,15841053835;116,994901378605;0,99009900990099;1
227;185,271290943625;93,6137771590739;0,99009900990099;1
228;185,036891486378;96,2101399115982;0,99009900990099;0,99009900990099
229;190,835551884516;87,7026899363643;0,99009900990099;0,99009900990099
230;185,510673350636;96,7067463594837;0,99009900990099;0,99009900990099
231;189,405297510357;188,323193373318;0,99009900990099;0,99009900990099
232;187,17276360252;125,018609561354;0,99009900990099;1
233;189,989368205776;106,561519158948;0,99009900990099;1
234;188,00444332524;121,575135594723;0,99009900990099;1
235;185,206376557623;134,714515977831;0,99009900990099;1
236;185,945208343671;79,648498408897;0,99009900990099;1
237;184;134,024544391288;0,831683168316832;0,831683168316832
238;186,507985171148;142,51404302176;0,99009900990099;0,99009900990099
239;190,204686271893;140,403233707003;0,99009900990099;1
240;187,471799938966;108,62008287012;0,99009900990099;0,99009900990099
241;193,754283005274;286,401304587562;0,99009900990099;0,99009900990099
242;185,896745741239;90,9554801741645;0,99009900990099;1
243;192,14048808163;158,724233059032;0,99009900990099;1
244;187,285792856461;114,01817483988;0,99009900990099;0,99009900990099
245;189,538283586318;96,2900782506788;0,99009900990099;0,99009900990099
246;191,077329962842;146,334593566927;0,99009900990099;0,99009900990099
247;189,182308128244;178,951424558943;0,99009900990099;0,99009900990099
248;191,919586773517;150,839915089886;0,99009900990099;0,99009900990099
249;185,119944072165;92,67302514828;0,99009900990099;0,99009900990099
250;184,816264824842;145,725826643628;0,99009900990099;1
251;185,99143237949;155,404656048402;0,99009900990099;0,99009900990099
252;188,865878753927;255,786335115716;0,99009900990099;1
253;184,467135605381;102,724764020981;0,99009900990099;1
254;187,026562440909;62,0108578320781;0,99009900990099;1
255;190,821291663234;126,303797805661;0,99009900990099;0,99009900990099
256;185,392877744658;126,987055516039;0,99009900990099;0,99009900990099
257;187,450122737659;80,371570961186;0,99009900990099;0,99009900990099
258;188,372235600324;143,421929404917;0,99009900990099;0,99009900990099
259;187,189943129122;91,1153527406405;0,99009900990099;1
260;185,52086496299;79,6521857660895;0,99009900990099;1
261;184,111138051357;150,088771207647;0,99009900990099;1
262;186,850935689877;75,7958267662887;0,99009900990099;0,99009900990099
263;189,397602046247;117,761941666795;0,99009900990099;0,99009900990099
264;183,95373595927;112,087545675981;0,99009900990099;1
265;189,894805548823;156,790366345161;0,99009900990099;1
266;189,3107704382;85,2448381486262;0,99009900990099;1
267;186,189383975093;109,898149724412;0,99009900990099;0,99009900990099
268;188,786262707335;96,5219716905064;0,99009900990099;0,99009900990099
269;184,800681157458;86,1864569822815;0,99009900990099;1
270;184,266641846972;118,080628181746;0,99009900990099;0,99009900990099
271;185,857564953655;115,916082157503;0,99009900990099;0,99009900990099
272;185,133023923059;76,7585723575642;0,99009900990099;1
273;187,142447467645;191,562132286063;0,99009900990099;0,99009900990099
274;185,075966596451;120,804833762981;0,99009900990099;0,99009900990099
275;188,421998337412;142,485451288699;0,99009900990099;0,99009900990099
276;184,938242191034;259,450054039571;0,99009900990099;0,99009900990099
277;188,493573007274;106,987549401126;0,99009900990099;0,99009900990099
278;190,482711366422;117,203252656394;0,99009900990099;0,99009900990099
279;189,477225109293;120,25455218633;0,99009900990099;0,99009900990099
280;194,355955072713;253,891131177399;0,99009900990099;1
281;187,625674429667;106,775643585097;0,99009900990099;0,99009900990099
282;183,783100263317;66,4583730537615;0,99009900990099;0,99009900990099
283;185,682320511266;80,7355850061189;0,99009900990099;1
284;187,132310922383;72,3713712131487;0,99009900990099;1
285;186,920880184908;93,3530971282011;0,99009900990099;0,99009900990099
286;185,544302643523;130,515827470372;0,99009900990099;1
287;187,495302261719;135,019925348626;0,99009900990099;1
288;185,356610037401;77,1041511605532;0,99009900990099;1
289;187,967629399988;108,567595406745;0,99009900990099;1
290;184,730556034551;121,664733575838;0,99009900990099;1
291;188,042197644058;124,43468004706;0,99009900990099;0,99009900990099
292;185,180179590232;123,364556209959;0,99009900990099;1
293;184,08780785669;178,353487678382;0,99009900990099;0,99009900990099
294;188,028198148626;221,215561432814;0,99009900990099;0,99009900990099
295;186,019736303887;122,101282897558;0,99009900990099;1
296;191,148479479717;151,183217801467;0,99009900990099;1
297;190,371675190725;175,698263239219;0,99009900990099;1
298;184,755645598109;121,102304174782;0,99009900990099;1
299;188,2706262236;74,3894808018269;0,99009900990099;1
300;185,938448850078;101,918360751913;0,99009900990099;0,99009900990099
301;187,156705860464;132,638598476066;0,99009900990099;1
302;183,474562710497;111,502739632987;0,99009900990099;1
303;183,423442162646;163,228172576335;0,99009900990099;1
304;185,721041184503;98,208869772548;0,99009900990099;1
305;184,354884568152;93,9987271260322;0,99009900990099;0,99009900990099
306;188,25053292441;247,829168477212;0,99009900990099;1
307;187,043059230896;99,6431387665535;0,99009900990099;0,99009900990099
308;191,307640616227;115,919667951701;0,99009900990099;0,99009900990099
309;184,474824168771;120,094955011066;0,99009900990099;1
310;187,502365539868;77,004070435484;0,99009900990099;0,99009900990099
311;187,536657754989;135,920317691446;0,99009900990099;0,99009900990099
312;189,930457308608;148,099713993123;0,99009900990099;0,99009900990099
313;188,224454353682;118,933206155155;0,99009900990099;0,99009900990099
314;184,270244888244;143,302126839688;0,99009900990099;1
315;187,965949375287;144,377455474825;0,99009900990099;1
316;196,947927348171;268,58327632419;0,99009900990099;1
317;189,596835019812;121,175325640203;0,99009900990099;1
318;185,446633221377;89,6633703889464;0,99009900990099;1
319;189,918678442813;128,128250471086;0,99009900990099;0,99009900990099
320;189,015611126055;91,5080100683725;0,99009900990099;0,99009900990099
321;185,201209375919;154,553912643728;0,99009900990099;1
322;187,574501037689;80,8966284733271;0,99009900990099;1
323;186,185605293361;171,782651937716;0,99009900990099;1
324;186,536086266934;201,053053210336;0,99009900990099;1
325;185,43891451898;125,812754569893;0,99009900990099;1
326;189,479550428007;85,2923878530037;0,99009900990099;1
327;184;112,343543097192;0,831683168316832;0,841584158415842
328;184;77,6072857530889;0,831683168316832;0,831683168316832
329;187,165067066124;109,649373669814;0,99009900990099;0,99009900990099
330;184;131,603539366535;0,831683168316832;0,841584158415842
331;187,778527145429;149,448835723971;0,99009900990099;1
332;190,387175801112;101,525340863842;0,99009900990099;1
333;184,462194742541;91,5600362211702;0,99009900990099;0,99009900990099
334;184;62,9567235303463;0,831683168316832;0,831683168316832
335;188,57014827513;91,5416717503268;0,99009900990099;0,99009900990099
336;187,783246212215;113,54165071359;0,99009900990099;0,99009900990099
337;188,563339458853;86,5380668379491;0,99009900990099;1
338;184,565135495917;100,901895184175;0,99009900990099;0,99009900990099
339;185,801062985521;130,343482553057;0,99009900990099;0,99009900990099
340;193,972340907474;366,949743205135;0,99009900990099;0,99009900990099
341;184,337102414908;100,742238291956;0,99009900990099;1
342;191,949399750141;123,211950002812;0,99009900990099;1
343;183,154292404831;62,2586263768161;0,99009900990099;0,99009900990099
344;192,256916586048;258,400469999877;0,99009900990099;1
345;187,313587888607;97,4036347657301;0,99009900990099;1
346;183,70576024735;135,32056075475;0,99009900990099;1
347;189,552366692183;90,4248844417752;0,99009900990099;1
348;186,477165670246;95,7363376542615;0,99009900990099;0,99009900990099
349;186,217156684755;78,1977563357974;0,99009900990099;0,99009900990099
350;189,033425366458;215,268937902587;0,99009900990099;1
351;189,22493569277;268,152180708111;0,99009900990099;0,99009900990099
352;183,586694854005;136,920121965238;0,99009900990099;0,99009900990099
353;189,475321713166;108,776298987504;0,99009900990099;1
354;191,463135720617;158,481988484837;0,99009900990099;1
355;188,45492756904;112,862434005193;0,99009900990099;1
356;186,007411509711;78,2515252045159;0,99009900990099;0,99009900990099
357;184,573032970402;126,611782767679;0,99009900990099;1
358;182,837373412853;78,2356840107696;0,99009900990099;1
359;184,289065459404;129,439092115743;0,99009900990099;0,99009900990099
360;185,709580587365;127,200855256748;0,99009900990099;0,99009900990099
361;185,041438925959;108,937357009266;0,99009900990099;1
362;189,827134301701;213,365278357193;0,99009900990099;1
363;184,862563745236;118,392516668912;0,99009900990099;0,99009900990099
364;193,449299599474;242,320113144994;0,99009900990099;1
365;191,237290643486;161,301769139677;0,99009900990099;0,99009900990099
366;185,833078835642;113,137996574135;0,99009900990099;0,99009900990099
367;184,787035855164;133,873723329277;0,99009900990099;1
368;186,197770743864;72,0776791499177;0,99009900990099;0,99009900990099
369;184,213415548238;51,7571927597411;0,99009900990099;1
370;190,035304567583;181,416287914114;0,99009900990099;1
371;184,934954637796;96,4599818422233;0,99009900990099;0,99009900990099
372;184,287802274349;65,931747980899;0,99009900990099;1
373;185,595939370563;125,384375642743;0,99009900990099;1
374;188,327084751931;144,457039689587;0,99009900990099;1
375;186,59699011467;148,829026252626;0,99009900990099;0,99009900990099
376;187,98937959924;163,134759081478;0,99009900990099;0,99009900990099
377;185,037836087718;126,999997533995;0,99009900990099;1
378;188,971319317037;154,65530050955;0,99009900990099;1
379;184,44399042605;93,8071640320232;0,99009900990099;0,99009900990099
380;185,642442979773;71,9680331006048;0,99009900990099;0,99009900990099
381;191,865287519539;186,342112024055;0,99009900990099;1
382;187,607851530319;142,161889417083;0,99009900990099;0,99009900990099
383;183,767593390284;82,1101005358715;0,99009900990099;1
384;189,225796121055;234,131210525609;0,99009900990099;1
385;184;64,5235503402527;0,831683168316832;0,831683168316832
386;184,603470866231;88,3157983493318;0,99009900990099;0,99009900990099
387;187,342164423526;115,085190997263;0,99009900990099;1
388;185,195434456359;147,067469023849;0,99009900990099;0,99009900990099
389;184,555886915268;99,6195197498927;0,99009900990099;1
390;188,067580928264;102,437589881609;0,99009900990099;0,99009900990099
391;189,277236654915;115,317632060732;0,99009900990099;0,99009900990099
392;190,639614789258;210,55178456915;0,99009900990099;1
393;185,345858034801;110,872984472234;0,99009900990099;1
394;186,375750673421;118,648315400144;0,99009900990099;0,99009900990099
395;185,043382279689;97,8861343856866;0,99009900990099;0,99009900990099
396;186,897137929956;79,1372098674744;0,99009900990099;1
397;184,187242708713;93,3494460903746;0,99009900990099;1
398;187,382814691099;120,895554486053;0,99009900990099;1
399;187,312529279155;195,790101176488;0,99009900990099;1
400;184,712953121305;85,3501287896881;0,99009900990099;1
401;189,73571229526;110,990377834169;0,99009900990099;0,99009900990099
402;191,696919931494;149,944131389749;0,99009900990099;0,99009900990099
403;185,220080880983;75,7775908825034;0,99009900990099;0,99009900990099
404;189,551620449488;208,116673071436;0,99009900990099;1
405;188,729547834912;136,216425150559;0,99009900990099;0,99009900990099
406;185,891463199839;100,535493934139;0,99009900990099;1
407;186,492060895147;73,3901870961772;0,99009900990099;1
408;182,796273587984;78,7060992235166;0,99009900990099;0,99009900990099
409;185,704565383322;128,984972375389;0,99009900990099;0,99009900990099
410;186,989841733134;83,171881215639;0,99009900990099;1
411;185,351403647701;157,130682481501;0,99009900990099;0,99009900990099
412;187,290455254415;102,198662402957;0,99009900990099;1
413;186,236697207694;119,812086112969;0,99009900990099;0,99009900990099
414;185,322429592341;143,018042717143;0,99009900990099;0,99009900990099
415;186,869022329956;63,5050652552347;0,99009900990099;0,99009900990099
416;185,171181415747;95,6598343359414;0,99009900990099;0,99009900990099
417;185,635479183059;77,2536430170829;0,99009900990099;0,99009900990099
418;190,245254444344;191,194371859;0,99009900990099;1
419;186,214426641095;89,9785200656567;0,99009900990099;1
420;188,7767219795;124,005021060287;0,99009900990099;0,99009900990099
421;187,008557531041;113,396425520395;0,99009900990099;1
422;186,854493409402;61,1467475947591;0,99009900990099;1
423;183,786110684737;140,024798198419;0,99009900990099;0,99009900990099
424;186,719531693706;75,0237662657165;0,99009900990099;1
425;193,363515574686;317,897743387864;0,99009900990099;0,99009900990099
426;186,601931798401;142,054957089083;0,99009900990099;0,99009900990099
427;191,697111125818;133,052864408958;0,99009900990099;1
428;191,383367269918;200,189866848917;0,99009900990099;1
429;187,863799158951;126,882706424;0,99009900990099;1
430;189,269098769036;265,736276480639;0,99009900990099;1
431;186,548326578995;85,1257184173107;0,99009900990099;1
432;191,081658085142;118,962147316519;0,99009900990099;0,99009900990099
433;184,968813617969;74,6017186949223;0,99009900990099;1
434;187,004921477075;82,5489684037629;0,99009900990099;0,99009900990099
435;187,090215772461;118,103233370017;0,99009900990099;0,99009900990099
436;189,970069571921;140,320111399096;0,99009900990099;1
437;188,674142788437;78,4169955587434;0,99009900990099;0,99009900990099
438;191,827431581326;108,982297289186;0,99009900990099;1
439;188,12749795721;107,687008709172;0,99009900990099;0,99009900990099
440;190,510563369382;120,876943965294;0,99009900990099;0,99009900990099
441;184;117,007632492978;0,831683168316832;0,841584158415842
442;184,939320636868;75,5676473144986;0,99009900990099;1
443;188,331181703559;155,413850865872;0,99009900990099;1
444;189,220816451477;135,831355571756;0,99009900990099;1
445;186,568745721934;75,4606925585583;0,99009900990099;1
446;185,128271237702;95,4661277380277;0,99009900990099;0,99009900990099
447;184,900571342479;121,250510400529;0,99009900990099;0,99009900990099
448;186,848396029565;106,434497426529;0,99009900990099;1
449;185,53302705722;74,6018563347334;0,99009900990099;1
450;184,061983548893;93,6161401005753;0,99009900990099;1
451;187,918006071815;106,823551039828;0,99009900990099;1
452;191,305268377613;181,830760759752;0,99009900990099;1
453;184,116584589155;147,92545634734;0,99009900990099;1
454;186,148954712262;90,7584382649755;0,99009900990099;1
455;189,493518390385;145,542289088816;0,99009900990099;0,99009900990099
456;184,923368690269;169,195810287452;0,99009900990099;0,99009900990099
457;188,470676283263;115,092504122127;0,99009900990099;1
458;187,7876217976;211,115445936072;0,99009900990099;1
459;184,295395200117;93,3113763978429;0,99009900990099;1
460;189,592285619081;85,3961608967034;0,99009900990099;0,99009900990099
461;186,936882396046;131,633834612393;0,99009900990099;1
462;184,63215370888;124,037903276659;0,99009900990099;0,99009900990099
463;187,067582020139;119,711092961879;0,99009900990099;0,99009900990099
464;188,648083768766;112,648479252353;0,99009900990099;1
465;190,451323623722;188,5872650226;0,99009900990099;1
466;187,146735507677;154,190750162442;0,99009900990099;1
467;184,016963748948;142,835557854701;0,99009900990099;1
468;187,021132029678;65,8043962901295;0,99009900990099;0,99009900990099
469;185,276334405269;80,4304245736315;0,99009900990099;0,99009900990099
470;190,68177740517;117,736948331831;0,99009900990099;0,99009900990099
471;186,962086535159;210,259412110966;0,99009900990099;0,99009900990099
472;184,613936921524;126,285849951855;0,99009900990099;0,99009900990099
473;185,934117576854;131,27104218162;0,99009900990099;1
474;186,352510140351;111,335224220976;0,99009900990099;0,99009900990099
475;189,850563177477;127,104687133342;0,99009900990099;1
476;188,015736851408;151,357689406017;0,99009900990099;1
477;188,908554179918;151,286305154295;0,99009900990099;0,99009900990099
478;186,583723998859;148,853571125985;0,99009900990099;1
479;186,553885206379;93,162073536897;0,99009900990099;0,99009900990099
480;185,813528373854;98,9045125259055;0,99009900990099;0,99009900990099
481;189,947766465867;99,5774937708632;0,99009900990099;0,99009900990099
482;188,254503219249;128,430417936582;0,99009900990099;1
483;188,100729316907;134,983374664183;0,99009900990099;1
484;190,823969880802;171,756763615731;0,99009900990099;0,99009900990099
485;186,266618358575;79,7686916265064;0,99009900990099;1
486;186,266954439823;154,587841711702;0,99009900990099;0,99009900990099
487;188,254240248148;94,4320505907875;0,99009900990099;0,99009900990099
488;185,122937390166;118,463031811127;0,99009900990099;1
489;184,615744326895;149,01176821886;0,99009900990099;0,99009900990099
490;191,946437676474;148,204494490212;0,99009900990099;0,99009900990099
491;190,756024429875;214,189044669561;0,99009900990099;0,99009900990099
492;186,708370901628;133,492481742954;0,99009900990099;0,99009900990099
493;185,536793885588;150,023893236907;0,99009900990099;1
494;186,499497684065;81,763121038723;0,99009900990099;0,99009900990099
495;185,078377850257;164,361888923612;0,99009900990099;1
496;187,379025555595;62,3576011639557;0,99009900990099;0,99009900990099
497;187,356375263181;134,631939538962;0,99009900990099;0,99009900990099
498;186,377599356007;92,4539838358286;0,99009900990099;1
499;186,331864100116;123,222480594853;0,99009900990099;1
500;188,10258631168;102,99951660276;0,99009900990099;0,99009900990099
501;184,891179978786;106,68631122584;0,99009900990099;1
502;191,388783163836;126,117228433402;0,99009900990099;1
503;186,639761384677;91,9136426160446;0,99009900990099;1
504;187,992288629321;148,184715969563;0,99009900990099;1
505;191,015470316287;180,488733165729;0,99009900990099;1
506;187,454656829899;99,6030761012547;0,99009900990099;1
507;184;84,2827706996674;0,831683168316832;0,831683168316832
508;186,197620217063;150,791653471807;0,99009900990099;0,99009900990099
509;185,658430034363;73,6354585457983;0,99009900990099;0,99009900990099
510;188,540025788236;102,336580635444;0,99009900990099;1
511;186,983758873527;73,4281786583473;0,99009900990099;0,99009900990099
512;184,298887447081;137,97294170105;0,99009900990099;1
513;183,012697593723;130,935545167068;0,99009900990099;1
514;187,267377609034;169,098892634398;0,99009900990099;1
515;189,37994531899;279,196735673212;0,99009900990099;1
516;185,026425782679;95,4125001605321;0,99009900990099;0,99009900990099
517;185,277011199461;144,023815597508;0,99009900990099;1
518;191,098341029714;167,662262644541;0,99009900990099;0,99009900990099
519;186,119801137693;99,7555811690804;0,99009900990099;0,99009900990099
520;188,168868749276;151,198575052607;0,99009900990099;0,99009900990099
521;183,581815232751;128,282949586712;0,99009900990099;1
522;185,620216398513;67,7019325249636;0,99009900990099;1
523;188,408362792537;112,437872049752;0,99009900990099;0,99009900990099
524;184,427234610215;119,113519426518;0,99009900990099;1
525;183,86728940466;75,7788009714198;0,99009900990099;0,99009900990099
526;185,524749265565;88,0858047132414;0,99009900990099;1
527;182,81268741616;50,7885197609532;0,99009900990099;0,99009900990099
528;185,071205923997;89,4694046424928;0,99009900990099;1
529;185,743209387803;68,5345157671452;0,99009900990099;0,99009900990099
530;183,941323001165;133,531147302433;0,99009900990099;1
531;184,95415969505;87,9154296348669;0,99009900990099;0,99009900990099
532;187,260666103828;160,938960987393;0,99009900990099;0,99009900990099
533;190,355109381192;162,077990479017;0,99009900990099;1
534;190,750384212233;110,665665888163;0,99009900990099;1
535;185,611798431303;95,3440102871338;0,99009900990099;0,99009900990099
536;186,471784376195;70,1183844478256;0,99009900990099;1
537;184,740846378089;100,512942790797;0,99009900990099;0,99009900990099
538;186,571032286926;121,13370282707;0,99009900990099;1
539;185,17637045759;128,30456099444;0,99009900990099;1
540;184,724263526666;180,224344183453;0,99009900990099;1
541;190,713275142918;193,570455655633;0,99009900990099;1
542;186,81674145446;128,022359791425;0,99009900990099;1
543;190,380097977223;157,982020137195;0,99009900990099;0,99009900990099
544;191,950567392807;108,238646464699;0,99009900990099;1
545;186,409471072708;108,302598844576;0,99009900990099;1
546;189,245102585311;109,221708048214;0,99009900990099;0,99009900990099
547;187,352838465044;148,224022525151;0,99009900990099;0,99009900990099
548;186,09219122795;149,057736308717;0,99009900990099;0,99009900990099
549;183,644337534596;81,0008501059924;0,99009900990099;1
550;185,168533053135;90,5531841469437;0,99009900990099;1
551;185,327297983806;67,7884090220109;0,99009900990099;0,99009900990099
552;187,451902317855;173,190621259382;0,99009900990099;1
553;185,725996198523;143,26017205127;0,99009900990099;0,99009900990099
554;187,183034164926;95,0844837144291;0,99009900990099;0,99009900990099
555;187,457755248656;165,392489169416;0,99009900990099;0,99009900990099
556;185,674728033497;127,431988071329;0,99009900990099;0,99009900990099
557;187,427913903432;182,051903890793;0,99009900990099;0,99009900990099
558;187,7289704152;160,140991567653;0,99009900990099;1
559;189,726595160144;81,7810845318045;0,99009900990099;0,99009900990099
560;186,239069753109;112,094701442525;0,99009900990099;0,99009900990099
561;186,524047009443;96,168975790214;0,99009900990099;1
562;185,82904198922;128,486757591259;0,99009900990099;0,99009900990099
563;184,530532829498;90,1770452334639;0,99009900990099;1
564;188,297338098967;134,454556898321;0,99009900990099;1
565;188,19170337743;124,392895580455;0,99009900990099;1
566;190,321162156471;140,283935189394;0,99009900990099;0,99009900990099
567;193,421677494793;121,093296179388;0,99009900990099;0,99009900990099
568;186,495703801413;59,1268312457335;0,99009900990099;1
569;189,622790188398;136,894527828351;0,99009900990099;1
570;185,16901657512;73,7360838425268;0,99009900990099;1
571;186,546902984684;55,799572789613;0,99009900990099;0,99009900990099
572;189,382992917548;151,797379618058;0,99009900990099;1
573;186,127898461998;43,2604619381948;0,99009900990099;1
574;184;125,840622351865;0,831683168316832;0,831683168316832
575;189,09442824223;153,970857518177;0,99009900990099;0,99009900990099
576;185,648708452725;130,16378460733;0,99009900990099;1
577;190,372597425451;195,10364226888;0,99009900990099;1
578;190,45556728201;126,668546612379;0,99009900990099;0,99009900990099
579;185,925634708901;106,05063461965;0,99009900990099;0,99009900990099
580;186,560132848024;78,3949210623761;0,99009900990099;0,99009900990099
581;190,187956307793;137,867479453722;0,99009900990099;0,99009900990099
582;185,925889415516;110,536075969147;0,99009900990099;1
583;192,211898141049;168,890439249777;0,99009900990099;1
584;188,90133134481;96,6894695149302;0,99009900990099;0,99009900990099
585;188,648238276782;152,70171135114;0,99009900990099;0,99009900990099
586;193,535263414159;138,514932893581;0,99009900990099;0,99009900990099
587;186,291516696246;138,054590684648;0,99009900990099;0,99009900990099
588;189,531481007054;158,470554000591;0,99009900990099;0,99009900990099
589;183,98746776173;96,1590798796054;0,99009900990099;0,99009900990099
590;186,239466981594;139,334407795375;0,99009900990099;1
591;187,345757766453;157,458925972931;0,99009900990099;0,99009900990099
592;190,955042593812;175,971134019138;0,99009900990099;0,99009900990099
593;187,100814880833;256,57104051385;0,99009900990099;0,99009900990099
594;187,477939584607;132,780332416732;0,99009900990099;1
595;184,41197088915;169,33629342753;0,99009900990099;0,99009900990099
596;186,606213247361;92,7923653760453;0,99009900990099;0,99009900990099
597;184,59597608776;86,8520770200576;0,99009900990099;1
598;189,928742838518;125,406347314739;0,99009900990099;1
599;187,586630412897;118,854961249633;0,99009900990099;0,99009900990099
600;186,524443991253;93,1172738750296;0,99009900990099;1
601;187,821279423251;181,007939332273;0,99009900990099;0,99009900990099
602;183,723973666946;162,961585282179;0,99009900990099;0,99009900990099
603;186,45688733299;122,770477052177;0,99009900990099;1
604;185,565766053933;93,8665915863275;0,99009900990099;0,99009900990099
605;186,736713091341;85,8838947589783;0,99009900990099;1
606;184,307996226969;88,1942543530821;0,99009900990099;1
607;184;46,9563143077089;0,831683168316832;0,831683168316832
608;190,352691182329;161,26447085138;0,99009900990099;1
609;186,874636308812;148,737497566459;0,99009900990099;0,99009900990099
610;186,923811612448;110,743474980563;0,99009900990099;0,99009900990099
611;186,342481584941;126,431294565696;0,99009900990099;1
612;183,752705575274;107,487444069961;0,99009900990099;1
613;188,768026469288;145,735016808355;0,99009900990099;0,99009900990099
614;189,720823917293;108,976501700685;0,99009900990099;1
615;187,120497337346;76,6514988523096;0,99009900990099;1
616;192,415740499472;180,820434412619;0,99009900990099;0,99009900990099
617;186,938255900883;142,24717333659;0,99009900990099;0,99009900990099
618;184,810063897836;137,7478173351;0,99009900990099;1
619;189,160125142553;146,14854315691;0,99009900990099;0,99009900990099
620;185,793373518795;87,3819385741711;0,99009900990099;1
621;184,229556193539;101,464510479084;0,99009900990099;1
622;184,626961425833;84,4222058285164;0,99009900990099;1
623;186,228200738112;100,690363018159;0,99009900990099;0,99009900990099
624;184,627634692376;191,435836363632;0,99009900990099;1
625;187,802423235505;124,091995400967;0,99009900990099;1
626;186,062794319469;158,78383520356;0,99009900990099;1
627;190,212778700334;154,349298073031;0,99009900990099;1
628;186,775423369411;94,7130344054496;0,99009900990099;1
629;188,651254786298;118,389885238527;0,99009900990099;1
630;184,721860403838;69,3084666213026;0,99009900990099;0,99009900990099
631;184,875502410688;89,1960464732035;0,99009900990099;1
632;186,166808083995;127,141533300285;0,99009900990099;1
633;189,993917118005;223,149199439817;0,99009900990099;1
634;188,56653423887;113,529901129078;0,99009900990099;0,99009900990099
635;188,687116696695;93,9977702526597;0,99009900990099;0,99009900990099
636;184,573973156365;115,20141150893;0,99009900990099;0,99009900990099
637;183,969361026578;83,5137854278291;0,99009900990099;0,99009900990099
638;186,92297610592;110,112638600233;0,99009900990099;0,99009900990099
639;188,62436455953;90,2432062128252;0,99009900990099;0,99009900990099
640;189,329317135214;90,8344432368781;0,99009900990099;1
641;185,920890876715;122,874371380771;0,99009900990099;1
642;186,748013892635;98,8673609072967;0,99009900990099;1
643;184,48685608498;92,9296158394456;0,99009900990099;0,99009900990099
644;188,616237882477;124,417368741771;0,99009900990099;0,99009900990099
645;183,743346617966;65,0096062019558;0,99009900990099;0,99009900990099
646;196,93083996439;138,861073571313;0,99009900990099;1
647;183,72731537771;93,9292647391161;0,99009900990099;0,99009900990099
648;186,08006759307;138,799726249036;0,99009900990099;0,99009900990099
649;189,878628786821;155,509083287908;0,99009900990099;1
650;182,721465325756;86,6754990510506;0,99009900990099;0,99009900990099
651;187,389059353537;79,1042405910864;0,99009900990099;1
652;184,831086322501;97,0041018972347;0,99009900990099;0,99009900990099
653;190,238178055471;88,0419942019023;0,99009900990099;0,99009900990099
654;185,12624429862;85,2309932683919;0,99009900990099;0,99009900990099
655;184,964714607532;114,808416627121;0,99009900990099;1
656;186,634161138537;201,929843228219;0,99009900990099;1
657;189,686569641398;169,367153358435;0,99009900990099;1
658;190,781185861192;156,454879965006;0,99009900990099;1
659;185,744098383872;118,182280153249;0,99009900990099;1
660;187,670071819636;214,246363831918;0,99009900990099;1
661;187,665130860722;119,944416256246;0,99009900990099;0,99009900990099
662;191,7097934731;118,834121210877;0,99009900990099;0,99009900990099
663;195,641204467644;294,15206625542;0,99009900990099;1
664;190,4408944908;228,954250469226;0,99009900990099;0,99009900990099
665;189,492793021026;135,548096538176;0,99009900990099;1
666;188,290931669018;57,7553172669677;0,99009900990099;0,99009900990099
667;187,736481069653;98,6445418465955;0,99009900990099;0,99009900990099
668;188,681992171289;114,013566156763;0,99009900990099;1
669;184,628537948026;89,6483868630003;0,99009900990099;0,99009900990099
670;186,244647234614;106,821442040216;0,99009900990099;0,99009900990099
671;187,945219130524;85,3333625385452;0,99009900990099;1
672;184,872473705823;100,762679235253;0,99009900990099;0,99009900990099
673;183,852181785447;105,80538660611;0,99009900990099;1
674;187,476319794503;128,606203349491;0,99009900990099;0,99009900990099
675;192,097620314486;173,243857534337;0,99009900990099;0,99009900990099
676;187,290121026466;152,452828914786;0,99009900990099;0,99009900990099
677;185,267168432984;67,4626122197206;0,99009900990099;1
678;186,321368773478;100,221821889881;0,99009900990099;1
679;190,741109991404;149,023884432014;0,99009900990099;0,99009900990099
680;186,552494139407;76,9639983412272;0,99009900990099;1
681;190,464652773275;125,680661139012;0,99009900990099;0,99009900990099
682;187,779605228443;87,5423725019963;0,99009900990099;0,99009900990099
683;185,223287027559;113,738183229414;0,99009900990099;0,99009900990099
684;186,294066448832;86,2180128141653;0,99009900990099;1
685;186,326369168966;168,634104918788;0,99009900990099;0,99009900990099
686;186,644452445883;88,2348999725943;0,99009900990099;1
687;186,503435225848;101,687504650643;0,99009900990099;0,99009900990099
688;191,697799299296;210,750734917262;0,99009900990099;1
689;185,78369820754;142,61287327203;0,99009900990099;0,99009900990099
690;191,326935624237;272,003254285232;0,99009900990099;1
691;186,361845179966;90,6868048703864;0,99009900990099;1
692;184;65,558034064783;0,831683168316832;0,831683168316832
693;188,847994505679;104,390498592028;0,99009900990099;1
694;185,646853547823;88,2026445840722;0,99009900990099;0,99009900990099
695;185,836264338091;59,3806343428966;0,99009900990099;0,99009900990099
696;185,378227034088;95,7654285996693;0,99009900990099;1
697;186,241478863635;122,107036106633;0,99009900990099;0,99009900990099
698;185,710791698172;97,7710917549669;0,99009900990099;1
699;188,578397881564;164,201171162568;0,99009900990099;1
700;185,086443962994;139,964374756592;0,99009900990099;1
701;189,050648905518;119,926861954711;0,99009900990099;0,99009900990099
702;195,423541833777;194,364271787473;0,99009900990099;1
703;187,197844667699;87,5348527982867;0,99009900990099;1
704;193,200153666883;177,614426636812;0,99009900990099;1
705;186,809735103275;83,2377119903819;0,99009900990099;1
706;191,447185557632;130,571356758267;0,99009900990099;1
707;191,26457585344;212,238718632729;0,99009900990099;0,99009900990099
708;190,970458275234;153,310898316898;0,99009900990099;0,99009900990099
709;187,968443962796;126,747288831961;0,99009900990099;0,99009900990099
710;185,332420015867;107,010328554437;0,99009900990099;1
711;185,734321362761;78,7000586667858;0,99009900990099;1
712;183,721289030839;71,9580773382892;0,99009900990099;0,99009900990099
713;187,871445846478;110,544475611726;0,99009900990099;0,99009900990099
714;186,953276618297;129,61608846134;0,99009900990099;0,99009900990099
715;190,69618840904;204,778663418069;0,99009900990099;1
716;185,475381903854;106,879700366581;0,99009900990099;1
717;188,743458709656;167,784450939228;0,99009900990099;0,99009900990099
718;186,31441990192;104,314933027973;0,99009900990099;1
719;187,765563144908;119,309538312942;0,99009900990099;1
720;185,402050154982;135,010507712507;0,99009900990099;1
721;187,3471611741;86,9837135269798;0,99009900990099;0,99009900990099
722;189,060409566283;172,709515045253;0,99009900990099;1
723;187,350873525363;98,3702495760007;0,99009900990099;1
724;192,566911722557;219,083822776431;0,99009900990099;0,99009900990099
725;188,22012019909;111,224879309556;0,99009900990099;0,99009900990099
726;190,22442737603;75,2040519276919;0,99009900990099;1
727;185,581468069295;108,375381435579;0,99009900990099;1
728;184,88702751523;142,670381307886;0,99009900990099;0,99009900990099
729;184,739515454511;57,4733170303465;0,99009900990099;1
730;189,950759761237;114,262778215348;0,99009900990099;1
731;190,073440273149;143,666902436489;0,99009900990099;0,99009900990099
732;185,581898528094;120,513865568312;0,99009900990099;1
733;189,840313831919;213,181152547904;0,99009900990099;0,99009900990099
734;184,4560515951;104,223882959644;0,99009900990099;1
735;186,736928431007;163,639908320897;0,99009900990099;1
736;194,759939463364;170,713057290859;0,99009900990099;1
737;191,406610290407;163,117602426185;0,99009900990099;0,99009900990099
738;184,620126248348;119,585845610544;0,99009900990099;0,99009900990099
739;187,781971806547;232,912218594802;0,99009900990099;1
740;191,434452478055;191,587619455942;0,99009900990099;1
741;186,00451518887;73,7439992030799;0,99009900990099;1
742;194,034150128119;328,293677891498;0,99009900990099;1
743;186,822922056734;119,411530627416;0,99009900990099;0,99009900990099
744;186,475576707402;176,763776322748;0,99009900990099;1
745;190,717194410177;100,54917982592;0,99009900990099;0,99009900990099
746;188,428582720996;116,939612920557;0,99009900990099;1
747;185,793811917598;115,158213295353;0,99009900990099;0,99009900990099
748;189,194631368713;184,866477935295;0,99009900990099;0,99009900990099
749;187,458617772621;157,424574586257;0,99009900990099;1
750;188,466347746147;119,610758731026;0,99009900990099;1
751;185,779804766312;106,576474803511;0,99009900990099;1
752;184,033843412633;98,1298434080711;0,99009900990099;1
753;185,712101210705;151,189240097599;0,99009900990099;1
754;186,606904173584;80,394771714831;0,99009900990099;1
755;182,937572622815;195,226562201155;0,99009900990099;1
756;188,019132673964;69,1676926851182;0,99009900990099;0,99009900990099
757;185,454027841618;160,209344875765;0,99009900990099;1
758;187,329452475455;207,314098411665;0,99009900990099;1
759;188,808862598286;147,449714959547;0,99009900990099;1
760;191,701815845872;148,374188725792;0,99009900990099;1
761;190,103757560002;164,658132809961;0,99009900990099;1
762;193,402211270718;151,247786262305;0,99009900990099;0,99009900990099
763;187,477167289582;149,432111449804;0,99009900990099;1
764;188,122451654404;106,686936259209;0,99009900990099;0,99009900990099
765;183,793428050393;138,175264767956;0,99009900990099;0,99009900990099
766;185,901485269555;115,981732376319;0,99009900990099;1
767;186,69235481417;69,2638199503514;0,99009900990099;1
768;191,935237063958;165,251764972062;0,99009900990099;0,99009900990099
769;186,721718222957;101,879892810679;0,99009900990099;0,99009900990099
770;184,926321094242;78,4092362840875;0,99009900990099;1
771;185,206602421575;132,769820000346;0,99009900990099;1
772;189,665478136628;94,4652843487284;0,99009900990099;1
773;187,502402470151;86,3104150166929;0,99009900990099;0,99009900990099
774;183,326743270797;123,400663407366;0,99009900990099;1
775;185,372445435449;136,873891916252;0,99009900990099;0,99009900990099
776;184,347310984783;103,247672707556;0,99009900990099;0,99009900990099
777;187,35117050613;69,7829682296014;0,99009900990099;1
778;185,307136617594;101,159596718079;0,99009900990099;1
779;184;90,6527942403613;0,831683168316832;0,831683168316832
780;187,823433667026;198,875245235597;0,99009900990099;1
781;185,900603720307;148,231822673881;0,99009900990099;1
782;190,920364464972;221,318335721035;0,99009900990099;0,99009900990099
783;183,912975140503;158,218814579228;0,99009900990099;1
784;185,555099902997;100,076064837831;0,99009900990099;0,99009900990099
785;185,711455782331;78,446309434821;0,99009900990099;0,99009900990099
786;184,219499149198;135,333141151749;0,99009900990099;0,99009900990099
787;184,412204321937;137,699590112919;0,99009900990099;0,99009900990099
788;184,550647194037;92,9787581355923;0,99009900990099;0,99009900990099
789;186,533387351659;99,175228377893;0,99009900990099;0,99009900990099
790;190,034406255965;83,1729088967226;0,99009900990099;1
791;188,407673873616;111,300515676457;0,99009900990099;0,99009900990099
792;183,536022541845;106,101481502787;0,99009900990099;1
793;188,221781092452;135,388276168473;0,99009900990099;1
794;184,977074946451;134,2435981883;0,99009900990099;0,99009900990099
795;186,965461300142;106,870273362882;0,99009900990099;1
796;187,368809803058;142,688209796261;0,99009900990099;1
797;184,31556284125;65,7608368232359;0,99009900990099;1
798;184,939832718176;115,884870221339;0,99009900990099;1
799;184,878179511581;158,475468925418;0,99009900990099;1
800;184,717363153325;130,474581162452;0,99009900990099;0,99009900990099
801;185,043161264859;109,710797919606;0,99009900990099;0,99009900990099
802;189,004617429131;91,5756462849122;0,99009900990099;0,99009900990099
803;186,697500101401;102,910281944885;0,99009900990099;1
804;189,831596039927;147,78661415344;0,99009900990099;0,99009900990099
805;187,204181255737;107,530569218259;0,99009900990099;0,99009900990099
806;189,440168516001;169,525962803151;0,99009900990099;0,99009900990099
807;189,813505962653;172,564848203357;0,99009900990099;0,99009900990099
808;186,330073919997;149,315188250617;0,99009900990099;0,99009900990099
809;186,191778379671;148,846266028916;0,99009900990099;0,99009900990099
810;193,066512422882;159,563964826634;0,99009900990099;1
811;187,000751298595;74,2588216589207;0,99009900990099;1
812;186,184369563293;113,915039668722;0,99009900990099;1
813;189,937427152105;129,095729706148;0,99009900990099;1
814;185,158485164506;182,1064193777;0,99009900990099;0,99009900990099
815;189,855244637937;199,702889555021;0,99009900990099;1
816;187,341734978977;169,116157811957;0,99009900990099;1
817;192,284134587713;111,527164192771;0,99009900990099;0,99009900990099
818;185,802579616004;105,186110316022;0,99009900990099;1
819;187,812306427705;116,65879009506;0,99009900990099;1
820;184,316704226904;103,027676542854;0,99009900990099;1
821;185,366830679544;105,244886458924;0,99009900990099;1
822;191,524753143314;200,479163420793;0,99009900990099;0,99009900990099
823;187,997142621057;136,879994967682;0,99009900990099;1
824;189,567665620891;144,459402420036;0,99009900990099;0,99009900990099
825;184,88626719901;153,212711687228;0,99009900990099;0,99009900990099
826;182,789179342777;79,6701795115416;0,99009900990099;1
827;185,685123711547;101,052664226099;0,99009900990099;1
828;184;69,2877193142621;0,831683168316832;0,831683168316832
829;183,517595405997;129,969381877202;0,99009900990099;0,99009900990099
830;183,164564561813;117,507845476213;0,99009900990099;0,99009900990099
831;190,75533526625;101,340801060503;0,99009900990099;0,99009900990099
832;195,713649499745;220,608335232017;0,99009900990099;0,99009900990099
833;186,691230068736;103,817036839922;0,99009900990099;1
834;184,362635294578;115,229542455981;0,99009900990099;0,99009900990099
835;184,349078317315;250,378225671938;0,99009900990099;1
836;193,663283811156;112,183765179436;0,99009900990099;1
837;188,314809254419;120,533661737846;0,99009900990099;1
838;186,212288723638;77,4211027685389;0,99009900990099;0,99009900990099
839;184,814853150356;130,0463942625;0,99009900990099;0,99009900990099
840;188,531653731348;70,4976688722552;0,99009900990099;1
841;189,201499367594;142,75053574072;0,99009900990099;0,99009900990099
842;190,737150375537;219,687066675675;0,99009900990099;1
843;188,973745048073;134,704243191676;0,99009900990099;0,99009900990099
844;185,209145666018;120,982420816738;0,99009900990099;0,99009900990099
845;193,912837823739;149,895135361009;0,99009900990099;0,99009900990099
846;184,978917917489;99,468464219902;0,99009900990099;1
847;187,607521150789;113,836535358302;0,99009900990099;0,99009900990099
848;186,678225167311;101,204702394519;0,99009900990099;0,99009900990099
849;188,816274586469;88,6987428974501;0,99009900990099;0,99009900990099
850;187,670026220499;134,811701647182;0,99009900990099;0,99009900990099
851;188,663039167191;95,9002550115201;0,99009900990099;0,99009900990099
852;186,732969226793;150,169037018395;0,99009900990099;1
853;189,20247502186;90,0572273281785;0,99009900990099;0,99009900990099
854;185,950523606357;169,966288800131;0,99009900990099;1
855;188,680746623983;211,57497197484;0,99009900990099;1
856;186,760861449268;99,8463904164384;0,99009900990099;0,99009900990099
857;183,797581417357;132,553334601526;0,99009900990099;0,99009900990099
858;185,340997800144;140,510794291657;0,99009900990099;0,99009900990099
859;183,302822072917;168,189392076552;0,99009900990099;1
860;188,031104773165;104,315782480998;0,99009900990099;1
861;184;59,8627693496201;0,831683168316832;0,831683168316832
862;187,694851792941;71,0229105496333;0,99009900990099;0,99009900990099
863;185,363949971654;102,787034132514;0,99009900990099;1
864;185,958230365497;145,345686028464;0,99009900990099;1
865;186,314835959152;123,192292699921;0,99009900990099;1
866;191,688096184354;142,903599778241;0,99009900990099;0,99009900990099
867;189,350479799884;197,779971977467;0,99009900990099;0,99009900990099
868;184,457653410842;121,061290495352;0,99009900990099;0,99009900990099
869;186,641766700615;169,020201812483;0,99009900990099;0,99009900990099
870;186,333632805811;87,9668423376342;0,99009900990099;1
871;187,006092791303;90,7972539718725;0,99009900990099;1
872;187,386530852639;145,885454288978;0,99009900990099;1
873;188,125805120802;121,703666287667;0,99009900990099;0,99009900990099
874;184,875818277002;96,2955409470245;0,99009900990099;0,99009900990099
875;183,930297514183;99,0701369975451;0,99009900990099;1
876;188,493547722184;148,786555185402;0,99009900990099;0,99009900990099
877;187,953907176383;143,632594362679;0,99009900990099;0,99009900990099
878;184,31008354624;95,3078244005114;0,99009900990099;1
879;190,268394960341;99,7267439205088;0,99009900990099;0,99009900990099
880;190,143253214912;134,837645295219;0,99009900990099;1
881;187,628500197372;74,2749682011871;0,99009900990099;0,99009900990099
882;187,045465536513;93,3874319287865;0,99009900990099;1
883;189,161950505837;151,156818766032;0,99009900990099;1
884;186,546219909998;79,659566395988;0,99009900990099;0,99009900990099
885;192,836767009699;164,496879029988;0,99009900990099;1
886;190,686956653069;135,383500216724;0,99009900990099;0,99009900990099
887;188,985108269522;115,977272013123;0,99009900990099;0,99009900990099
888;187,11126876539;169,714790432598;0,99009900990099;1
889;186,952507787755;152,393034398839;0,99009900990099;0,99009900990099
890;186,737881211032;91,4162177656814;0,99009900990099;0,99009900990099
891;186,547970142839;122,308498580059;0,99009900990099;0,99009900990099
892;195,33450387392;186,724741285085;0,99009900990099;1
893;184;79,8215415980898;0,831683168316832;0,841584158415842
894;189,301179514731;192,726579761068;0,99009900990099;1
895;189,572609158499;105,251866360429;0,99009900990099;1
896;185,440043499495;136,063537863029;0,99009900990099;1
897;185,486138746752;132,849821503111;0,99009900990099;1
898;185,421338364715;113,729656557711;0,99009900990099;0,99009900990099
899;186,769136155197;111,58942705209;0,99009900990099;1
900;183,454948740284;180,088491253298;0,99009900990099;1
901;184,555404057612;148,342182019581;0,99009900990099;1
902;188,076783134509;140,763016785903;0,99009900990099;1
903;186,037633517725;162,151301768743;0,99009900990099;1
904;186,704346188525;136,282732616236;0,99009900990099;1
905;187,315965413568;62,3093314913035;0,99009900990099;0,99009900990099
906;188,294013608261;148,894070429393;0,99009900990099;1
907;188,073776904538;99,8626414164309;0,99009900990099;1
908;183,983977410529;94,007114950349;0,99009900990099;0,99009900990099
909;184,051924762811;67,1528104550275;0,99009900990099;0,99009900990099
910;194,888533524805;248,626605965038;0,99009900990099;0,99009900990099
911;191,447689042823;140,569010916306;0,99009900990099;1
912;186,010503511781;83,4679169096028;0,99009900990099;1
913;194,750842361447;262,531677808518;0,99009900990099;0,99009900990099
914;185,104027392608;88,1480830393361;0,99009900990099;1
915;185,236282085598;160,510238750888;0,99009900990099;0,99009900990099
916;190,137450571269;124,295081944005;0,99009900990099;1
917;184,912917419209;142,918256280863;0,99009900990099;0,99009900990099
918;190,649823644854;127,147023216343;0,99009900990099;0,99009900990099
919;186,552692395899;175,958949232953;0,99009900990099;0,99009900990099
920;186,85451507169;91,882593099357;0,99009900990099;0,99009900990099
921;184,648775718059;80,5545783050526;0,99009900990099;1
922;189,094220024516;124,544234221382;0,99009900990099;0,99009900990099
923;187,638952574612;177,340194974424;0,99009900990099;0,99009900990099
924;186,770529258933;61,1992895429889;0,99009900990099;0,99009900990099
925;185,033330473463;130,545196921316;0,99009900990099;1
926;187,976436805277;128,43145750432;0,99009900990099;0,99009900990099
927;190,091865186497;193,917723002776;0,99009900990099;0,99009900990099
928;187,86317624859;127,929601576319;0,99009900990099;1
929;188,293011850128;119,842412621763;0,99009900990099;1
930;187,437152854018;147,933286921228;0,99009900990099;1
931;185,921682703765;100,810369599983;0,99009900990099;0,99009900990099
932;186,217493811795;116,818768094916;0,99009900990099;0,99009900990099
933;188,753278054813;125,223849512957;0,99009900990099;1
934;185,13038409633;91,9489967036654;0,99009900990099;0,99009900990099
935;188,143981566555;109,694710205753;0,99009900990099;0,99009900990099
936;189,696421138517;178,400968091928;0,99009900990099;0,99009900990099
937;184,972321492595;105,835945813516;0,99009900990099;1
938;192,115043883721;118,913215129618;0,99009900990099;1
939;189,223792906283;112,57626284923;0,99009900990099;0,99009900990099
940;186,226373793157;114,242841924951;0,99009900990099;1
941;185,608788235305;69,5681214229221;0,99009900990099;0,99009900990099
942;186,160312655872;96,8066863773114;0,99009900990099;1
943;193,277385451922;212,838832559408;0,99009900990099;0,99009900990099
944;188,274566668245;123,706521359624;0,99009900990099;1
945;186,389271410078;62,8411255028265;0,99009900990099;1
946;184;78,1418340428196;0,831683168316832;0,831683168316832
947;189,44029194083;97,3770597630713;0,99009900990099;0,99009900990099
948;184,14708676537;92,4775617518051;0,99009900990099;0,99009900990099
949;182,804545899919;98,0291447595184;0,99009900990099;1
950;185,42324742046;179,840384220347;0,99009900990099;0,99009900990099
951;185,771981763742;95,5062187318507;0,99009900990099;0,99009900990099
952;189,458226807358;79,2967017551226;0,99009900990099;0,99009900990099
953;185,207224700806;68,2757710000974;0,99009900990099;0,99009900990099
954;192,400156138687;161,316441429959;0,99009900990099;1
955;187,308479059736;67,70321963312;0,99009900990099;0,99009900990099
956;184;78,617617322641;0,831683168316832;0,841584158415842
957;188,198696264136;82,3478989538351;0,99009900990099;0,99009900990099
958;185,468418586638;79,5348185189005;0,99009900990099;1
959;186,575877560503;99,4580378968807;0,99009900990099;1
960;189,435363884632;143,364145974314;0,99009900990099;1
961;187,797035108583;210,882939261894;0,99009900990099;1
962;188,619691741289;104,873371750823;0,99009900990099;0,99009900990099
963;187,691910283883;117,485945472841;0,99009900990099;0,99009900990099
964;189,12354470135;125,657855369189;0,99009900990099;0,99009900990099
965;186,397251755514;131,633566078611;0,99009900990099;1
966;193,109304179004;206,112427570429;0,99009900990099;0,99009900990099
967;187,52981793595;140,761168341745;0,99009900990099;1
968;184,785029837106;130,200425364183;0,99009900990099;1
969;185,543983840988;100,550253954552;0,99009900990099;1
970;189,258586558251;102,967955431247;0,99009900990099;0,99009900990099
971;184,902827918645;82,7537714971741;0,99009900990099;1
972;185,818478225768;111,74999557476;0,99009900990099;0,99009900990099
973;187,765479279315;97,528227735749;0,99009900990099;0,99009900990099
974;184,122538513009;128,628882054678;0,99009900990099;1
975;183,596950900367;101,208588771403;0,99009900990099;0,99009900990099
976;189,039098714469;107,253916962513;0,99009900990099;0,99009900990099
977;190,948671624245;128,072567696513;0,99009900990099;1
978;186,684150062761;58,6445555494504;0,99009900990099;1
979;185,396512508489;141,045920005574;0,99009900990099;0,99009900990099
980;190,097603476927;133,031426975087;0,99009900990099;0,99009900990099
981;188,047612954171;182,524249344468;0,99009900990099;0,99009900990099
982;191,370543180116;154,017471516602;0,99009900990099;1
983;188,68666235683;228,188690684235;0,99009900990099;0,99009900990099
984;189,63856980968;91,6847169212495;0,99009900990099;1
985;189,921979595615;106,428434111503;0,99009900990099;0,99009900990099
986;191,63882626122;152,065795870711;0,99009900990099;0,99009900990099
987;185,460869526846;87,6554079744925;0,99009900990099;0,99009900990099
988;186,697196906619;178,081184531602;0,99009900990099;1
989;189,10207072745;113,354111226152;0,99009900990099;1
990;187,025631036569;94,8744830381295;0,99009900990099;1
991;193,25477660078;200,009562241738;0,99009900990099;1
992;188,231778454775;121,469304087786;0,99009900990099;0,99009900990099
993;186,261384281491;107,81487140562;0,99009900990099;0,99009900990099
994;186,668446095493;206,920924198819;0,99009900990099;0,99009900990099
995;187,443601880946;169,615524291151;0,99009900990099;1
996;186,495511514826;70,2683664907936;0,99009900990099;1
997;183,567641034183;120,183130789944;0,99009900990099;0,99009900990099
998;190,335039349217;148,499501979826;0,99009900990099;1
999;183,796620992962;164,840323459331;0,99009900990099;1
