0;216,947013134377;361,506653455038;0,98019801980198;1
1;209,085639851016;328,574174389177;0,98019801980198;1
2;211,316134680206;328,038256963633;0,98019801980198;1
3;214,810743946064;473,846247364503;0,98019801980198;0,99009900990099
4;214,430292377478;355,428575378673;0,98019801980198;1
5;211,475118138138;294,591165934072;0,98019801980198;0,99009900990099
6;209,542778219878;303,741562127967;0,98019801980198;0,99009900990099
7;189;212,157358870119;0,722772277227723;0,742574257425743
8;212,618171731631;336,622714161008;0,98019801980198;0,99009900990099
9;212,517620631275;374,061387323668;0,98019801980198;0,99009900990099
10;210,42826580565;306,978375331551;0,98019801980198;1
11;211,967793138422;301,65381722319;0,98019801980198;0,99009900990099
12;205,778939692125;279,752602311216;0,98019801980198;1
13;216,045029928945;363,769690301777;0,98019801980198;1
14;212,447126102906;327,47660501721;0,98019801980198;1
15;211,924227022589;374,237330680913;0,98019801980198;0,99009900990099
16;215,441819088958;371,173549444509;0,98019801980198;1
17;210,71546735291;266,672762081881;0,98019801980198;1
18;212,737058946649;369,184559525343;0,98019801980198;1
19;212,000148021198;327,489215636931;0,98019801980198;1
20;208,040246704034;268,85463410233;0,98019801980198;1
21;209,432361142431;318,099215793507;0,98019801980198;1
22;208,644710849143;397,868375313972;0,98019801980198;0,99009900990099
23;214,63341831625;370,948189803201;0,98019801980198;1
24;211,459915250135;285,758990401918;0,98019801980198;1
25;213,058437801866;361,847152716548;0,98019801980198;0,99009900990099
26;208,281842664677;190,548794080415;0,98019801980198;1
27;213,438044485698;297,509176441515;0,98019801980198;0,99009900990099
28;220,271799947479;358,068233224194;0,98019801980198;1
29;209,800270028378;304,19407229969;0,98019801980198;1
30;208,174898352678;224,826439460684;0,98019801980198;0,99009900990099
31;207,625614906063;218,539351711425;0,98019801980198;0,99009900990099
32;212,061843068745;284,144865051558;0,98019801980198;0,99009900990099
33;210,054532627508;278,893028302741;0,98019801980198;1
34;207,402652105242;366,116446818055;0,98019801980198;0,99009900990099
35;214,475425625384;357,194211239311;0,98019801980198;0,99009900990099
36;208,21317960501;328,372962767805;0,98019801980198;1
37;219,687880302795;437,283310926413;0,98019801980198;1
38;213,718744714611;380,056269962175;0,98019801980198;1
39;208,613862660467;261,479594808457;0,98019801980198;1
40;209,151182244953;251,704094930203;0,98019801980198;1
41;209,715056982078;222,584091722414;0,98019801980198;1
42;189;172,803065890876;0,445544554455446;0,455445544554455
43;210,749415830273;299,12822164895;0,98019801980198;1
44;208,060631993791;230,420761483761;0,98019801980198;0,99009900990099
45;211,978773223801;258,794118776481;0,98019801980198;1
46;213,399191921084;368,172551279893;0,98019801980198;0,99009900990099
47;216,903758120877;493,303890405395;0,98019801980198;1
48;217,13155179793;342,864294164409;0,98019801980198;0,99009900990099
49;211,202469560585;311,982527193317;0,98019801980198;0,99009900990099
50;209,590224013034;284,383912233384;0,98019801980198;1
51;209,27746339815;260,57536362305;0,98019801980198;1
52;208,758287436685;302,283267426977;0,98019801980198;1
53;213,150155387683;321,957456600555;0,98019801980198;1
54;208,958197051053;281,160631122794;0,98019801980198;0,99009900990099
55;208,799148209824;240,079059845526;0,98019801980198;1
56;212,925244293412;349,656773541214;0,98019801980198;1
57;210,777669523062;344,450493955613;0,98019801980198;0,99009900990099
58;210,322568782483;276,932403573186;0,98019801980198;0,99009900990099
59;208,228022261742;232,716745341668;0,98019801980198;0,99009900990099
60;216,762764238086;328,569406536431;0,98019801980198;1
61;208,764460034282;295,066988644955;0,98019801980198;1
62;210,998885607392;339,582422185589;0,98019801980198;1
63;208,641014318968;369,254800304683;0,98019801980198;0,99009900990099
64;212,185502772777;251,518142121245;0,98019801980198;0,99009900990099
65;212,120180620818;323,355578767017;0,98019801980198;1
66;214,115876599698;309,403381406917;0,98019801980198;1
67;208,138901518107;318,4084707893;0,98019801980198;1
68;210,857926175757;268,067730080505;0,98019801980198;1
69;210,530456217429;299,743549981847;0,98019801980198;0,99009900990099
70;208,388300763196;231,995842441524;0,98019801980198;1
71;211,089494104709;357,84928174554;0,98019801980198;0,99009900990099
72;207,420912273058;235,126037022384;0,98019801980198;1
73;215,523310424741;521,641135684097;0,98019801980198;0,99009900990099
74;213,083971984498;298,297458891612;0,98019801980198;0,99009900990099
75;212,623062326691;293,214203349762;0,98019801980198;1
76;189;254,857798380448;0,95049504950495;0,97029702970297
77;189;292,41337785669;0,722772277227723;0,732673267326733
78;189;223,914057601551;0,722772277227723;0,732673267326733
79;211,49995672625;298,158797275749;0,98019801980198;0,99009900990099
80;213,441176197432;396,688101725695;0,98019801980198;0,99009900990099
81;210,003868936574;314,276956760959;0,98019801980198;0,99009900990099
82;213,801174805948;396,98077530559;0,98019801980198;0,99009900990099
83;212,740122437721;446,854544997131;0,98019801980198;1
84;211,231012829939;299,705181886113;0,98019801980198;1
85;213,600970724895;337,483000651199;0,98019801980198;0,99009900990099
86;210,294175215635;308,558224123388;0,98019801980198;1
87;210,790429438699;245,510300652952;0,98019801980198;0,99009900990099
88;213,940449790951;308,675002108248;0,98019801980198;0,99009900990099
89;208,888468468626;288,670046859975;0,98019801980198;1
90;214,331638548967;376,362892118265;0,98019801980198;1
91;212,735937896532;329,405704960491;0,98019801980198;0,99009900990099
92;209,601984901607;315,050755224199;0,98019801980198;0,99009900990099
93;215,527482383619;376,263758531696;0,98019801980198;1
94;207,867621917429;286,945274672169;0,98019801980198;0,99009900990099
95;211,738231651601;368,816987135017;0,98019801980198;0,99009900990099
96;189;184,478099788749;0,445544554455446;0,465346534653465
97;208,29410616149;312,77161738224;0,98019801980198;1
98;214,475538803408;409,231020215243;0,98019801980198;0,99009900990099
99;211,94013120219;300,220845701024;0,98019801980198;0,99009900990099
100;207,592183629407;314,379401883442;0,98019801980198;0,99009900990099
101;207,728015331173;240,640091188476;0,98019801980198;0,99009900990099
102;211,240972295077;288,503128840641;0,98019801980198;1
103;211,568703639309;291,955435286132;0,98019801980198;0,99009900990099
104;208,274881653419;249,206860023576;0,98019801980198;1
105;213,008606064776;390,565184738735;0,98019801980198;1
106;212,65016207561;361,326670465019;0,98019801980198;1
107;212,590165044325;329,627776380622;0,98019801980198;1
108;208,134518874912;295,882098851157;0,98019801980198;1
109;210,862187486485;288,132446661182;0,98019801980198;0,99009900990099
110;214,053265127849;348,14326541223;0,98019801980198;0,99009900990099
111;209,128198602008;260,623687795778;0,98019801980198;1
112;207,663273509134;280,468831128905;0,98019801980198;1
113;207,700507516237;287,234190749365;0,98019801980198;0,99009900990099
114;213,658541817756;280,190664349971;0,98019801980198;0,99009900990099
115;209,510783141525;205,416365509138;0,98019801980198;1
116;210,350031970445;288,361219265846;0,98019801980198;1
117;208,401507638863;234,499175371729;0,98019801980198;0,99009900990099
118;210,215742213467;228,390865055584;0,98019801980198;0,99009900990099
119;212,838404954745;356,616815901578;0,98019801980198;0,99009900990099
120;208,602635596335;280,473488394536;0,98019801980198;0,99009900990099
121;210,689876971812;274,684549598456;0,98019801980198;0,99009900990099
122;208,650895331567;368,725502490358;0,98019801980198;1
123;210,179156876784;283,851704105641;0,98019801980198;1
124;210,482570057934;191,948915921214;0,98019801980198;1
125;211,441442861433;322,240225499725;0,98019801980198;1
126;210,435738946099;294,72281037928;0,98019801980198;1
127;210,778317097777;382,963737210086;0,98019801980198;1
128;211,428950823234;341,299678916306;0,98019801980198;1
129;212,463631877313;401,809671373451;0,98019801980198;0,99009900990099
130;209,333353006671;307,317145471423;0,98019801980198;0,99009900990099
131;211,785837038965;311,613577152864;0,98019801980198;1
132;215,208765313203;423,546009996835;0,98019801980198;0,99009900990099
133;208,321933648498;256,764355580696;0,98019801980198;1
134;213,5468133919;266,95655284297;0,98019801980198;0,99009900990099
135;209,782037725463;305,835972904334;0,98019801980198;0,99009900990099
136;210,718774969273;233,157353302905;0,98019801980198;1
137;206,367973437745;208,450748798152;0,98019801980198;0,99009900990099
138;189;169,289558496832;0,445544554455446;0,455445544554455
139;207,750783220522;301,692918997797;0,98019801980198;0,99009900990099
140;208,110063173402;212,035651380742;0,98019801980198;0,99009900990099
141;212,934275004226;304,557779927095;0,98019801980198;0,99009900990099
142;209,341448886985;271,231306432448;0,98019801980198;0,99009900990099
143;209,386742559202;335,278962572876;0,98019801980198;0,99009900990099
144;208,078964630939;257,855774268076;0,98019801980198;1
145;212,501217870367;302,558043707147;0,98019801980198;0,99009900990099
146;207,249909086188;227,578575406754;0,98019801980198;0,99009900990099
147;208,199794839184;218,65899352575;0,98019801980198;1
148;210,616916725281;291,180941633716;0,98019801980198;1
149;206,32412580124;212,353487845667;0,98019801980198;1
150;212,806168415784;237,631977160989;0,98019801980198;0,99009900990099
151;211,223032480068;243,495559195236;0,98019801980198;1
152;212,137375969835;340,217476781499;0,98019801980198;1
153;210,770879629368;256,257084176215;0,98019801980198;0,99009900990099
154;210,100237378815;305,498078813947;0,98019801980198;1
155;214,6405019488;356,926999921446;0,98019801980198;1
156;215,683284279142;461,816070624278;0,98019801980198;0,99009900990099
157;214,374377669034;370,226727806566;0,98019801980198;1
158;206,762381165337;234,964210699209;0,98019801980198;1
159;207,152457809364;328,88801807413;0,98019801980198;1
160;208,613290215379;423,497888372774;0,98019801980198;1
161;211,309728976678;345,97731741434;0,98019801980198;1
162;207,495004974446;223,598456613124;0,98019801980198;0,99009900990099
163;213,600191980444;351,229182003927;0,98019801980198;0,99009900990099
164;209,131132655804;328,88646742342;0,98019801980198;0,99009900990099
165;189;283,789193431153;0,95049504950495;0,96039603960396
166;211,112962200646;369,157331026241;0,98019801980198;0,99009900990099
167;215,366165391579;449,796232005436;0,98019801980198;1
168;210,038371393431;316,241743371977;0,98019801980198;1
169;210,253076269442;375,648804699255;0,98019801980198;1
170;189;199,319297625091;0,643564356435644;0,653465346534653
171;212,364945335037;339,84470848555;0,98019801980198;0,99009900990099
172;213,43749208264;392,296700376973;0,98019801980198;0,99009900990099
173;213,476472758628;299,718594181094;0,98019801980198;0,99009900990099
174;207,059402966565;239,413268529303;0,98019801980198;1
175;209,852837802502;206,289484300506;0,98019801980198;0,99009900990099
176;210,477298492311;286,837709171763;0,98019801980198;1
177;189;302,60022651761;0,722772277227723;0,742574257425743
178;207,838202142453;264,943038525424;0,98019801980198;1
179;210,12014233804;240,618812266913;0,98019801980198;0,99009900990099
180;209,258037305096;304,147664602401;0,98019801980198;1
181;215,480122300515;459,51736000588;0,98019801980198;1
182;208,251047712745;207,344546805895;0,98019801980198;1
183;213,808503252516;353,77130070892;0,98019801980198;0,99009900990099
184;214,115306678871;390,231259274928;0,98019801980198;0,99009900990099
185;189;224,284228475305;0,722772277227723;0,742574257425743
186;213,944278500246;361,642345862343;0,98019801980198;0,99009900990099
187;212,110645865029;310,998376964161;0,98019801980198;1
188;208,138687689487;367,201362041056;0,98019801980198;0,99009900990099
189;211,239475330102;261,536236592973;0,98019801980198;1
190;215,722339049549;393,214260574189;0,98019801980198;1
191;214,662040332768;345,283018283164;0,98019801980198;1
192;212,910692720388;439,380757386542;0,98019801980198;1
193;208,499001204936;358,034289321497;0,98019801980198;0,99009900990099
194;210,052662912466;300,182108952248;0,98019801980198;0,99009900990099
195;208,784253511529;203,321740202076;0,98019801980198;0,99009900990099
196;211,635289900511;335,715031177672;0,98019801980198;1
197;217,476647466979;359,25381074639;0,98019801980198;0,99009900990099
198;210,64113405869;303,416869464117;0,98019801980198;1
199;210,941741059026;294,747840780967;0,98019801980198;0,99009900990099
200;210,939805415851;283,662103323671;0,98019801980198;0,99009900990099
201;210,285121528578;286,574004450933;0,98019801980198;1
202;209,723712658717;238,14597783947;0,98019801980198;0,99009900990099
203;189;277,01418457917;0,95049504950495;0,97029702970297
204;213,582842069335;269,486879524889;0,98019801980198;1
205;211,45603574803;266,868790593514;0,98019801980198;0,99009900990099
206;211,052942555772;329,60823936753;0,98019801980198;1
207;212,461559090859;276,265646914344;0,98019801980198;1
208;210,257690045136;273,945394782014;0,98019801980198;0,99009900990099
209;212,941139471348;341,250124590422;0,98019801980198;1
210;213,112807815651;305,474544451183;0,98019801980198;1
211;215,048237278343;460,999614495967;0,98019801980198;0,99009900990099
212;189;188,467286852632;0,95049504950495;0,96039603960396
213;210,011968307618;267,174148402989;0,98019801980198;0,99009900990099
214;207,585596717402;306,187934368805;0,98019801980198;0,99009900990099
215;189;326,394948248626;0,95049504950495;0,96039603960396
216;212,644207177716;301,02848406022;0,98019801980198;0,99009900990099
217;213,114117104429;367,99902543228;0,98019801980198;0,99009900990099
218;211,131299735593;302,103846088577;0,98019801980198;1
219;212,484957870081;297,420290612105;0,98019801980198;0,99009900990099
220;213,181515150774;322,040011537278;0,98019801980198;1
221;207,575112666137;279,724652480087;0,98019801980198;0,99009900990099
222;211,336082516834;235,208382653659;0,98019801980198;1
223;211,827854851801;362,137013129876;0,98019801980198;0,99009900990099
224;212,445637297292;389,459578981717;0,98019801980198;0,99009900990099
225;214,427481277822;359,068339774228;0,98019801980198;0,99009900990099
226;207,675468093492;285,658580226485;0,98019801980198;0,99009900990099
227;213,85267171142;450,860854893815;0,98019801980198;0,99009900990099
228;214,258751038571;355,115562543835;0,98019801980198;1
229;208,88190983859;287,275114586243;0,98019801980198;0,99009900990099
230;213,502792234552;342,437131518121;0,98019801980198;1
231;212,955532631664;407,175206756868;0,98019801980198;1
232;217,965985136986;490,841976358931;0,98019801980198;0,99009900990099
233;214,448992669481;372,701419695062;0,98019801980198;1
234;216,273719565249;358,288490681213;0,98019801980198;1
235;209,115549658844;332,806597929251;0,98019801980198;1
236;211,75805632799;261,533212993183;0,98019801980198;1
237;209,492680605654;258,989333244763;0,98019801980198;1
238;208,638902928872;325,066903822363;0,96039603960396;0,97029702970297
239;214,220147022613;316,239155002037;0,98019801980198;0,99009900990099
240;209,563968004547;264,423501388528;0,98019801980198;0,99009900990099
241;213,659830940011;234,945061280851;0,98019801980198;0,99009900990099
242;209,856622975529;308,555237917438;0,98019801980198;1
243;210,518843901564;250,501402235547;0,98019801980198;0,99009900990099
244;189;301,798806145918;0,722772277227723;0,732673267326733
245;210,878388271506;352,063742936827;0,98019801980198;1
246;208,626397022893;320,620256562128;0,98019801980198;1
247;210,899065392852;373,011950615666;0,98019801980198;1
248;219,056383076715;442,104347352837;0,98019801980198;0,99009900990099
249;210,10440899009;327,931263652623;0,98019801980198;0,99009900990099
250;211,763208406571;311,914976917471;0,98019801980198;0,99009900990099
251;211,038355579474;366,021757044095;0,98019801980198;0,99009900990099
252;212,059572515911;278,538976438464;0,98019801980198;0,99009900990099
253;189;181,36183991444;0,445544554455446;0,455445544554455
254;210,636462567377;254,697995002903;0,98019801980198;0,99009900990099
255;212,969085224172;410,632611379629;0,98019801980198;1
256;215,081724964896;315,262621255147;0,98019801980198;1
257;212,192598529465;273,116020250026;0,98019801980198;1
258;209,480368844221;314,784094478524;0,98019801980198;1
259;211,712580087592;331,321123829489;0,98019801980198;1
260;210,765400668254;326,946829833074;0,98019801980198;0,99009900990099
261;208,551007316652;253,484931356368;0,98019801980198;1
262;210,286028806244;332,481870228236;0,98019801980198;1
263;213,807622127104;299,822157642032;0,98019801980198;1
264;211,808608843502;289,236491137695;0,98019801980198;1
265;209,004604647381;383,149930597709;0,98019801980198;0,99009900990099
266;189;207,270209575777;0,722772277227723;0,742574257425743
267;212,436942647862;392,186114581906;0,98019801980198;1
268;208,598486283011;243,675788329977;0,98019801980198;0,99009900990099
269;209,825590217217;393,121475442974;0,96039603960396;0,98019801980198
270;210,317629260867;426,336990225587;0,98019801980198;0,99009900990099
271;212,522024630957;313,97776410386;0,98019801980198;1
272;208,510009697484;271,927843066087;0,98019801980198;0,99009900990099
273;209,475909954324;234,635506811982;0,98019801980198;0,99009900990099
274;208,605324237297;233,359370316643;0,98019801980198;0,99009900990099
275;210,266828747582;324,451059346663;0,98019801980198;0,99009900990099
276;208,492250982431;328,922853911984;0,98019801980198;1
277;213,168488255797;321,924568739101;0,98019801980198;1
278;214,592045201863;276,924482576269;0,98019801980198;1
279;207,803980279831;292,517874437572;0,98019801980198;1
280;207,981867744932;363,119264588431;0,98019801980198;1
281;209,135050073848;269,882712162752;0,98019801980198;0,99009900990099
282;207,855480770031;223,298712993551;0,98019801980198;0,99009900990099
283;212,183421864303;354,17267152991;0,98019801980198;1
284;209,037204108839;319,702822602598;0,98019801980198;0,99009900990099
285;210,022819538556;285,11494705404;0,98019801980198;0,99009900990099
286;209,301933593158;303,033042422022;0,98019801980198;1
287;214,474445847265;254,00996207902;0,98019801980198;1
288;214,842630824426;323,325108906509;0,98019801980198;0,99009900990099
289;209,402643268599;234,295231609588;0,98019801980198;1
290;214,064411347438;269,579953254472;0,98019801980198;1
291;208,752651378926;288,15690308077;0,98019801980198;1
292;213,04036265365;434,124220736387;0,98019801980198;0,99009900990099
293;208,972850744799;234,5748695316;0,98019801980198;0,99009900990099
294;210,694451012207;280,497301483784;0,98019801980198;1
295;189;198,497097546751;0,643564356435644;0,653465346534653
296;208,919852363812;325,995285487139;0,98019801980198;0,99009900990099
297;215,196861790807;326,015039404655;0,98019801980198;0,99009900990099
298;189;235,461008093155;0,643564356435644;0,663366336633663
299;210,379252295578;398,224637547516;0,98019801980198;1
300;189;207,347742480171;0,722772277227723;0,742574257425743
301;217,335855120933;403,778475554138;0,98019801980198;0,99009900990099
302;210,928000353806;240,622973239292;0,98019801980198;0,99009900990099
303;211,495571672363;238,21695803093;0,98019801980198;0,99009900990099
304;209,728933287203;347,418989147515;0,98019801980198;1
305;209,931113089104;285,437253924811;0,98019801980198;1
306;211,768162777948;342,672898996355;0,98019801980198;0,99009900990099
307;206,494051605234;257,552997780035;0,98019801980198;0,99009900990099
308;211,350174775554;291,218261883287;0,98019801980198;1
309;209,760443203618;359,377104976633;0,98019801980198;0,99009900990099
310;211,939345271059;282,463872231757;0,98019801980198;0,99009900990099
311;210,166163473013;245,714008362378;0,98019801980198;0,99009900990099
312;212,100760431647;297,411610551078;0,98019801980198;1
313;213,050344156454;282,341091553708;0,98019801980198;0,99009900990099
314;208,424825027883;258,475623175885;0,98019801980198;1
315;208,225439323289;314,608250625867;0,98019801980198;0,99009900990099
316;213,853702139413;328,66662328017;0,98019801980198;1
317;208,628103495796;217,008466580871;0,98019801980198;1
318;209,689330955447;329,083789616124;0,98019801980198;1
319;211,362048642114;215,513589211434;0,98019801980198;1
320;211,06748246096;297,664976175793;0,98019801980198;0,99009900990099
321;209,074673660973;287,205544209381;0,98019801980198;1
322;189;242,31717412524;0,722772277227723;0,742574257425743
323;211,877034775509;313,613651362674;0,98019801980198;1
324;207,679983442852;310,411573299727;0,98019801980198;1
325;212,716323453767;340,220941299893;0,98019801980198;0,99009900990099
326;216,633679945745;301,492193898672;0,98019801980198;1
327;207,284894234112;365,947760874708;0,98019801980198;0,99009900990099
328;208,397842076982;326,402600071744;0,98019801980198;1
329;212,354508528253;346,17773767938;0,98019801980198;1
330;213,603758037355;238,020978017579;0,98019801980198;1
331;210,122232808572;384,979436888712;0,98019801980198;0,99009900990099
332;208,807071383183;244,040140816736;0,98019801980198;0,99009900990099
333;207,563975373256;283,961109680618;0,98019801980198;0,99009900990099
334;214,199691871817;475,229505995946;0,98019801980198;1
335;189;268,424231143866;0,722772277227723;0,732673267326733
336;210,077661218669;236,97401216463;0,98019801980198;1
337;211,313828004125;256,281594207199;0,98019801980198;0,99009900990099
338;211,467918357281;224,850533512204;0,98019801980198;0,99009900990099
339;212,296902879594;386,645944341414;0,98019801980198;0,99009900990099
340;208,738467095296;469,105400607632;0,98019801980198;1
341;214,108978028234;325,444973094325;0,98019801980198;0,99009900990099
342;210,346053677648;263,173226923405;0,98019801980198;0,99009900990099
343;218,706724938884;385,33993662846;0,98019801980198;0,99009900990099
344;212,419170591576;341,360083419847;0,98019801980198;1
345;214,343362545059;470,072028774887;0,98019801980198;0,99009900990099
346;210,884061671707;263,230864804382;0,98019801980198;0,99009900990099
347;213,125368318914;356,446928213253;0,98019801980198;1
348;209,816717011828;304,591552838789;0,98019801980198;1
349;208,374770532527;363,728728003501;0,98019801980198;0,99009900990099
350;213,737815822309;249,318766058701;0,98019801980198;0,99009900990099
351;208,153408268614;263,492346463545;0,98019801980198;0,99009900990099
352;208,420056849614;271,751894745447;0,98019801980198;1
353;212,878811920709;307,671287444531;0,98019801980198;0,99009900990099
354;215,35706837669;292,222441001417;0,98019801980198;1
355;209,274042460192;316,349182779248;0,98019801980198;1
356;189;254,35183687266;0,722772277227723;0,732673267326733
357;214,355069066192;299,550268271007;0,98019801980198;0,99009900990099
358;210,053414734825;312,090322178055;0,98019801980198;1
359;212,512911324439;262,178828539601;0,98019801980198;1
360;210,12865447696;265,581307874378;0,98019801980198;1
361;213,942993021918;275,508843532098;0,98019801980198;1
362;210,997333901084;346,422568867858;0,98019801980198;0,99009900990099
363;208,619317303444;348,135222651565;0,98019801980198;0,99009900990099
364;211,454113255453;343,502933725474;0,98019801980198;1
365;214,249101985732;408,743768066927;0,98019801980198;1
366;209,228796499914;355,435296839706;0,98019801980198;1
367;213,660982691915;437,847189808582;0,98019801980198;1
368;211,802310855102;235,403009408889;0,98019801980198;1
369;212,203842781863;342,186632370618;0,98019801980198;1
370;206,71017279089;250,519657347142;0,98019801980198;1
371;210,634196926626;368,847221170853;0,98019801980198;1
372;209,099751951994;275,478865960225;0,98019801980198;1
373;211,078689211736;257,857540054567;0,98019801980198;1
374;210,601399084757;310,735542396414;0,98019801980198;0,99009900990099
375;214,677048275403;354,720110040879;0,98019801980198;0,99009900990099
376;208,461295451095;328,5147172119;0,98019801980198;0,99009900990099
377;207,156326715671;236,473096027023;0,98019801980198;0,99009900990099
378;210,425209892969;352,142378407822;0,98019801980198;1
379;209,520687819751;252,827858812888;0,98019801980198;1
380;210,866446138644;264,948133988866;0,98019801980198;1
381;213,021018357286;407,891749992246;0,98019801980198;1
382;208,97192216293;342,946095853025;0,98019801980198;1
383;216,80141861533;300,776273245142;0,98019801980198;0,99009900990099
384;212,357951624615;333,816520398282;0,98019801980198;0,99009900990099
385;210,205114638601;239,677328982497;0,98019801980198;0,99009900990099
386;210,187656103286;382,565609532381;0,98019801980198;0,99009900990099
387;207,003688200886;359,187172826632;0,98019801980198;1
388;209,493605251954;312,535099729929;0,98019801980198;1
389;209,694656848447;284,751822970388;0,98019801980198;1
390;215,870575782344;363,509131482274;0,98019801980198;1
391;208,94620309251;291,917841116336;0,98019801980198;1
392;208,580552899248;286,26221689932;0,98019801980198;0,99009900990099
393;214,862256640261;377,681859813207;0,98019801980198;0,99009900990099
394;208,630155903272;321,014261696738;0,98019801980198;1
395;207,523212447209;264,485434892265;0,98019801980198;0,99009900990099
396;208,299378980001;292,073215438886;0,98019801980198;1
397;212,823909228779;268,881235203425;0,98019801980198;1
398;209,230617107609;215,943172873647;0,98019801980198;0,99009900990099
399;214,307417219652;334,109708548956;0,98019801980198;0,99009900990099
400;217,115443032591;339,182930969508;0,98019801980198;0,99009900990099
401;208,362122888552;233,151220957489;0,98019801980198;0,99009900990099
402;210,577298760875;296,519261148475;0,98019801980198;1
403;211,703146423189;285,202317100507;0,98019801980198;0,99009900990099
404;215,786882589279;296,293189418955;0,98019801980198;1
405;212,328932491221;340,020452569999;0,98019801980198;0,99009900990099
406;211,841174334952;350,724616102208;0,98019801980198;0,99009900990099
407;207,209518040054;256,034699958424;0,98019801980198;1
408;209,928567610517;229,3798802686;0,98019801980198;1
409;189;214,284718975466;0,643564356435644;0,663366336633663
410;215,421434744184;340,948109825827;0,98019801980198;0,99009900990099
411;210,0266412188;220,862226437997;0,98019801980198;1
412;207,863347934758;296,146945637271;0,98019801980198;1
413;189;209,172005633301;0,722772277227723;0,732673267326733
414;208,365384738679;276,618470498905;0,98019801980198;1
415;212,489536801073;246,714742997149;0,98019801980198;0,99009900990099
416;208,200190060665;259,996968865526;0,98019801980198;0,99009900990099
417;210,640290098938;342,710347435999;0,98019801980198;1
418;209,414618944387;275,675313784547;0,98019801980198;1
419;212,611378804987;381,581645619498;0,98019801980198;0,99009900990099
420;216,174976557128;375,104518126137;0,98019801980198;1
421;209,212177770875;404,58406856959;0,98019801980198;1
422;211,373898173022;378,177271960107;0,98019801980198;1
423;213,33874615118;318,650550521328;0,98019801980198;1
424;212,227070888157;328,351735394839;0,98019801980198;0,99009900990099
425;207,804438203413;237,324128192974;0,98019801980198;1
426;211,048220236227;290,161288789373;0,98019801980198;1
427;209,855562374439;309,907201217523;0,98019801980198;1
428;210,615444253826;324,7063951584;0,98019801980198;0,99009900990099
429;212,871250747721;321,564198756724;0,98019801980198;0,99009900990099
430;211,909641860752;377,428664472239;0,98019801980198;1
431;210,985388505884;338,053923982172;0,98019801980198;0,99009900990099
432;214,252545683307;384,208612723344;0,98019801980198;0,99009900990099
433;210,571011187486;325,137766985648;0,98019801980198;0,99009900990099
434;209,408954528713;258,656359113429;0,98019801980198;0,99009900990099
435;207,554725522697;274,858926542265;0,98019801980198;1
436;210,166149797703;246,265975783696;0,98019801980198;1
437;213,92851446709;364,723749093012;0,98019801980198;0,99009900990099
438;212,460685090498;370,405594973088;0,98019801980198;0,99009900990099
439;210,323842944895;285,783978442102;0,98019801980198;1
440;209,353524073258;223,72908291572;0,98019801980198;0,99009900990099
441;208,856078216806;369,166238594975;0,98019801980198;1
442;214,170334988595;412,504235255795;0,98019801980198;0,99009900990099
443;211,215150558417;349,085793413233;0,98019801980198;0,99009900990099
444;213,788794479088;323,413423947901;0,98019801980198;0,99009900990099
445;209,566247133562;267,125293316702;0,98019801980198;0,99009900990099
446;215,448212197786;327,511461116933;0,98019801980198;0,99009900990099
447;213,979217171284;388,87402522635;0,98019801980198;0,99009900990099
448;212,546076118088;346,638219871137;0,98019801980198;0,99009900990099
449;211,6419600997;389,954363549069;0,98019801980198;0,99009900990099
450;207,261033103034;272,441634357303;0,98019801980198;0,99009900990099
451;214,246652279138;268,619680889961;0,98019801980198;1
452;214,430993096074;312,891090392171;0,98019801980198;0,99009900990099
453;210,159892636696;346,467468504372;0,98019801980198;1
454;208,138960269868;254,427333308494;0,98019801980198;0,99009900990099
455;213,688769837471;397,863733091786;0,98019801980198;0,99009900990099
456;209,743051033766;275,671268141189;0,98019801980198;1
457;210,648242928685;320,709635905831;0,98019801980198;1
458;208,793246133156;314,836670107865;0,98019801980198;0,99009900990099
459;209,063093143818;295,583721726104;0,98019801980198;0,99009900990099
460;214,779973710926;400,777357052684;0,98019801980198;1
461;207,931090553905;235,74718229909;0,98019801980198;0,99009900990099
462;210,397898948924;250,429422729154;0,98019801980198;0,99009900990099
463;213,920228831525;394,347842593216;0,98019801980198;1
464;214,429753478366;305,860168520463;0,98019801980198;1
465;211,417746369971;370,090790825545;0,98019801980198;0,99009900990099
466;212,271608626974;313,100727980258;0,98019801980198;0,99009900990099
467;209,301240875693;295,438474353063;0,98019801980198;0,99009900990099
468;214,866109649382;402,684633229877;0,98019801980198;1
469;209,66609394095;273,54990109131;0,98019801980198;1
470;208,599864829166;240,634835599218;0,98019801980198;0,99009900990099
471;209,234843680774;265,270017298524;0,98019801980198;1
472;214,009529621097;346,807943018885;0,98019801980198;0,99009900990099
473;208,268847141592;207,860100960246;0,98019801980198;1
474;211,173469052604;358,041548448073;0,98019801980198;0,99009900990099
475;213,516125757279;339,652629769563;0,98019801980198;0,99009900990099
476;217,832806157072;510,766292330882;0,98019801980198;1
477;211,56632622596;283,222366420872;0,98019801980198;1
478;210,416371213798;312,963937680006;0,98019801980198;0,99009900990099
479;210,891975791583;299,493647959121;0,98019801980198;0,99009900990099
480;208,309913144659;286,511167665793;0,98019801980198;1
481;211,975632995797;332,129191439941;0,98019801980198;0,99009900990099
482;210,11873756694;261,625330701839;0,98019801980198;0,99009900990099
483;212,069258154138;296,980021644383;0,98019801980198;1
484;213,535679768409;311,098651528638;0,98019801980198;1
485;210,648294290947;226,38716864201;0,98019801980198;1
486;209,672257426776;320,36687660175;0,98019801980198;1
487;209,616878104642;226,321026220612;0,98019801980198;1
488;211,024209113693;391,01457458714;0,98019801980198;0,99009900990099
489;214,871604804178;352,183224164751;0,98019801980198;0,99009900990099
490;217,733466313279;495,868518813037;0,98019801980198;1
491;212,549821927674;307,134184390589;0,98019801980198;0,99009900990099
492;209,923864197945;268,748514189271;0,98019801980198;1
493;211,288287679711;270,019959384161;0,98019801980198;1
494;207,677994071465;187,785606399222;0,98019801980198;1
495;207,52572945582;260,380867053735;0,98019801980198;1
496;214,607616672961;276,631047759086;0,98019801980198;1
497;189;176,667972890812;0,445544554455446;0,455445544554455
498;189;152,257817771851;0,445544554455446;0,465346534653465
499;213,383158739504;338,379074154875;0,98019801980198;0,99009900990099
500;211,085133972819;339,497327088095;0,98019801980198;1
501;207,103036089217;309,992678479336;0,98019801980198;1
502;209,905316757014;275,829397838285;0,98019801980198;1
503;208,031343914679;439,162677053911;0,98019801980198;0,99009900990099
504;213,190937379975;377,643117025728;0,98019801980198;0,99009900990099
505;209,402150251973;351,656167711197;0,98019801980198;1
506;211,390955519895;221,461264956722;0,98019801980198;1
507;207,488481552408;233,045628377252;0,98019801980198;0,99009900990099
508;209,87655251459;227,723402267427;0,98019801980198;0,99009900990099
509;212,608550104351;249,002214476132;0,98019801980198;0,99009900990099
510;210,470336484124;389,570414672799;0,98019801980198;0,99009900990099
511;206,350014324341;263,031747478919;0,98019801980198;0,99009900990099
512;211,397293302229;360,485506620141;0,98019801980198;0,99009900990099
513;210,386993194187;271,757478487982;0,98019801980198;0,99009900990099
514;214,434519161472;321,280037715443;0,98019801980198;0,99009900990099
515;189;250,394997725301;0,722772277227723;0,732673267326733
516;189;210,530911879874;0,445544554455446;0,455445544554455
517;210,678840966671;271,764897345212;0,98019801980198;1
518;209,199202202066;242,650495342163;0,98019801980198;0,99009900990099
519;214,100260491126;292,254783282975;0,98019801980198;1
520;216,283418363138;338,384888913274;0,98019801980198;1
521;208,407382104402;215,34961118922;0,98019801980198;0,99009900990099
522;214,501800954111;369,336622431868;0,98019801980198;0,99009900990099
523;208,657768835074;264,950128974555;0,98019801980198;0,99009900990099
524;207,655414097157;270,896948006693;0,98019801980198;1
525;212,617558386962;378,396401432214;0,98019801980198;1
526;211,22676447305;276,801461976292;0,98019801980198;1
527;211,918383105468;311,147849102319;0,98019801980198;0,99009900990099
528;211,183029653243;276,958882414467;0,98019801980198;1
529;216,708021874097;456,09550589013;0,98019801980198;0,99009900990099
530;209,619753178856;301,942135533233;0,98019801980198;1
531;210,61216688485;377,200257433928;0,98019801980198;1
532;213,59468228924;349,841907608812;0,98019801980198;1
533;210,594721522581;298,912115621439;0,98019801980198;1
534;207,213618102042;339,030445181642;0,98019801980198;1
535;218,084195994739;471,971084100342;0,98019801980198;1
536;211,677398317912;351,7070117241;0,98019801980198;1
537;209,937344225673;237,935349274291;0,98019801980198;0,99009900990099
538;189;288,734224148436;0,722772277227723;0,742574257425743
539;214,737407738262;263,049235023488;0,98019801980198;0,99009900990099
540;213,333494941721;361,591517338361;0,98019801980198;0,99009900990099
541;209,719603828701;302,472035293056;0,98019801980198;0,99009900990099
542;207,617633029154;230,235802562399;0,98019801980198;1
543;215,06259156119;449,338386612445;0,98019801980198;0,99009900990099
544;189;271,138867693996;0,722772277227723;0,732673267326733
545;209,324742441772;231,340598409117;0,98019801980198;1
546;212,329234437816;305,475297452732;0,98019801980198;0,99009900990099
547;209,798959504559;264,274229349776;0,98019801980198;0,99009900990099
548;212,877978137664;296,17256835401;0,98019801980198;0,99009900990099
549;209,57481243714;339,867567624037;0,98019801980198;1
550;212,513981750747;287,639761762144;0,98019801980198;0,99009900990099
551;208,906989795724;286,285944696949;0,98019801980198;1
552;208,980783947809;327,110619068599;0,98019801980198;1
553;213,560667697999;270,070083142163;0,98019801980198;0,99009900990099
554;213,016824529011;281,457861519742;0,98019801980198;1
555;210,277762960241;307,045659979336;0,98019801980198;0,99009900990099
556;216,623117174439;470,497921245835;0,98019801980198;1
557;211,636176454491;426,929589166151;0,98019801980198;0,99009900990099
558;208,818403271132;206,893734886114;0,98019801980198;1
559;209,266036193388;326,704901084206;0,98019801980198;0,99009900990099
560;211,754604700396;392,084257403002;0,98019801980198;0,99009900990099
561;211,958559496393;319,602079279839;0,98019801980198;0,99009900990099
562;207,471036419807;273,596138284287;0,98019801980198;1
563;208,176726623484;252,378214604567;0,98019801980198;1
564;214,530963636334;448,577024147632;0,98019801980198;1
565;208,863184115821;238,688448257654;0,98019801980198;1
566;212,939304935233;353,220895163707;0,98019801980198;1
567;210,434444276442;336,671739289555;0,98019801980198;1
568;211,529445203945;253,062817292706;0,98019801980198;0,99009900990099
569;215,823212714929;435,844029458319;0,98019801980198;1
570;213,665151765344;284,361418222432;0,98019801980198;1
571;211,624098328853;341,652547820046;0,98019801980198;0,99009900990099
572;213,68350199982;393,109161995909;0,98019801980198;0,99009900990099
573;211,023776017932;320,01275138511;0,98019801980198;1
574;189;250,894372856722;0,722772277227723;0,742574257425743
575;207,720130596435;253,655541654844;0,98019801980198;1
576;209,913347715293;334,05543628199;0,98019801980198;1
577;215,892405313186;334,389393988811;0,98019801980198;0,99009900990099
578;207,878062952187;294,294452948529;0,98019801980198;1
579;215,923623567012;408,794153512085;0,98019801980198;1
580;212,545431630691;349,739181555452;0,98019801980198;0,99009900990099
581;211,938460546565;258,554230082767;0,98019801980198;1
582;215,856029049091;324,709413309813;0,98019801980198;0,99009900990099
583;207,845471535987;227,525094270501;0,98019801980198;0,99009900990099
584;210,813364434464;226,780505746753;0,98019801980198;0,99009900990099
585;189;330,073592672806;0,95049504950495;0,97029702970297
586;211,857892105565;203,827755529421;0,98019801980198;0,99009900990099
587;211,377941441957;290,837941681723;0,98019801980198;0,99009900990099
588;210,62850277704;315,306059594628;0,98019801980198;1
589;212,167471762111;229,983672505555;0,98019801980198;1
590;209,619280106818;230,183546285138;0,98019801980198;1
591;213,431817935102;407,56590730203;0,98019801980198;1
592;208,421702511828;242,990270034608;0,98019801980198;1
593;214,423393517263;371,051124127987;0,98019801980198;0,99009900990099
594;214,398731827011;356,328710539906;0,98019801980198;1
595;207,844561517415;270,24617261976;0,98019801980198;1
596;209,102920054975;200,140362607676;0,98019801980198;0,99009900990099
597;212,334681650579;321,525388302421;0,98019801980198;0,99009900990099
598;207,499157422057;328,031866426046;0,98019801980198;1
599;210,819309080492;262,524387314581;0,98019801980198;1
600;210,982457537371;332,515593934592;0,98019801980198;0,99009900990099
601;209,808321828211;248,398624102716;0,98019801980198;1
602;208,190238828088;272,392893729604;0,96039603960396;0,98019801980198
603;189;217,239372951939;0,722772277227723;0,742574257425743
604;214,414662771282;331,361299029673;0,98019801980198;1
605;209,840556688689;279,963651923008;0,98019801980198;0,99009900990099
606;211,142991382506;269,182104735928;0,98019801980198;0,99009900990099
607;208,322935705473;275,470647050208;0,98019801980198;0,99009900990099
608;209,999522755508;283,813275058458;0,98019801980198;0,99009900990099
609;211,740694202759;359,277115179435;0,98019801980198;1
610;208,203310319225;266,246311161603;0,98019801980198;0,99009900990099
611;209,69400377966;201,611443331535;0,98019801980198;1
612;210,321858221425;314,803783450761;0,98019801980198;1
613;213,289817604413;372,393864250726;0,98019801980198;0,99009900990099
614;212,992193336159;330,657966093193;0,98019801980198;1
615;208,274815057919;347,135884298148;0,98019801980198;0,99009900990099
616;208,183209737892;210,114144335246;0,98019801980198;0,99009900990099
617;214,535225017068;439,91553397261;0,98019801980198;0,99009900990099
618;215,818201317391;348,209153534189;0,98019801980198;0,99009900990099
619;210,593270547225;251,003183044154;0,98019801980198;1
620;209,873711507545;283,340489022247;0,98019801980198;0,99009900990099
621;210,172569938983;335,217332977964;0,98019801980198;0,99009900990099
622;209,526797352953;374,963648707864;0,98019801980198;0,99009900990099
623;208,884016460114;291,521410509272;0,98019801980198;0,99009900990099
624;208,750858647506;241,511755508764;0,98019801980198;1
625;189;208,014313376022;0,722772277227723;0,732673267326733
626;209,66336282945;252,99741279919;0,98019801980198;0,99009900990099
627;208,690445905079;241,842795520773;0,98019801980198;0,99009900990099
628;210,433374805843;362,895289831744;0,98019801980198;0,99009900990099
629;215,341404407678;290,187432591071;0,98019801980198;0,99009900990099
630;213,421180524137;327,383719666005;0,98019801980198;0,99009900990099
631;210,710009675796;340,115145906942;0,98019801980198;0,99009900990099
632;209,64957935269;353,003659950639;0,98019801980198;1
633;211,738544508109;334,155060257047;0,98019801980198;1
634;215,742456271556;442,695648267064;0,98019801980198;1
635;214,300899425542;324,589965862212;0,98019801980198;1
636;210,161844502027;284,526497476496;0,98019801980198;0,99009900990099
637;210,028810961399;327,553686955635;0,98019801980198;1
638;189;183,485827825523;0,445544554455446;0,465346534653465
639;209,304737812537;253,042355886337;0,98019801980198;0,99009900990099
640;209,982180513113;222,728113333164;0,98019801980198;1
641;208,727529874078;272,023533128106;0,98019801980198;1
642;211,138591407909;434,583086859196;0,98019801980198;0,99009900990099
643;189;174,273748516332;0,445544554455446;0,465346534653465
644;210,031685287524;292,04944846595;0,98019801980198;1
645;209,794118225095;242,348971593545;0,98019801980198;0,99009900990099
646;214,179054255477;337,961153010477;0,98019801980198;0,99009900990099
647;208,802459551984;276,65064997778;0,98019801980198;0,99009900990099
648;207,896398594374;292,42456907814;0,98019801980198;1
649;208,456809463512;309,086493684879;0,98019801980198;0,99009900990099
650;209,265063719624;233,075898950785;0,98019801980198;1
651;212,232164991026;316,257944973179;0,98019801980198;1
652;212,907876697031;352,120027915421;0,98019801980198;0,99009900990099
653;189;276,715565179512;0,95049504950495;0,96039603960396
654;211,273310445897;306,816923265077;0,98019801980198;1
655;215,579371174933;237,502983636595;0,96039603960396;0,98019801980198
656;212,053684228333;293,110178477547;0,98019801980198;1
657;211,399527437198;398,789394356818;0,98019801980198;1
658;212,602301586434;423,030838052082;0,98019801980198;1
659;214,251154937319;307,961945063713;0,98019801980198;1
660;214,447295474053;363,108632143354;0,98019801980198;1
661;189;210,441460043818;0,643564356435644;0,653465346534653
662;208,743651579724;310,264794671529;0,98019801980198;1
663;208,388392941996;217,74422212712;0,98019801980198;0,99009900990099
664;212,376551408302;360,887777518905;0,98019801980198;0,99009900990099
665;208,685150841265;353,676979689757;0,98019801980198;1
666;207,011838649998;269,387649783391;0,98019801980198;0,99009900990099
667;214,983232927581;384,878563174118;0,98019801980198;1
668;214,24345254035;332,539460330269;0,98019801980198;1
669;209,395632839247;258,199714751755;0,98019801980198;0,99009900990099
670;210,40391162701;325,208518240236;0,98019801980198;1
671;214,070983581305;271,888742399898;0,98019801980198;0,99009900990099
672;189;223,907582002151;0,643564356435644;0,663366336633663
673;213,351753923483;230,534826311842;0,98019801980198;1
674;217,416818220132;419,071481746898;0,98019801980198;1
675;210,738421837085;391,994941555351;0,98019801980198;0,99009900990099
676;211,121437875648;416,135301636855;0,98019801980198;1
677;213,168440449195;258,011859901089;0,98019801980198;0,99009900990099
678;212,600064634111;316,579937088918;0,98019801980198;1
679;210,419522254226;303,017074766694;0,98019801980198;0,99009900990099
680;212,967005316762;327,973829556459;0,98019801980198;1
681;209,856547450767;300,422898719302;0,98019801980198;1
682;189;251,602917353102;0,95049504950495;0,97029702970297
683;211,635403460183;276,636321979757;0,98019801980198;1
684;208,754819212552;230,23456029817;0,98019801980198;0,99009900990099
685;214,214983341132;403,105237494524;0,98019801980198;1
686;215,552688539149;429,345731608504;0,98019801980198;0,99009900990099
687;209,0715555348;445,770571661718;0,98019801980198;1
688;210,387124093295;288,90986455005;0,98019801980198;0,99009900990099
689;210,350258989777;273,237964277148;0,98019801980198;1
690;210,580927331268;385,459660718166;0,98019801980198;0,99009900990099
691;211,516888089406;307,0086389382;0,98019801980198;0,99009900990099
692;213,828432641555;324,904833651451;0,98019801980198;0,99009900990099
693;219,556201191811;430,673810764173;0,98019801980198;0,99009900990099
694;212,828252245824;342,64124964732;0,96039603960396;0,97029702970297
695;214,123146742343;233,435534292851;0,98019801980198;0,99009900990099
696;216,975313548362;461,131637092551;0,98019801980198;1
697;208,725337041538;311,072835435248;0,98019801980198;1
698;189;214,993134871865;0,643564356435644;0,663366336633663
699;211,34285566306;269,657943465149;0,98019801980198;0,99009900990099
700;210,223591077407;311,428335856848;0,98019801980198;1
701;211,965933610399;369,911435232674;0,98019801980198;0,99009900990099
702;210,501873474979;297,496076101244;0,98019801980198;0,99009900990099
703;208,530360382524;301,807873138604;0,98019801980198;0,99009900990099
704;212,311067937918;280,459697201153;0,98019801980198;0,99009900990099
705;189;216,430250231917;0,722772277227723;0,732673267326733
706;208,766652828985;327,692040496026;0,98019801980198;1
707;209,953971885156;299,795032073511;0,98019801980198;0,99009900990099
708;211,499258943764;282,122515671963;0,98019801980198;0,99009900990099
709;207,671445718561;313,544562855755;0,98019801980198;1
710;217,399491759583;415,054138284794;0,98019801980198;0,99009900990099
711;216,473879030592;367,431751842273;0,98019801980198;0,99009900990099
712;206,854626283408;279,206232073622;0,98019801980198;1
713;189;234,686978369066;0,722772277227723;0,732673267326733
714;213,406804009713;358,615325178596;0,98019801980198;1
715;211,463400969227;305,824009397367;0,98019801980198;1
716;213,454839942746;263,005287853239;0,98019801980198;1
717;210,02942945306;407,116508030866;0,98019801980198;0,99009900990099
718;212,73900086828;400,371382223638;0,98019801980198;0,99009900990099
719;216,839615154143;436,736286029379;0,98019801980198;1
720;214,67345934205;360,908144431425;0,98019801980198;0,99009900990099
721;210,123208160715;227,049859612077;0,98019801980198;0,99009900990099
722;210,481306563499;274,612222163971;0,98019801980198;1
723;205,686801275837;271,44419838537;0,98019801980198;1
724;211,824148222956;307,001147280404;0,98019801980198;0,99009900990099
725;209,648002537169;263,405450629607;0,98019801980198;0,99009900990099
726;189;270,436154116361;0,95049504950495;0,96039603960396
727;207,863817431484;222,435369583174;0,98019801980198;0,99009900990099
728;210,464819110218;318,314172278219;0,98019801980198;1
729;208,705607431019;234,435558605389;0,98019801980198;1
730;209,340292850797;314,891348479097;0,98019801980198;1
731;206,50249612046;262,540132305225;0,98019801980198;1
732;208,979721702632;220,530707716257;0,98019801980198;1
733;209,790887135477;313,71611030815;0,98019801980198;1
734;210,496266848839;199,924549470263;0,98019801980198;1
735;212,407600239424;340,667747727657;0,98019801980198;1
736;209,238079484957;281,650772382444;0,98019801980198;1
737;211,515397561781;252,538356825872;0,98019801980198;0,99009900990099
738;207,311859813634;263,459356873459;0,98019801980198;0,99009900990099
739;211,051930242291;289,51586903343;0,98019801980198;0,99009900990099
740;214,353660165028;355,545066336098;0,98019801980198;1
741;206,187364657071;209,202998408012;0,98019801980198;1
742;212,54674021124;264,177474433944;0,98019801980198;0,99009900990099
743;216,285143174169;348,303331638386;0,98019801980198;1
744;214,214236878172;234,646386978799;0,98019801980198;0,99009900990099
745;215,930347323981;308,447883428522;0,98019801980198;0,99009900990099
746;214,037717713238;361,14142457596;0,98019801980198;1
747;209,184923289515;310,677963995513;0,98019801980198;1
748;212,711148439207;330,524001690482;0,98019801980198;1
749;212,234876716427;388,73614165695;0,98019801980198;1
750;213,199536201882;325,611417176683;0,98019801980198;0,99009900990099
751;210,93351484073;290,350185982545;0,98019801980198;0,99009900990099
752;207,588211349988;228,448562628706;0,98019801980198;0,99009900990099
753;211,201858646123;306,529396019911;0,98019801980198;1
754;211,769992143803;357,010315319467;0,98019801980198;0,99009900990099
755;207,785026212738;230,250374243277;0,98019801980198;0,99009900990099
756;213,073264416369;210,821469736906;0,98019801980198;1
757;214,580629898969;329,495666497581;0,98019801980198;1
758;213,515446958579;302,439297108184;0,98019801980198;1
759;210,485350147698;292,170776852793;0,98019801980198;0,99009900990099
760;210,213399005124;303,154157394922;0,98019801980198;0,99009900990099
761;211,171794449334;248,611730524883;0,98019801980198;0,99009900990099
762;211,304591569125;272,952368892458;0,98019801980198;0,99009900990099
763;211,59216105778;331,266621760366;0,98019801980198;1
764;211,591235969642;286,505228940972;0,98019801980198;1
765;205,63628110639;254,989357400858;0,98019801980198;0,99009900990099
766;211,9684681882;301,618320310639;0,98019801980198;0,99009900990099
767;189;285,067594509007;0,95049504950495;0,97029702970297
768;209,5504444731;299,316778469124;0,98019801980198;1
769;208,228673485909;241,57387288471;0,98019801980198;0,99009900990099
770;213,586954237233;348,113542704737;0,98019801980198;1
771;189;246,955973289142;0,722772277227723;0,732673267326733
772;212,22870835938;301,602583591007;0,98019801980198;0,99009900990099
773;211,173068615335;345,330016512991;0,98019801980198;0,99009900990099
774;209,172969122166;275,120338564199;0,98019801980198;1
775;211,6104478066;369,503535612959;0,98019801980198;0,99009900990099
776;214,574454906648;306,514693816261;0,98019801980198;0,99009900990099
777;208,085828726792;244,622312772678;0,98019801980198;0,99009900990099
778;207,787721387644;314,105548451707;0,98019801980198;1
779;208,600620180689;302,106408582042;0,98019801980198;1
780;209,864165863566;300,285436665972;0,98019801980198;0,99009900990099
781;189;329,741625015457;0,95049504950495;0,96039603960396
782;215,494873005481;335,606926511772;0,98019801980198;1
783;213,157905756041;346,722166795753;0,98019801980198;1
784;213,033112847074;304,487106191105;0,98019801980198;1
785;210,353139300516;331,737631302543;0,98019801980198;1
786;207,945565997436;215,48516342895;0,98019801980198;0,99009900990099
787;208,767843778831;332,679284740256;0,98019801980198;0,99009900990099
788;209,610319997458;297,135633531026;0,98019801980198;0,99009900990099
789;212,968045959489;286,957356310627;0,98019801980198;1
790;211,148948873609;300,515908778653;0,98019801980198;0,99009900990099
791;213,598807128909;274,000094812012;0,98019801980198;1
792;210,44048561863;319,709441229765;0,98019801980198;1
793;209,718466720017;338,074998852358;0,98019801980198;0,99009900990099
794;208,596133298562;252,564007564886;0,98019801980198;0,99009900990099
795;208,782702516296;322,797275408364;0,98019801980198;0,99009900990099
796;209,106711687437;311,453428314141;0,98019801980198;0,99009900990099
797;219,276517295408;488,224593183439;0,98019801980198;1
798;208,801366450522;314,800920031909;0,98019801980198;1
799;189;228,163194911712;0,445544554455446;0,465346534653465
800;213,539079093645;371,605810051726;0,98019801980198;0,99009900990099
801;215,250665463323;422,246019396598;0,98019801980198;1
802;208,878655130579;228,237642014815;0,98019801980198;1
803;209,33196255072;259,262578706334;0,98019801980198;0,99009900990099
804;209,038513169032;214,413788776613;0,98019801980198;0,99009900990099
805;211,538300627339;301,818676832157;0,98019801980198;1
806;208,849815387646;267,963939568481;0,98019801980198;1
807;210,197950143388;270,409501504501;0,98019801980198;0,99009900990099
808;208,27931515457;264,199386928802;0,98019801980198;1
809;210,424473338291;266,119585917127;0,98019801980198;1
810;217,470622155615;351,848743283725;0,98019801980198;1
811;207,356014794978;389,671325716568;0,98019801980198;1
812;210,574775538923;259,134827655764;0,98019801980198;1
813;216,223587130529;486,047897039796;0,98019801980198;1
814;208,231587018915;349,047799788382;0,98019801980198;1
815;215,353425521504;430,634120077394;0,98019801980198;1
816;211,210340584236;341,315870780227;0,98019801980198;0,99009900990099
817;212,19311856678;263,949180354498;0,98019801980198;0,99009900990099
818;208,914351887429;296,678986697273;0,98019801980198;0,99009900990099
819;210,198770045502;226,25948765612;0,98019801980198;1
820;213,576988783796;345,691460403972;0,98019801980198;1
821;189;251,591459561781;0,95049504950495;0,97029702970297
822;218,89820844572;424,243228609871;0,98019801980198;0,99009900990099
823;208,717954262266;318,911451079112;0,98019801980198;1
824;211,075994978505;244,486446304832;0,98019801980198;1
825;211,68528124898;374,788914165856;0,98019801980198;1
826;189;258,108702143981;0,722772277227723;0,732673267326733
827;189;262,798203598915;0,95049504950495;0,97029702970297
828;211,859385397627;300,485516147748;0,98019801980198;1
829;210,521990739652;309,885362912688;0,98019801980198;0,99009900990099
830;189;222,202668410849;0,95049504950495;0,97029702970297
831;210,740325592554;436,110150340804;0,98019801980198;0,99009900990099
832;211,201665025693;363,902705465607;0,98019801980198;0,99009900990099
833;212,155253122591;309,115534531612;0,98019801980198;1
834;209,092927160403;235,539937346509;0,98019801980198;0,99009900990099
835;208,287304187004;335,564777210551;0,98019801980198;1
836;206,304509971408;283,152140510738;0,98019801980198;1
837;211,063433207979;328,9199539545;0,98019801980198;0,99009900990099
838;211,501947104771;286,477923769231;0,98019801980198;0,99009900990099
839;207,418541503554;241,577315827903;0,98019801980198;0,99009900990099
840;209,360621554728;253,010751508442;0,98019801980198;1
841;219,73488633948;571,159235669977;0,98019801980198;0,99009900990099
842;208,706013387203;328,264334960489;0,98019801980198;0,99009900990099
843;209,240549459437;306,176275971644;0,98019801980198;0,99009900990099
844;209,419492228423;292,741088156947;0,98019801980198;1
845;210,493583232077;216,441577691808;0,98019801980198;0,99009900990099
846;189;329,80499312613;0,95049504950495;0,96039603960396
847;210,046837382292;349,025817900424;0,98019801980198;1
848;210,906936447074;255,266529868408;0,98019801980198;0,99009900990099
849;213,546629804833;367,301740654923;0,98019801980198;0,99009900990099
850;212,999593157996;345,205032977679;0,98019801980198;1
851;211,871376596517;251,643737324601;0,98019801980198;1
852;209,86954411106;217,317640225972;0,98019801980198;1
853;211,582917303434;221,887797318886;0,98019801980198;1
854;189;277,861766532418;0,95049504950495;0,97029702970297
855;210,414676338105;262,465283494723;0,98019801980198;1
856;211,288371482901;334,707398156394;0,98019801980198;1
857;212,645898284698;326,02350762276;0,98019801980198;1
858;213,954175674398;443,468154407331;0,98019801980198;1
859;211,704091953549;319,981517761133;0,98019801980198;1
860;216,007610256616;422,736065197703;0,98019801980198;0,99009900990099
861;212,800417206284;232,399809758343;0,98019801980198;0,99009900990099
862;208,988088714253;220,02062628083;0,98019801980198;0,99009900990099
863;189;164,253523227956;0,643564356435644;0,653465346534653
864;211,839253223063;307,010120070876;0,98019801980198;1
865;207,26063598108;211,643367387587;0,98019801980198;0,99009900990099
866;207,263967412117;203,541451746526;0,98019801980198;1
867;207,9323401663;310,167877425611;0,98019801980198;0,99009900990099
868;214,716694430975;351,04217071647;0,98019801980198;1
869;208,652899284575;337,856572369289;0,98019801980198;0,99009900990099
870;207,37285900468;259,037789664434;0,98019801980198;0,99009900990099
871;189;282,351742079327;0,95049504950495;0,97029702970297
872;210,399225803213;317,445231189446;0,98019801980198;0,99009900990099
873;216,612554977673;330,074228042974;0,98019801980198;0,99009900990099
874;210,115213624277;286,553435959132;0,98019801980198;1
875;207,843728397493;294,321737409238;0,98019801980198;0,99009900990099
876;209,033657893068;195,670011132881;0,98019801980198;0,99009900990099
877;213,239356294791;240,993814998685;0,98019801980198;1
878;209,563831878383;280,83616703078;0,98019801980198;0,99009900990099
879;209,167361639151;335,75981778453;0,98019801980198;0,99009900990099
880;189;181,895888591958;0,584158415841584;0,603960396039604
881;209,516547107576;266,970674021157;0,98019801980198;0,99009900990099
882;207,866739058383;258,328909833617;0,98019801980198;1
883;214,984890462694;427,112157501875;0,98019801980198;0,99009900990099
884;211,933387269489;315,518530207892;0,98019801980198;1
885;189;197,644173558676;0,445544554455446;0,465346534653465
886;210,636282261061;424,087045089034;0,98019801980198;0,99009900990099
887;209,012446925625;281,476680849626;0,98019801980198;1
888;207,860493472784;298,399406662725;0,98019801980198;0,99009900990099
889;210,971140684746;281,258989818668;0,98019801980198;0,99009900990099
890;209,400443887687;277,073697785312;0,98019801980198;0,99009900990099
891;211,106797270391;310,37131170911;0,98019801980198;1
892;215,242706846015;392,269638911851;0,98019801980198;0,99009900990099
893;216,872145064812;384,38188500789;0,98019801980198;1
894;216,366428397769;519,171948139625;0,98019801980198;1
895;216,48559111391;304,186692011461;0,98019801980198;0,99009900990099
896;209,079267403981;323,167136364417;0,98019801980198;1
897;215,174871631858;361,453496667494;0,98019801980198;1
898;213,218756290927;244,411739565681;0,98019801980198;0,99009900990099
899;209,058419722945;215,872042306923;0,98019801980198;0,99009900990099
900;205,946439178604;359,913156472775;0,98019801980198;0,99009900990099
901;208,540647091168;256,702950338645;0,98019801980198;0,99009900990099
902;208,659469786048;362,336920384233;0,98019801980198;1
903;208,454094831773;269,737105411615;0,98019801980198;0,99009900990099
904;207,823315101462;314,318344892008;0,98019801980198;0,99009900990099
905;213,032174830903;401,098615371542;0,98019801980198;0,99009900990099
906;189;334,142289185141;0,95049504950495;0,97029702970297
907;212,20630177626;314,176717600595;0,98019801980198;1
908;189;238,831013953874;0,722772277227723;0,732673267326733
909;189;259,412449429194;0,95049504950495;0,96039603960396
910;208,051730626541;279,853041231975;0,98019801980198;1
911;212,861845210504;296,205545892641;0,98019801980198;1
912;208,946663945851;265,882187407981;0,98019801980198;1
913;209,896648152405;324,05644072516;0,98019801980198;1
914;208,480862277708;266,170611588096;0,98019801980198;0,99009900990099
915;213,400657553912;347,755513143704;0,98019801980198;1
916;209,83015733712;335,649340529929;0,98019801980198;0,99009900990099
917;208,285447380828;246,896347398553;0,98019801980198;1
918;213,893758530471;345,537097622306;0,98019801980198;1
919;217,395776558098;401,725660415879;0,98019801980198;1
920;212,001532277542;271,123745345385;0,98019801980198;1
921;215,832837756352;330,244733675057;0,98019801980198;1
922;214,419922460127;263,191489046427;0,98019801980198;1
923;212,066112648297;249,213244805305;0,98019801980198;0,99009900990099
924;213,144193479945;390,275486942261;0,98019801980198;0,99009900990099
925;210,28811239659;347,184846447256;0,98019801980198;0,99009900990099
926;215,457458658902;427,589037533386;0,98019801980198;0,99009900990099
927;209,303239449639;261,261778646535;0,98019801980198;0,99009900990099
928;209,534444062528;320,945753138379;0,98019801980198;1
929;216,719617028313;359,920313176123;0,98019801980198;1
930;207,130476141256;244,346732695726;0,98019801980198;0,99009900990099
931;208,481677594505;322,004284548187;0,98019801980198;1
932;208,214568397323;285,604662720298;0,98019801980198;1
933;210,596122855315;377,832702658274;0,98019801980198;1
934;211,973251191267;359,514773057802;0,98019801980198;1
935;210,054817556652;286,974473379949;0,98019801980198;1
936;208,908795749074;286,051902588023;0,98019801980198;0,99009900990099
937;207,873179024926;293,125472787968;0,98019801980198;0,99009900990099
938;216,015609183081;236,753092992531;0,98019801980198;1
939;211,467305095879;261,95249369548;0,98019801980198;1
940;208,313546410638;291,580197566473;0,98019801980198;1
941;212,485769277005;242,51806778147;0,98019801980198;1
942;209,077154212339;352,234740061726;0,98019801980198;0,99009900990099
943;207,211151027952;227,966163024459;0,98019801980198;0,99009900990099
944;207,391112903726;287,666547894658;0,98019801980198;1
945;209,654963806374;299,970742589069;0,98019801980198;0,99009900990099
946;208,935737027349;305,360450340485;0,98019801980198;0,99009900990099
947;189;270,147350831331;0,95049504950495;0,96039603960396
948;211,245414016087;285,524483884397;0,98019801980198;0,99009900990099
949;213,975305606871;282,764998586106;0,98019801980198;0,99009900990099
950;216,472796510175;427,456370977459;0,98019801980198;0,99009900990099
951;210,658894257392;345,612378526189;0,98019801980198;1
952;210,042546551697;219,150756900991;0,98019801980198;0,99009900990099
953;214,539354899036;347,305546021362;0,98019801980198;1
954;212,158390436021;275,190190002642;0,98019801980198;0,99009900990099
955;207,823988447382;314,680520528488;0,98019801980198;1
956;212,647853390187;366,199142197356;0,98019801980198;1
957;211,3784594906;354,128946609668;0,98019801980198;0,99009900990099
958;207,253336957528;179,137855352706;0,98019801980198;1
959;209,449275693847;216,096322216088;0,98019801980198;1
960;210,202530782183;339,637901840107;0,98019801980198;0,99009900990099
961;212,363706684103;365,385399587607;0,98019801980198;0,99009900990099
962;212,56037792726;340,472329572173;0,98019801980198;1
963;205,607566414461;221,075777200474;0,98019801980198;0,99009900990099
964;210,695921282415;256,03738611707;0,98019801980198;0,99009900990099
965;212,497922332819;313,278664489554;0,98019801980198;1
966;212,494606220739;336,473879805;0,98019801980198;1
967;209,658840985046;251,907401730491;0,98019801980198;0,99009900990099
968;206,720856878111;311,142237869435;0,98019801980198;0,99009900990099
969;211,803699834172;339,2086919178;0,98019801980198;1
970;207,690772342862;282,596768303013;0,98019801980198;1
971;210,76241742863;306,988443902682;0,98019801980198;0,99009900990099
972;216,581971007347;468,804155792523;0,98019801980198;0,99009900990099
973;207,723979415135;262,034416424601;0,98019801980198;1
974;209,617899663006;347,649077648733;0,98019801980198;0,99009900990099
975;209,448025060367;195,610063886262;0,98019801980198;1
976;210,810034294215;251,585849967699;0,98019801980198;1
977;210,598563848523;413,738977062302;0,98019801980198;0,99009900990099
978;211,533776164328;391,290628211403;0,98019801980198;0,99009900990099
979;207,899326975758;265,704176974083;0,98019801980198;0,99009900990099
980;212,808153627183;287,775445018333;0,98019801980198;1
981;213,38229298865;434,379555846;0,98019801980198;0,99009900990099
982;208,252154551281;415,919791786542;0,98019801980198;1
983;211,938704519451;305,651037981948;0,98019801980198;1
984;211,231548599491;318,039159848596;0,98019801980198;1
985;212,805689674403;275,785980854628;0,98019801980198;0,99009900990099
986;209,447423875473;315,726252190965;0,98019801980198;0,99009900990099
987;189;221,425526376703;0,722772277227723;0,742574257425743
988;213,661671571487;271,616022044149;0,98019801980198;0,99009900990099
989;211,351787574485;313,855602022589;0,98019801980198;1
990;211,703115076195;305,301768667007;0,98019801980198;1
991;212,839410510098;386,156525656016;0,98019801980198;1
992;209,738035399151;227,276565838436;0,98019801980198;0,99009900990099
993;210,284179157846;447,623369714518;0,98019801980198;0,99009900990099
994;210,366943368322;283,104194003141;0,98019801980198;0,99009900990099
995;189;296,449053740594;0,95049504950495;0,96039603960396
996;209,960843872297;238,678375042978;0,98019801980198;1
997;209,998301448929;334,525645527455;0,98019801980198;0,99009900990099
998;213,396135350341;327,321148105096;0,98019801980198;1
999;209,4769873038;303,780160682736;0,98019801980198;1
