0;251,961017274454;1011,34271508849;0,99009900990099;1
1;223,711062596458;733,657748582621;0,742574257425743;0,742574257425743
2;242,610460092781;866,687295987813;0,99009900990099;0,99009900990099
3;237,010394809339;947,668131417476;0,99009900990099;1
4;237,921727798977;802,714304635503;0,99009900990099;0,99009900990099
5;247,486711254603;1004,60748829043;0,99009900990099;1
6;245,611642153578;909,963048885218;0,99009900990099;0,99009900990099
7;252,858032369754;1093,07078260955;0,99009900990099;1
8;223;490,723922304267;0,683168316831683;0,683168316831683
9;242,234508620543;819,863139918082;0,99009900990099;0,99009900990099
10;239,716184727753;861,255595595494;0,99009900990099;1
11;252,963283808665;1063,31356239754;0,99009900990099;1
12;242,738609355017;898,645594476828;0,99009900990099;0,99009900990099
13;243,578054094184;841,231911993578;0,99009900990099;0,99009900990099
14;243,012797795753;925,113297376007;0,99009900990099;1
15;243,209184998886;823,764505110516;0,99009900990099;1
16;243,309998172608;892,481365241604;0,99009900990099;1
17;239,778549221327;849,149031691128;0,99009900990099;0,99009900990099
18;241,582612500219;800,884782709835;0,99009900990099;1
19;253,114970325009;1007,75794835273;0,99009900990099;0,99009900990099
20;251,207114055816;1002,0037113475;0,99009900990099;1
21;244,220383572179;1005,05774693074;0,99009900990099;1
22;236,764745680783;846,645236717876;0,99009900990099;1
23;241,757094598065;872,187636897543;0,99009900990099;0,99009900990099
24;247,532099673978;854,371725846656;0,99009900990099;1
25;239,436116376877;935,862239859762;0,99009900990099;1
26;240,912052363537;877,606892799338;0,99009900990099;0,99009900990099
27;238,506891050302;900,082844926196;0,99009900990099;0,99009900990099
28;242,88908698645;947,991477647198;0,99009900990099;1
29;255,63446536042;1034,91252588641;0,99009900990099;1
30;244,712220989873;929,68066984589;0,99009900990099;1
31;251,85041721204;945,165901257475;0,99009900990099;1
32;249,19949629161;902,940640485847;0,99009900990099;0,99009900990099
33;245,6492954879;959,869907420433;0,99009900990099;0,99009900990099
34;253,795916362573;1023,72624390787;0,99009900990099;1
35;247,102215056443;925,209748804474;0,99009900990099;1
36;249,803484404272;1054,52092222878;0,99009900990099;1
37;246,466190605718;1031,77607887015;0,99009900990099;0,99009900990099
38;242,554311338621;893,425357330794;0,99009900990099;0,99009900990099
39;252,630144496288;961,40704243475;0,99009900990099;1
40;225,634595574118;744,253876384288;0,742574257425743;0,752475247524752
41;250,088095860586;989,94059736194;0,99009900990099;0,99009900990099
42;248,293536248173;943,620759219789;0,99009900990099;1
43;248,527627596552;962,06213638954;0,99009900990099;1
44;251,428995461252;1012,69378081352;0,99009900990099;1
45;251,228807645322;975,279245878503;0,99009900990099;0,99009900990099
46;240,709187906389;801,808179334809;0,99009900990099;0,99009900990099
47;237,949602792264;835,980903082087;0,99009900990099;0,99009900990099
48;238,657108910243;816,879292898343;0,99009900990099;1
49;242,637711379615;953,400697379599;0,99009900990099;1
50;235,963202665319;696,90720632125;0,99009900990099;1
51;243,647280284951;853,780454402316;0,99009900990099;1
52;246,691565039343;888,04185001773;0,99009900990099;0,99009900990099
53;243,958093625144;871,970512247248;0,99009900990099;1
54;246,218777217541;879,26974331146;0,99009900990099;0,99009900990099
55;253,386022459166;1039,23289166976;0,99009900990099;1
56;223;491,022488485861;0,683168316831683;0,683168316831683
57;256,799434104075;1055,63368477643;0,99009900990099;1
58;246,603976165819;1018,84622525199;0,99009900990099;0,99009900990099
59;247,519803339559;895,256617611775;0,99009900990099;1
60;252,520267666782;936,819817069344;0,99009900990099;0,99009900990099
61;251,792425266028;988,026775741558;0,99009900990099;0,99009900990099
62;245,411425187254;925,912990645572;0,99009900990099;0,99009900990099
63;248,951741932031;963,402962026814;0,99009900990099;0,99009900990099
64;250,390991745884;1103,46569386032;0,99009900990099;0,99009900990099
65;249,67247017575;995,494110340792;0,99009900990099;0,99009900990099
66;244,516091344165;923,93470220823;0,99009900990099;0,99009900990099
67;245,612491386493;768,453912535595;0,99009900990099;0,99009900990099
68;250,373754187121;1106,62491746444;0,99009900990099;1
69;237,788096000235;818,114243578283;0,99009900990099;0,99009900990099
70;240,821770034933;809,85492743997;0,99009900990099;1
71;249,199376028142;1039,96851563452;0,99009900990099;0,99009900990099
72;243,708597149449;885,511876732327;0,99009900990099;1
73;245,798208322124;1022,07910063345;0,99009900990099;0,99009900990099
74;250,013163083437;962,886505739785;0,99009900990099;1
75;247,712824343344;899,918785339014;0,99009900990099;0,99009900990099
76;247,650061615848;987,133137964218;0,99009900990099;0,99009900990099
77;250,151582489573;1033,35087534785;0,99009900990099;0,99009900990099
78;245,981622179011;954,72638911076;0,99009900990099;0,99009900990099
79;244,744005281964;938,987731769435;0,99009900990099;0,99009900990099
80;245,651896822609;889,079435704559;0,99009900990099;0,99009900990099
81;243,851793053521;903,99317370029;0,99009900990099;1
82;245,360945381042;866,861110942448;0,99009900990099;0,99009900990099
83;243,207017334201;856,376917650048;0,99009900990099;0,99009900990099
84;249,956275132213;951,200171861082;0,99009900990099;1
85;245,171982849345;915,913462854018;0,99009900990099;0,99009900990099
86;242,619236432916;1027,06324565459;0,99009900990099;0,99009900990099
87;244,767131068895;917,044807732262;0,99009900990099;1
88;246,976326855558;982,686414751339;0,99009900990099;1
89;241,81893835683;873,150058894367;0,99009900990099;0,99009900990099
90;247,676759956311;1016,56122115028;0,99009900990099;0,99009900990099
91;240,955994869212;925,929891925595;0,99009900990099;0,99009900990099
92;244,093092339315;893,041702174563;0,99009900990099;1
93;254,490582098837;1030,06143952695;0,99009900990099;1
94;242,764115010193;818,658822866133;0,99009900990099;1
95;248,224227221069;1043,15534542825;0,99009900990099;1
96;243,295548759543;882,188315360322;0,99009900990099;0,99009900990099
97;250,880804528614;927,877999943115;0,99009900990099;0,99009900990099
98;246,072701799477;869,793089229643;0,99009900990099;1
99;248,157575422872;940,578319183132;0,99009900990099;0,99009900990099
100;243,578844057676;906,468434951994;0,99009900990099;0,99009900990099
101;250,18722161915;993,498910728973;0,99009900990099;0,99009900990099
102;246,988861046412;1008,4630045991;0,99009900990099;0,99009900990099
103;241,689249814217;888,926644654592;0,99009900990099;1
104;242,808071994132;936,534277280148;0,99009900990099;1
105;249,177910392732;986,994475292697;0,99009900990099;1
106;253,232738875996;972,456120926921;0,99009900990099;0,99009900990099
107;249,126866543388;946,244036394588;0,99009900990099;1
108;246,398620204969;885,57311884715;0,99009900990099;1
109;254,479919312385;925,675063678802;0,99009900990099;0,99009900990099
110;245,15445113195;859,317492129863;0,99009900990099;0,99009900990099
111;248,056687209603;956,437348107375;0,99009900990099;1
112;244,41497610174;840,211119537932;0,99009900990099;1
113;251,462274954744;994,768390983164;0,99009900990099;1
114;240,127554930779;857,468036630747;0,99009900990099;0,99009900990099
115;249,23385026968;1059,6548901983;0,99009900990099;0,99009900990099
116;244,562228257365;991,86804202849;0,99009900990099;1
117;236,073007853949;816,42107030163;0,99009900990099;1
118;251,531301999588;1029,2374628548;0,99009900990099;1
119;246,041682535738;929,686092425197;0,99009900990099;0,99009900990099
120;246,185057107642;873,657799695582;0,99009900990099;1
121;238,541417470586;806,970231708033;0,99009900990099;0,99009900990099
122;241,581240104764;908,839360994477;0,99009900990099;0,99009900990099
123;241,186836268696;844,281820709118;0,99009900990099;0,99009900990099
124;248,231340642468;996,988156370275;0,99009900990099;1
125;223;455,527142734504;0,683168316831683;0,683168316831683
126;255,003430575171;1027,99518109059;0,99009900990099;0,99009900990099
127;245,01662115606;907,004680904565;0,99009900990099;1
128;248,36653041058;934,639260064856;0,99009900990099;1
129;249,927719421817;1035,25114437619;0,99009900990099;1
130;245,102387675727;946,107828203631;0,99009900990099;0,99009900990099
131;239,02228860542;846,061471306938;0,99009900990099;1
132;244,809567739554;928,159888900382;0,99009900990099;0,99009900990099
133;223;767,552097932763;0,742574257425743;0,752475247524752
134;243,731684940623;975,972555246274;0,99009900990099;0,99009900990099
135;243,703632326994;853,506037254485;0,99009900990099;1
136;251,889647996119;1000,05756498921;0,99009900990099;0,99009900990099
137;240,969557541372;818,976121342898;0,99009900990099;0,99009900990099
138;251,341707520083;969,169011578076;0,99009900990099;0,99009900990099
139;247,103402837873;962,002358704746;0,99009900990099;0,99009900990099
140;243,115034518672;864,036812817389;0,99009900990099;1
141;240,064674318111;829,441807534409;0,99009900990099;0,99009900990099
142;242,624278783648;855,148836285116;0,99009900990099;0,99009900990099
143;244,970176626916;936,920543005175;0,99009900990099;1
144;245,174147411208;864,320853334238;0,99009900990099;1
145;244,165795055043;998,745722968541;0,99009900990099;1
146;246,280799581412;980,210519746042;0,99009900990099;0,99009900990099
147;246,593423774686;920,725226609725;0,99009900990099;0,99009900990099
148;249,615530131034;966,294679035713;0,99009900990099;0,99009900990099
149;239,343326490673;807,847931676127;0,99009900990099;0,99009900990099
150;239,688314705621;910,742458547372;0,99009900990099;0,99009900990099
151;238,536709413305;884,284410782378;0,99009900990099;1
152;245,943092852828;860,558192141658;0,99009900990099;0,99009900990099
153;247,484855786097;975,665955346969;0,99009900990099;1
154;243,998785744889;893,858469953366;0,99009900990099;0,99009900990099
155;246,623757827492;860,766849095453;0,99009900990099;0,99009900990099
156;252,036614485957;996,518745073375;0,99009900990099;1
157;244,477061882453;889,243247138576;0,99009900990099;0,99009900990099
158;248,883565112439;907,799487780335;0,99009900990099;1
159;248,155187912169;1006,39464857567;0,99009900990099;0,99009900990099
160;243,819476794258;897,550267644684;0,99009900990099;1
161;240,600540515538;841,616692439025;0,99009900990099;1
162;249,108613630612;1010,11340828134;0,99009900990099;1
163;247,78483089948;1046,86803234923;0,99009900990099;0,99009900990099
164;243,866454225892;987,920909619296;0,99009900990099;0,99009900990099
165;253,296877052053;942,93660193998;0,99009900990099;0,99009900990099
166;248,196433496326;952,076493515285;0,99009900990099;1
167;246,065933535801;888,512977251344;0,99009900990099;1
168;249,77255363453;1008,9088212908;0,99009900990099;1
169;254,633410582329;1112,51543070095;0,99009900990099;1
170;246,446637863544;952,413647354522;0,99009900990099;1
171;244,476815251114;1070,36240884544;0,99009900990099;1
172;250,370082024819;1009,23806690648;0,99009900990099;1
173;244,248090509059;913,386570951056;0,99009900990099;1
174;239,804759420867;849,039708685902;0,99009900990099;0,99009900990099
175;240,446400328694;868,992654136136;0,99009900990099;1
176;245,729629780304;843,101549880025;0,99009900990099;0,99009900990099
177;246,399084217981;1021,02479965611;0,99009900990099;1
178;248,404144043899;988,733541439463;0,99009900990099;1
179;251,774619073239;1005,63092842811;0,99009900990099;0,99009900990099
180;251,284254416397;980,522849151443;0,99009900990099;1
181;244,801791029091;863,574930981944;0,99009900990099;0,99009900990099
182;248,484758781321;1094,89745627826;0,99009900990099;1
183;246,36098874152;1014,95047320301;0,99009900990099;0,99009900990099
184;243,579591566412;818,887424154072;0,99009900990099;1
185;248,939708210522;934,594951538724;0,99009900990099;0,99009900990099
186;247,201185656364;842,780097774029;0,99009900990099;1
187;223;802,955075442694;0,742574257425743;0,742574257425743
188;250,049466501529;960,724172569;0,99009900990099;0,99009900990099
189;241,989356539658;853,122731535221;0,99009900990099;1
190;244,249450221192;819,624609351196;0,99009900990099;1
191;248,268398227553;920,541309786111;0,99009900990099;0,99009900990099
192;245,14686020539;946,756022044844;0,99009900990099;1
193;244,989072844839;888,411176314977;0,99009900990099;0,99009900990099
194;224,943571330866;843,35108481545;0,861386138613861;0,871287128712871
195;250,183846395666;988,983150943447;0,99009900990099;0,99009900990099
196;248,649224988708;944,044863225128;0,99009900990099;1
197;244,925861847614;895,491858670219;0,99009900990099;0,99009900990099
198;236,722427283206;926,36156191415;0,99009900990099;0,99009900990099
199;242,219361750101;948,913061319482;0,99009900990099;1
200;248,056594105184;947,886177343335;0,99009900990099;1
201;247,489166412126;897,432618388981;0,99009900990099;1
202;223;502,272067480553;0,683168316831683;0,693069306930693
203;244,151869686005;989,085198184438;0,99009900990099;1
204;245,849011777759;981,472591773383;0,99009900990099;0,99009900990099
205;243,087506398112;877,820850542935;0,99009900990099;1
206;248,429603067129;905,745396799733;0,99009900990099;0,99009900990099
207;245,992920450161;997,234359630102;0,99009900990099;1
208;248,40375376298;891,374301126214;0,99009900990099;0,99009900990099
209;248,969132140769;1101,8245637549;0,99009900990099;1
210;247,960637791103;987,612755286156;0,99009900990099;0,99009900990099
211;248,138636209553;943,658665172554;0,99009900990099;0,99009900990099
212;248,580370622804;881,525123018974;0,99009900990099;0,99009900990099
213;230,705728721579;785,128303189614;0,742574257425743;0,742574257425743
214;228,2420693437;796,55526013268;0,742574257425743;0,752475247524752
215;244,213554135768;865,108116483912;0,99009900990099;0,99009900990099
216;245,458022158414;973,853635975282;0,99009900990099;0,99009900990099
217;247,907050007225;914,262323940368;0,99009900990099;1
218;245,079781431825;1002,79043986812;0,99009900990099;0,99009900990099
219;244,709613583982;964,46522122114;0,99009900990099;1
220;246,504585267716;970,626692341068;0,99009900990099;1
221;249,356020693549;951,056342513283;0,99009900990099;1
222;244,889580013444;954,259587545553;0,99009900990099;0,99009900990099
223;253,810481958792;1169,00783106495;0,99009900990099;0,99009900990099
224;253,345181950429;1039,40375967828;0,99009900990099;1
225;248,239359955651;917,163883625853;0,99009900990099;1
226;250,788136768509;1002,19152088568;0,99009900990099;0,99009900990099
227;243,117919379318;955,782790437457;0,99009900990099;0,99009900990099
228;250,758374455342;1058,07328193894;0,99009900990099;0,99009900990099
229;245,912733079785;965,113203448317;0,99009900990099;1
230;249,287155364789;905,979801060081;0,99009900990099;1
231;239,6432939992;797,898421688502;0,99009900990099;0,99009900990099
232;247,240927189714;1013,32328338179;0,99009900990099;1
233;241,78627342162;773,387820054465;0,99009900990099;1
234;250,07309617113;961,264844514313;0,99009900990099;1
235;247,435687196606;997,26279982458;0,99009900990099;0,99009900990099
236;249,612256031636;990,436936512945;0,99009900990099;0,99009900990099
237;241,560261242426;868,381016730213;0,99009900990099;0,99009900990099
238;247,82326755466;1007,94435906085;0,99009900990099;1
239;242,308570851519;778,434398816678;0,99009900990099;0,99009900990099
240;254,036087446443;1034,98232363989;0,99009900990099;1
241;239,798680973377;834,87185875869;0,99009900990099;1
242;247,254547317591;992,000682312127;0,99009900990099;0,99009900990099
243;245,953128518852;959,325251144312;0,99009900990099;0,99009900990099
244;245,279304621105;1005,09057918876;0,99009900990099;1
245;242,751745799864;800,60156450133;0,99009900990099;0,99009900990099
246;245,021461738425;962,120168569794;0,99009900990099;1
247;243,739303684509;837,243398371528;0,99009900990099;0,99009900990099
248;256,308545396439;1047,99657620806;0,99009900990099;0,99009900990099
249;243,267812138722;863,382128332157;0,99009900990099;1
250;250,164701167404;889,442557266378;0,99009900990099;1
251;246,18495332764;964,292369078348;0,99009900990099;0,99009900990099
252;241,745619589024;936,795595870573;0,99009900990099;1
253;246,250297740107;900,004356656342;0,99009900990099;1
254;240,931046030457;844,23912242424;0,99009900990099;1
255;242,53394101254;863,776588321643;0,99009900990099;0,99009900990099
256;243,322510761405;948,249368884766;0,99009900990099;0,99009900990099
257;249,39759092725;998,082217339092;0,99009900990099;0,99009900990099
258;244,752494453761;948,433432328652;0,99009900990099;0,99009900990099
259;250,415034299772;1042,84007390372;0,99009900990099;0,99009900990099
260;246,018726873683;914,977443132665;0,99009900990099;0,99009900990099
261;240,866678946499;818,768855899119;0,99009900990099;1
262;242,732280882263;881,872013785684;0,99009900990099;1
263;244,964640589944;937,525382209903;0,99009900990099;0,99009900990099
264;237,430765837084;752,483341935933;0,99009900990099;1
265;236,644826568752;758,107595017159;0,99009900990099;0,99009900990099
266;245,522254134897;915,588762276035;0,99009900990099;1
267;246,262500585785;962,951367436749;0,99009900990099;0,99009900990099
268;241,731934383077;900,305302856586;0,99009900990099;0,99009900990099
269;244,054874526114;869,991750878499;0,99009900990099;0,99009900990099
270;244,664941989975;900,081334900535;0,99009900990099;0,99009900990099
271;247,879497747371;994,944948774461;0,99009900990099;1
272;245,407494209002;903,850835044367;0,99009900990099;0,99009900990099
273;240,442081761299;842,087873457291;0,99009900990099;1
274;249,283822396929;975,970648456281;0,99009900990099;1
275;243,477177935589;846,590633547961;0,99009900990099;1
276;245,598538973364;996,532222621427;0,99009900990099;0,99009900990099
277;244,758420131867;998,985689810115;0,99009900990099;1
278;240,919979296904;959,919520603508;0,99009900990099;1
279;251,170953473025;1031,28223892565;0,99009900990099;0,99009900990099
280;239,20800336298;832,659762121052;0,99009900990099;0,99009900990099
281;244,622875563403;983,030182450394;0,99009900990099;1
282;241,669781724922;901,484246510192;0,99009900990099;0,99009900990099
283;247,704062071073;958,33677939382;0,99009900990099;0,99009900990099
284;242,094736583425;881,860121322977;0,99009900990099;1
285;249,76025615955;997,910539558393;0,99009900990099;1
286;245,625120252225;900,045577993596;0,99009900990099;1
287;241,349718990541;911,112416228008;0,99009900990099;1
288;243,060309853112;885,040967044426;0,99009900990099;0,99009900990099
289;223;452,178287584062;0,683168316831683;0,683168316831683
290;249,022753645604;887,216389760553;0,99009900990099;0,99009900990099
291;227,177459830452;814,580134314837;0,742574257425743;0,742574257425743
292;248,596716967297;966,453503666261;0,99009900990099;1
293;250,104919739471;940,598462560516;0,99009900990099;1
294;246,040727703907;927,81862469318;0,99009900990099;0,99009900990099
295;242,822742604683;999,858137779901;0,99009900990099;0,99009900990099
296;238,448218305172;843,659485542837;0,99009900990099;1
297;242,167147960078;826,752640659316;0,99009900990099;1
298;244,994538208572;925,244458414399;0,99009900990099;1
299;241,988740172314;804,566290570273;0,99009900990099;0,99009900990099
300;245,918332020978;853,873276809451;0,99009900990099;0,99009900990099
301;249,730947707242;1007,49235185205;0,99009900990099;1
302;252,127159781052;939,283000694335;0,99009900990099;1
303;247,06941578263;969,41899155942;0,99009900990099;1
304;244,334814438354;917,664797674471;0,99009900990099;1
305;243,216303014929;923,547737146358;0,99009900990099;1
306;248,446994226614;987,317647345887;0,99009900990099;1
307;245,58238303853;920,157950331098;0,99009900990099;0,99009900990099
308;250,501368403492;1005,93067898713;0,99009900990099;0,99009900990099
309;248,246447252047;926,089260913734;0,99009900990099;0,99009900990099
310;242,660592075171;978,319277564584;0,99009900990099;1
311;243,915471313183;882,22924073159;0,99009900990099;1
312;240,989249624826;1018,61335919238;0,99009900990099;0,99009900990099
313;244,845739869216;875,985747204193;0,99009900990099;1
314;246,274427666857;946,114372838832;0,99009900990099;1
315;247,618085813674;870,598358243132;0,99009900990099;0,99009900990099
316;242,681941106578;918,676356888632;0,99009900990099;1
317;246,472778706891;928,469131865213;0,99009900990099;1
318;242,573696712292;942,211652962452;0,99009900990099;0,99009900990099
319;245,20070637519;881,464187383591;0,99009900990099;1
320;246,690713207194;933,965812022447;0,99009900990099;1
321;223;467,395610911737;0,683168316831683;0,693069306930693
322;247,288384035437;977,379156297565;0,99009900990099;1
323;241,796568162582;885,36286148976;0,99009900990099;1
324;246,906261720285;961,477254922547;0,99009900990099;1
325;242,70190956403;839,201150296965;0,99009900990099;0,99009900990099
326;247,867163397913;939,290401338988;0,99009900990099;1
327;247,164511650108;924,292641090223;0,99009900990099;1
328;249,248993544418;1022,71722768091;0,99009900990099;0,99009900990099
329;246,135292484266;985,712977062452;0,99009900990099;1
330;249,05890250137;896,026729334647;0,99009900990099;0,99009900990099
331;244,519613201087;970,588416382647;0,99009900990099;0,99009900990099
332;250,203577131614;961,525163557973;0,99009900990099;0,99009900990099
333;246,539856862432;923,634621420789;0,99009900990099;1
334;251,543657331593;944,354183139831;0,99009900990099;1
335;244,23921255192;821,941439977877;0,99009900990099;0,99009900990099
336;242,359988200911;866,337961057137;0,99009900990099;1
337;244,498397561233;947,576480911271;0,99009900990099;1
338;242,819636145333;841,780836002006;0,99009900990099;1
339;241,000046742134;908,992270926425;0,99009900990099;0,99009900990099
340;247,387004786807;1027,80866460324;0,99009900990099;0,99009900990099
341;253,440449287973;1034,7425671922;0,99009900990099;1
342;241,945471462988;895,818960629999;0,99009900990099;1
343;247,428802841299;937,474403540133;0,99009900990099;1
344;256,644318390801;1045,37604409711;0,99009900990099;0,99009900990099
345;225,783528904395;732,984995758099;0,742574257425743;0,742574257425743
346;252,270324872904;988,864597997874;0,99009900990099;0,99009900990099
347;250,914702081378;979,001312468876;0,99009900990099;1
348;249,311861414992;940,024836346087;0,99009900990099;1
349;245,299330279045;951,094610028153;0,99009900990099;0,99009900990099
350;246,943288905253;1049,04609927586;0,99009900990099;1
351;244,475676619763;936,030611415235;0,99009900990099;0,99009900990099
352;249,865113281447;912,471072681987;0,99009900990099;0,99009900990099
353;248,251914717858;1002,60724600061;0,99009900990099;0,99009900990099
354;246,797487996362;965,565361725614;0,99009900990099;0,99009900990099
355;247,477872723863;952,962962470939;0,99009900990099;0,99009900990099
356;249,144921278225;1120,05355220319;0,99009900990099;1
357;243,827744582008;901,052368788209;0,99009900990099;1
358;245,574421319105;875,028350560324;0,99009900990099;1
359;242,657771721432;950,488628342799;0,99009900990099;0,99009900990099
360;243,054325148929;830,867796191818;0,99009900990099;0,99009900990099
361;245,993044319791;851,730464852949;0,99009900990099;0,99009900990099
362;239,377498219346;827,060722625528;0,99009900990099;1
363;247,057769543038;909,651284602234;0,99009900990099;0,99009900990099
364;252,885230779886;1077,4233775703;0,99009900990099;1
365;247,56152604232;961,554924249332;0,99009900990099;0,99009900990099
366;223;519,530910565848;0,683168316831683;0,693069306930693
367;252,440460040933;1033,49213596872;0,99009900990099;1
368;249,899240536683;994,332456423318;0,99009900990099;0,99009900990099
369;246,110286289135;926,913912678655;0,99009900990099;1
370;245,520766172449;863,787003615906;0,99009900990099;1
371;247,326857456688;980,513174927035;0,99009900990099;1
372;223;573,363870964095;0,683168316831683;0,693069306930693
373;223;475,159570498274;0,683168316831683;0,693069306930693
374;243,74332978177;967,129321069372;0,99009900990099;1
375;249,352926537259;942,965620223264;0,99009900990099;0,99009900990099
376;240,762303706349;825,483630673875;0,99009900990099;1
377;241,445417669214;924,717528858902;0,99009900990099;0,99009900990099
378;240,427906076225;976,799016058371;0,99009900990099;1
379;243,962646324254;875,935104921419;0,99009900990099;0,99009900990099
380;247,796187843222;968,024873056206;0,99009900990099;1
381;249,339954281623;933,689749737604;0,99009900990099;0,99009900990099
382;246,7054854522;1006,30250437065;0,99009900990099;0,99009900990099
383;253,757560780222;972,857095307685;0,99009900990099;1
384;242,265764887077;880,454438918421;0,99009900990099;1
385;227,243175631179;758,407966561162;0,742574257425743;0,742574257425743
386;245,403550390917;908,337998359294;0,99009900990099;1
387;250,469798890749;1050,17618234883;0,99009900990099;1
388;245,298968400296;902,943687831779;0,99009900990099;0,99009900990099
389;241,191554024026;854,492855454219;0,99009900990099;0,99009900990099
390;243,765281381163;974,975056916795;0,99009900990099;1
391;243,052505735406;863,414231397716;0,99009900990099;0,99009900990099
392;245,53035162776;901,969416469003;0,99009900990099;1
393;248,647040965836;956,353188515848;0,99009900990099;1
394;246,24877205828;964,126177373898;0,99009900990099;1
395;245,863298517853;932,066649823634;0,99009900990099;1
396;234,538739138501;750,394416632945;0,99009900990099;0,99009900990099
397;242,468697876638;859,808529229599;0,99009900990099;0,99009900990099
398;237,450860761781;894,144693476506;0,851485148514851;0,851485148514851
399;244,531464727899;1040,53022277854;0,99009900990099;1
400;243,076075876578;909,740449916616;0,99009900990099;0,99009900990099
401;243,310074418065;906,373155992868;0,99009900990099;0,99009900990099
402;243,886236176746;863,802653301452;0,99009900990099;1
403;247,434987606879;946,548662215716;0,99009900990099;1
404;223;434,068645537941;0,683168316831683;0,693069306930693
405;238,694817257022;898,532385848045;0,99009900990099;0,99009900990099
406;240,838930236122;808,573914005197;0,99009900990099;1
407;229,663223360592;809,492521502625;0,742574257425743;0,752475247524752
408;252,742005951645;1089,06923998631;0,99009900990099;0,99009900990099
409;252,906353515179;1013,28088595925;0,99009900990099;0,99009900990099
410;246,242096611501;900,18476152341;0,99009900990099;0,99009900990099
411;242,358103042757;888,257850223462;0,99009900990099;1
412;244,856163898202;936,717127368335;0,99009900990099;0,99009900990099
413;242,908208604981;858,471371086929;0,99009900990099;0,99009900990099
414;250,516200343589;909,643902062372;0,99009900990099;0,99009900990099
415;244,998544744912;901,028324920119;0,99009900990099;1
416;244,320306185772;929,781032642697;0,99009900990099;1
417;238,694092667322;814,942392785547;0,99009900990099;1
418;240,527066426631;1015,95831681828;0,99009900990099;1
419;246,121302613103;980,007944863221;0,99009900990099;1
420;244,155441748289;883,679917598616;0,99009900990099;0,99009900990099
421;241,189893585615;898,140034247257;0,99009900990099;1
422;238,001455617177;830,248382448187;0,99009900990099;0,99009900990099
423;246,520691995171;975,220289622602;0,99009900990099;0,99009900990099
424;246,704889966015;928,004878422935;0,99009900990099;1
425;246,953482287126;982,293781765029;0,99009900990099;1
426;250,567957678335;1018,98491013192;0,99009900990099;0,99009900990099
427;243,761281666209;978,738930296762;0,99009900990099;1
428;223;501,470470687117;0,683168316831683;0,693069306930693
429;246,639767718813;830,266804771876;0,99009900990099;1
430;244,180464076169;870,107822611192;0,99009900990099;0,99009900990099
431;244,060869325371;876,219817259259;0,99009900990099;1
432;241,564955765385;873,724596323522;0,99009900990099;1
433;245,840499203349;963,350208608933;0,99009900990099;0,99009900990099
434;241,9365838252;838,707959268062;0,99009900990099;0,99009900990099
435;223,25056500552;759,016988892775;0,742574257425743;0,752475247524752
436;250,214027487374;968,782819444531;0,99009900990099;1
437;249,992862817152;1021,90219641063;0,99009900990099;1
438;245,437585633777;821,023401507012;0,99009900990099;1
439;245,001979998559;900,374000441112;0,99009900990099;1
440;247,013560827659;1001,4893087881;0,99009900990099;0,99009900990099
441;246,886783743646;984,308307957463;0,99009900990099;0,99009900990099
442;250,177881918133;983,635001098396;0,99009900990099;0,99009900990099
443;244,687459199401;904,133904670706;0,99009900990099;0,99009900990099
444;247,421282823622;973,34692991464;0,99009900990099;1
445;245,53751429618;958,995224109337;0,99009900990099;0,99009900990099
446;250,719683286319;1001,68533358768;0,99009900990099;0,99009900990099
447;240,612012533385;850,859986592683;0,99009900990099;0,99009900990099
448;246,149166451288;868,722830174641;0,99009900990099;0,99009900990099
449;252,699125293106;981,832798730827;0,99009900990099;0,99009900990099
450;240,680464244975;923,357497402824;0,99009900990099;0,99009900990099
451;247,911158203602;916,266479829187;0,99009900990099;1
452;250,280774007718;1077,2046349668;0,99009900990099;0,99009900990099
453;251,997253825094;1017,7702231294;0,99009900990099;0,99009900990099
454;247,667948664172;874,971891551375;0,99009900990099;0,99009900990099
455;241,313340159651;869,010361257463;0,99009900990099;1
456;248,087050818321;923,116883583881;0,99009900990099;0,99009900990099
457;223;509,133204944796;0,683168316831683;0,693069306930693
458;250,311860664657;1020,2529795118;0,99009900990099;0,99009900990099
459;246,562922919257;894,298803109624;0,99009900990099;1
460;240,178362145328;836,382306401042;0,99009900990099;0,99009900990099
461;245,911702154703;909,191054151431;0,99009900990099;1
462;249,659695452993;1050,40786306569;0,99009900990099;1
463;248,679938310429;900,300270786258;0,99009900990099;1
464;245,1734057482;885,615121473414;0,99009900990099;0,99009900990099
465;251,848294634648;1000,49590679269;0,99009900990099;1
466;238,734491319265;798,944325126303;0,99009900990099;1
467;244,84056857445;868,646631983491;0,99009900990099;0,99009900990099
468;244,9704284826;915,722683420644;0,99009900990099;1
469;244,942040646677;950,91076748051;0,99009900990099;0,99009900990099
470;238,050435784756;905,897855999341;0,99009900990099;0,99009900990099
471;250,728815582595;1017,73625800376;0,99009900990099;1
472;243,949475859489;858,628900335412;0,99009900990099;1
473;250,364609712899;954,085402299276;0,99009900990099;1
474;246,423348504532;889,769202847717;0,99009900990099;1
475;239,341776252474;807,328256588481;0,99009900990099;0,99009900990099
476;245,679465680088;948,219169797644;0,99009900990099;1
477;232,739031369662;866,945718493083;0,742574257425743;0,752475247524752
478;248,464645452868;946,20664349087;0,99009900990099;1
479;250,762611045555;1025,29433376593;0,99009900990099;0,99009900990099
480;246,195501582665;963,916098170242;0,99009900990099;1
481;245,751917757474;945,15429699067;0,99009900990099;1
482;247,491430381249;951,845873999034;0,99009900990099;1
483;252,254843006735;965,778207492212;0,99009900990099;1
484;241,971878347156;839,775562584104;0,99009900990099;1
485;253,054305799337;1155,75825764629;0,99009900990099;0,99009900990099
486;243,469827295143;1011,20514929759;0,99009900990099;1
487;250,529718070359;977,022214909276;0,99009900990099;0,99009900990099
488;247,490544923753;1037,28778430094;0,99009900990099;0,99009900990099
489;243,8490251721;935,209362457193;0,99009900990099;0,99009900990099
490;247,764206718811;931,438098645407;0,99009900990099;0,99009900990099
491;247,021953251419;1033,8276717871;0,99009900990099;1
492;242,081190220458;849,70304784372;0,99009900990099;1
493;238,04979455883;779,751909339755;0,99009900990099;1
494;246,298151400425;935,473447679296;0,99009900990099;0,99009900990099
495;244,719546678814;1014,77839627707;0,99009900990099;1
496;248,900798368635;977,575374413718;0,99009900990099;1
497;246,322389400725;963,611786182923;0,99009900990099;0,99009900990099
498;245,418040844915;1000,81168453899;0,99009900990099;0,99009900990099
499;239,479520355012;848,687046139738;0,99009900990099;1
500;227,488325365708;825,691871288487;0,742574257425743;0,752475247524752
501;250,801814158844;997,824542226228;0,99009900990099;0,99009900990099
502;256,355925907473;1100,21753263276;0,99009900990099;1
503;239,588416606371;846,813014737803;0,99009900990099;0,99009900990099
504;246,689064537303;889,099485871435;0,99009900990099;1
505;223;539,135224108588;0,683168316831683;0,683168316831683
506;245,702894384546;949,54690108969;0,99009900990099;0,99009900990099
507;237,162810941443;849,833819944954;0,99009900990099;1
508;244,52163700288;975,679291566441;0,99009900990099;0,99009900990099
509;247,024084057527;983,023985255246;0,99009900990099;1
510;247,099160266141;974,128362019733;0,99009900990099;0,99009900990099
511;250,376300589243;1112,69080052449;0,99009900990099;1
512;244,055186054923;902,939716534355;0,99009900990099;1
513;251,300996208243;1033,74788000683;0,99009900990099;0,99009900990099
514;244,155763808803;907,922356721392;0,99009900990099;1
515;247,119719786436;896,57475159299;0,99009900990099;0,99009900990099
516;238,398341779854;989,722514200843;0,99009900990099;1
517;223;482,092447468341;0,683168316831683;0,683168316831683
518;250,640087142084;954,537091454074;0,99009900990099;0,99009900990099
519;243,327791955668;859,391965000481;0,99009900990099;0,99009900990099
520;247,560962208688;968,941274312946;0,99009900990099;1
521;244,782063767525;961,797071021962;0,99009900990099;1
522;239,112788912562;917,078722829287;0,99009900990099;0,99009900990099
523;239,784854491559;769,700135463647;0,99009900990099;0,99009900990099
524;243,194514563069;865,792567496718;0,99009900990099;1
525;252,068106672577;1093,67011990396;0,99009900990099;1
526;240,432961586913;887,368462776245;0,99009900990099;0,99009900990099
527;250,242965074412;934,097976579891;0,99009900990099;1
528;249,199827472702;1028,69397470626;0,99009900990099;1
529;251,554045510948;1035,13987814285;0,99009900990099;1
530;249,662970619961;955,607021469144;0,99009900990099;1
531;245,850178038342;916,096607298151;0,99009900990099;0,99009900990099
532;247,083951247745;951,876522222849;0,99009900990099;0,99009900990099
533;245,864343519993;870,13795648187;0,99009900990099;1
534;243,388439826544;886,592765727799;0,99009900990099;0,99009900990099
535;245,907298341945;1017,47550875903;0,99009900990099;1
536;244,801068877409;882,715092001504;0,99009900990099;1
537;248,274725893281;948,12332515321;0,99009900990099;1
538;243,169371227735;912,818538915447;0,99009900990099;0,99009900990099
539;248,794627635484;997,791617041079;0,99009900990099;1
540;223;708,155528374816;0,742574257425743;0,752475247524752
541;246,246615958294;896,611756321932;0,99009900990099;1
542;246,457783685639;952,101420383493;0,99009900990099;1
543;243,869455779318;923,449196448778;0,99009900990099;0,99009900990099
544;225,50533657601;731,926752752427;0,742574257425743;0,742574257425743
545;239,003219995779;876,532748341096;0,99009900990099;1
546;249,897751471141;996,274120653777;0,99009900990099;0,99009900990099
547;237,659528632966;728,194236421098;0,99009900990099;1
548;244,746768750047;853,970483811614;0,99009900990099;1
549;248,297193879824;941,476293702018;0,99009900990099;0,99009900990099
550;249,84366299415;906,808860537033;0,99009900990099;0,99009900990099
551;245,786769088304;945,8003575856;0,99009900990099;0,99009900990099
552;246,005676026006;913,711813423798;0,99009900990099;1
553;248,378603651386;925,1619744787;0,99009900990099;1
554;251,173066270066;1002,91959151711;0,99009900990099;0,99009900990099
555;243,470637522689;851,605170539379;0,99009900990099;1
556;241,860748750481;828,526803944704;0,99009900990099;1
557;241,088574727874;922,360107545373;0,99009900990099;1
558;254,601157270853;1000,73440587054;0,99009900990099;1
559;241,420415028733;966,402700767719;0,99009900990099;0,99009900990099
560;248,100358916126;983,682021541238;0,99009900990099;1
561;246,041289360316;984,034327631256;0,99009900990099;1
562;245,314165844439;892,081797341261;0,99009900990099;0,99009900990099
563;243,291280595728;1013,1397429746;0,99009900990099;0,99009900990099
564;251,860136447385;997,635443728636;0,99009900990099;0,99009900990099
565;253,337678624372;1097,88288068249;0,99009900990099;0,99009900990099
566;243,588754044456;857,419542013369;0,99009900990099;0,99009900990099
567;241,874096542431;843,496453835487;0,99009900990099;0,99009900990099
568;245,195358870351;973,264930369743;0,99009900990099;0,99009900990099
569;241,213402741567;872,760240094362;0,99009900990099;0,99009900990099
570;249,20317782308;907,309087088039;0,99009900990099;0,99009900990099
571;238,450142301421;809,281875801659;0,99009900990099;0,99009900990099
572;245,573998396834;957,587779569048;0,99009900990099;1
573;244,640725098668;816,478550243234;0,99009900990099;1
574;244,512851115106;981,705571001861;0,99009900990099;1
575;251,541681108492;976,442055137286;0,99009900990099;0,99009900990099
576;242,839378979355;1017,25317910077;0,99009900990099;0,99009900990099
577;249,170054404972;949,506279019018;0,99009900990099;1
578;243,714101105423;865,122410869345;0,99009900990099;0,99009900990099
579;243,667824116191;965,592289094169;0,99009900990099;1
580;251,629248418147;1021,4733372299;0,99009900990099;0,99009900990099
581;246,957823311542;913,459048032537;0,99009900990099;1
582;246,412453989893;970,175225785314;0,99009900990099;0,99009900990099
583;246,164552142228;886,661876013144;0,99009900990099;0,99009900990099
584;235,696845806338;790,302714243893;0,99009900990099;0,99009900990099
585;245,624894472593;1021,42559546272;0,99009900990099;0,99009900990099
586;246,430669655169;875,133726272625;0,99009900990099;1
587;249,671696316848;1001,664230412;0,99009900990099;1
588;248,826122336772;1024,04886333087;0,99009900990099;1
589;248,998780421467;888,451625268205;0,99009900990099;0,99009900990099
590;223;590,050466583044;0,683168316831683;0,693069306930693
591;249,094881754365;1013,0023823435;0,99009900990099;0,99009900990099
592;248,053965413276;939,560063615928;0,99009900990099;0,99009900990099
593;244,057361475821;800,754570489799;0,99009900990099;0,99009900990099
594;248,103221027656;949,508934284916;0,99009900990099;1
595;227,191052696842;801,564778567525;0,742574257425743;0,742574257425743
596;242,151727986445;856,017197001056;0,99009900990099;0,99009900990099
597;249,162503218158;942,915740030272;0,99009900990099;0,99009900990099
598;249,353130796812;901,118792513697;0,99009900990099;0,99009900990099
599;250,760516716886;1077,48702816393;0,99009900990099;0,99009900990099
600;246,426188893884;896,442074517392;0,99009900990099;0,99009900990099
601;223;542,457978614216;0,683168316831683;0,683168316831683
602;242,231218152826;891,588839229792;0,99009900990099;0,99009900990099
603;223;516,261199273382;0,683168316831683;0,693069306930693
604;248,977563292614;1013,89782801591;0,99009900990099;1
605;245,085518511113;841,803683073994;0,99009900990099;1
606;250,229422287677;989,618588571796;0,99009900990099;1
607;223;522,851928362182;0,683168316831683;0,693069306930693
608;237,702354567202;865,718791811216;0,99009900990099;1
609;247,423414375048;991,87340589106;0,99009900990099;0,99009900990099
610;238,643529452153;840,467225529235;0,99009900990099;0,99009900990099
611;245,32234554999;1008,86354984508;0,99009900990099;1
612;241,591017205255;879,774122809475;0,99009900990099;0,99009900990099
613;244,788482572076;991,126690832892;0,99009900990099;0,99009900990099
614;244,981652980463;922,950962576903;0,99009900990099;0,99009900990099
615;246,812158930178;910,915442919271;0,99009900990099;1
616;239,461149811107;813,837813405366;0,99009900990099;0,99009900990099
617;255,53072268886;1079,58841128634;0,99009900990099;1
618;250,32270061076;1044,97026084117;0,99009900990099;0,99009900990099
619;245,939566816529;912,06412219126;0,99009900990099;1
620;249,86105357705;1035,53886692291;0,99009900990099;0,99009900990099
621;248,085273443325;1061,45868504341;0,99009900990099;0,99009900990099
622;223;469,357287348608;0,683168316831683;0,693069306930693
623;245,104870238039;966,980356242604;0,99009900990099;1
624;249,60716492943;1049,15368446128;0,99009900990099;1
625;244,009257025754;837,883402800428;0,99009900990099;0,99009900990099
626;242,922970369823;842,362556774114;0,99009900990099;1
627;244,025744552138;904,717273670921;0,99009900990099;0,99009900990099
628;251,502781881974;1047,8942343441;0,99009900990099;1
629;241,453377663785;842,595800645351;0,99009900990099;1
630;253,815806253578;1060,73205963825;0,99009900990099;0,99009900990099
631;250,568402366617;936,405633798925;0,99009900990099;1
632;244,124406249235;915,586280520716;0,99009900990099;0,99009900990099
633;244,51096026407;909,366198783153;0,99009900990099;1
634;246,630444029928;857,966585716233;0,99009900990099;0,99009900990099
635;254,734294654214;987,252510730838;0,99009900990099;0,99009900990099
636;253,599690496174;994,804392673121;0,99009900990099;1
637;251,021115087979;990,555550703396;0,99009900990099;0,99009900990099
638;238,560858916507;855,360502560595;0,99009900990099;1
639;242,842096097756;935,780414032067;0,99009900990099;1
640;223;521,815264627745;0,683168316831683;0,693069306930693
641;249,955273376591;991,26209569786;0,99009900990099;1
642;247,044060026496;880,947773001572;0,99009900990099;1
643;242,802706481508;987,794331186881;0,99009900990099;0,99009900990099
644;244,566727871719;884,415685943304;0,99009900990099;0,99009900990099
645;246,06155781908;907,720310957839;0,99009900990099;0,99009900990099
646;246,218784527869;1006,40637380372;0,99009900990099;0,99009900990099
647;242,205431923768;983,444868429056;0,99009900990099;0,99009900990099
648;246,774874883271;877,622006321335;0,99009900990099;1
649;245,920035263966;946,156121228418;0,99009900990099;1
650;248,715083204284;956,909902363424;0,99009900990099;0,99009900990099
651;246,353262382744;941,040829860076;0,99009900990099;0,99009900990099
652;224,396765097331;754,663184573858;0,742574257425743;0,742574257425743
653;223;525,291391218626;0,683168316831683;0,683168316831683
654;244,626425024312;922,586385032708;0,99009900990099;1
655;244,265668351603;864,535388953314;0,99009900990099;1
656;244,797076250924;1005,92850628473;0,99009900990099;0,99009900990099
657;236,574748030431;833,654047422692;0,99009900990099;0,99009900990099
658;255,127556063673;1051,30213861826;0,99009900990099;0,99009900990099
659;248,944113759142;964,190618390262;0,99009900990099;1
660;247,115643931216;973,33784982814;0,99009900990099;1
661;241,896413128648;872,187561527088;0,99009900990099;0,99009900990099
662;249,479635396956;1014,26522214635;0,99009900990099;1
663;240,441807492021;883,121711347386;0,99009900990099;1
664;242,945909637296;910,344250076903;0,99009900990099;1
665;239,075376094274;895,19396437474;0,99009900990099;0,99009900990099
666;249,453561853296;1006,65338899483;0,99009900990099;1
667;250,850056753444;970,735453169553;0,99009900990099;1
668;249,24258853053;936,346282129083;0,99009900990099;0,99009900990099
669;238,300523335332;875,423221108376;0,99009900990099;1
670;239,510060444616;846,189560072439;0,99009900990099;0,99009900990099
671;240,936354504181;1011,21960361431;0,99009900990099;1
672;244,13850026173;933,896040748517;0,99009900990099;1
673;244,883851804762;891,623107112898;0,99009900990099;0,99009900990099
674;245,756983534516;942,31691359555;0,99009900990099;0,99009900990099
675;247,843503079797;940,902283564687;0,99009900990099;0,99009900990099
676;252,234826537631;1001,26012516811;0,99009900990099;0,99009900990099
677;250,121853045591;988,578684355854;0,99009900990099;1
678;242,347546437422;899,314912700613;0,99009900990099;0,99009900990099
679;247,273162894836;937,835268598124;0,99009900990099;1
680;249,203666865466;1002,45582482357;0,99009900990099;0,99009900990099
681;245,554865798595;904,995163079158;0,99009900990099;1
682;243,341172335788;890,386357823233;0,99009900990099;1
683;245,007770923751;875,469757978584;0,99009900990099;0,99009900990099
684;247,314376263812;891,973438930721;0,99009900990099;0,99009900990099
685;245,22291855076;842,446745026572;0,99009900990099;0,99009900990099
686;252,044985435898;947,975556153987;0,99009900990099;0,99009900990099
687;247,179332241647;950,188825647028;0,99009900990099;0,99009900990099
688;250,312326566157;971,376962653352;0,99009900990099;1
689;246,705433418959;936,54529721827;0,99009900990099;1
690;247,525924262621;996,382787304928;0,99009900990099;1
691;240,329055272601;793,947280662814;0,99009900990099;1
692;246,574481804726;962,226720317084;0,99009900990099;1
693;240,969738974348;738,550712611237;0,99009900990099;0,99009900990099
694;238,54182292443;840,317012726638;0,99009900990099;1
695;243,935475446213;891,68286696268;0,99009900990099;1
696;247,124182038242;930,187765663057;0,99009900990099;0,99009900990099
697;242,67321179075;927,071800934622;0,99009900990099;0,99009900990099
698;248,285472694232;1021,54020629325;0,99009900990099;1
699;242,812415235947;959,391844443045;0,99009900990099;1
700;241,103344888132;949,958665521738;0,99009900990099;1
701;241,729661383598;746,573754685455;0,99009900990099;0,99009900990099
702;250,233982813684;1024,69067837209;0,99009900990099;0,99009900990099
703;246,004761247319;1082,99622548755;0,99009900990099;0,99009900990099
704;240,173118273711;851,720146586491;0,99009900990099;0,99009900990099
705;225,085446738404;822,450082508911;0,861386138613861;0,861386138613861
706;246,662929331694;958,572340479908;0,99009900990099;0,99009900990099
707;249,394843949569;931,976787561953;0,99009900990099;0,99009900990099
708;249,991606726286;1045,95182534975;0,99009900990099;0,99009900990099
709;241,956457291472;818,878475646894;0,99009900990099;1
710;239,483685329635;825,133483848751;0,99009900990099;0,99009900990099
711;246,915979690754;977,026850867192;0,99009900990099;0,99009900990099
712;243,889369905605;845,611632832016;0,99009900990099;0,99009900990099
713;241,923242456321;949,386019994105;0,99009900990099;0,99009900990099
714;243,509908911413;828,286819922588;0,99009900990099;0,99009900990099
715;251,136514274298;977,438430564327;0,99009900990099;0,99009900990099
716;251,228404525189;983,78091146096;0,99009900990099;1
717;247,823359226356;1019,22074798598;0,99009900990099;0,99009900990099
718;256,638390699191;1083,43912363677;0,99009900990099;0,99009900990099
719;247,706597067098;1000,49215142219;0,99009900990099;0,99009900990099
720;241,343960498468;845,361704637702;0,99009900990099;1
721;241,853563246904;840,427371122856;0,99009900990099;0,99009900990099
722;243,759694363101;868,54576219333;0,99009900990099;0,99009900990099
723;251,357353248787;925,621532159088;0,99009900990099;1
724;252,209093949005;1054,49684111912;0,99009900990099;0,99009900990099
725;244,958083751116;876,770911479102;0,99009900990099;0,99009900990099
726;241,15589336543;843,406246584487;0,99009900990099;1
727;247,323857425086;830,249865823219;0,99009900990099;0,99009900990099
728;249,012268825423;990,756023711332;0,99009900990099;1
729;249,904624059901;935,577735131817;0,99009900990099;1
730;246,220389585262;929,198910162333;0,99009900990099;0,99009900990099
731;242,729247153324;934,550780459537;0,99009900990099;0,99009900990099
732;247,507642602041;876,578879884971;0,99009900990099;1
733;246,583010067865;864,208273477909;0,99009900990099;0,99009900990099
734;223;614,643056715853;0,683168316831683;0,683168316831683
735;243,119369683231;833,896120663681;0,99009900990099;1
736;246,046482850782;920,054958780114;0,99009900990099;1
737;246,190850413329;970,763202020263;0,99009900990099;1
738;249,257549732437;935,198705018835;0,99009900990099;1
739;246,169991550176;1055,9202122128;0,99009900990099;0,99009900990099
740;254,819940207795;1092,86288522362;0,99009900990099;1
741;241,975813817282;886,773862086722;0,99009900990099;1
742;247,469002661699;988,931057192986;0,99009900990099;0,99009900990099
743;242,475681049702;955,112481420727;0,99009900990099;0,99009900990099
744;243,617680128844;1044,4361798669;0,99009900990099;1
745;243,505032126331;890,842833963278;0,99009900990099;0,99009900990099
746;248,233800803955;991,034109610699;0,99009900990099;1
747;242,69343217458;909,107790693904;0,99009900990099;0,99009900990099
748;244,457737589932;951,863535988168;0,99009900990099;1
749;243,588346093701;915,826385935348;0,99009900990099;1
750;249,225135997515;973,871580137298;0,99009900990099;0,99009900990099
751;244,828841029244;814,562248411537;0,99009900990099;0,99009900990099
752;248,049931460384;906,515419675764;0,99009900990099;0,99009900990099
753;250,941178447905;960,281607817835;0,99009900990099;0,99009900990099
754;247,944420193739;1001,51057997207;0,99009900990099;1
755;244,885366550679;866,959172806063;0,99009900990099;0,99009900990099
756;234,776352195963;767,135500829645;0,99009900990099;0,99009900990099
757;248,686783360359;1020,64924955889;0,99009900990099;0,99009900990099
758;238,57471732157;819,809814813141;0,99009900990099;0,99009900990099
759;246,177240732725;995,597447094962;0,99009900990099;0,99009900990099
760;244,561437052194;926,534605342216;0,99009900990099;1
761;242,293454297209;902,300173791343;0,99009900990099;0,99009900990099
762;238,940717378997;939,871981148831;0,99009900990099;1
763;249,86841341374;934,957646711263;0,99009900990099;1
764;242,528775330303;928,050604451449;0,99009900990099;0,99009900990099
765;241,723550410129;874,029715968102;0,99009900990099;1
766;249,390050868932;968,136657153847;0,99009900990099;1
767;240,875108787435;882,152883014195;0,99009900990099;1
768;242,365342580316;803,78537369797;0,99009900990099;1
769;238,860803588606;963,60768023819;0,99009900990099;0,99009900990099
770;249,945842857662;1013,8792965965;0,99009900990099;1
771;245,371463286238;1007,7448144758;0,99009900990099;1
772;245,798939553653;979,050757881133;0,99009900990099;0,99009900990099
773;223;501,088947882968;0,683168316831683;0,683168316831683
774;245,193260076238;810,149990048269;0,99009900990099;1
775;250,007183922094;1005,23346940286;0,99009900990099;0,99009900990099
776;246,312710965619;927,910718250306;0,99009900990099;0,99009900990099
777;251,700884381039;1019,77632721843;0,99009900990099;1
778;250,387122745632;963,515777877592;0,99009900990099;1
779;232,274507128825;828,431913046471;0,742574257425743;0,742574257425743
780;243,245841969728;891,674168002403;0,99009900990099;0,99009900990099
781;244,088345133207;982,607105683705;0,99009900990099;1
782;245,128395465993;995,526827324967;0,99009900990099;0,99009900990099
783;246,362304974139;1073,64268892876;0,99009900990099;0,99009900990099
784;238,751581403079;819,759792083325;0,99009900990099;1
785;245,887785441821;909,28133719262;0,99009900990099;1
786;242,462763261563;906,281237700018;0,99009900990099;0,99009900990099
787;250,954773288162;927,302932457277;0,99009900990099;0,99009900990099
788;239,015988415256;776,399108259891;0,99009900990099;0,99009900990099
789;251,405225861978;1061,12150716313;0,99009900990099;1
790;247,189577800311;1044,42938811929;0,99009900990099;1
791;247,93704820505;926,838469572845;0,99009900990099;0,99009900990099
792;253,082071396957;980,119529753596;0,99009900990099;1
793;238,143816796986;857,927793701341;0,99009900990099;1
794;252,15917546923;1112,59009914303;0,99009900990099;1
795;247,245079804631;930,868153824365;0,99009900990099;0,99009900990099
796;247,801658494313;953,040213900898;0,99009900990099;1
797;246,465352636624;936,26729915515;0,99009900990099;0,99009900990099
798;246,105939512898;976,041226633031;0,99009900990099;1
799;245,267399763302;858,3092602081;0,99009900990099;0,99009900990099
800;236,142720467705;807,642826642903;0,99009900990099;0,99009900990099
801;243,862023544607;903,653654684839;0,99009900990099;1
802;247,420116880727;1003,90443524332;0,99009900990099;1
803;250,214023490554;1026,19247925196;0,99009900990099;1
804;240,425041007099;798,289195978118;0,99009900990099;0,99009900990099
805;249,629736161411;915,88624356573;0,99009900990099;0,99009900990099
806;246,60856965766;910,197465372742;0,99009900990099;1
807;249,081717388409;902,054928747355;0,99009900990099;1
808;243,758204813844;853,36732476626;0,99009900990099;0,99009900990099
809;241,943520905362;852,985611695878;0,99009900990099;0,99009900990099
810;243,048001697509;850,591136705192;0,99009900990099;0,99009900990099
811;251,817780814694;1025,66548085783;0,99009900990099;1
812;252,208454561421;1042,00848520932;0,99009900990099;1
813;257,454733506397;1017,6563992724;0,99009900990099;0,99009900990099
814;239,390471280832;872,449735523652;0,99009900990099;1
815;240,999149262986;840,490245099123;0,99009900990099;0,99009900990099
816;246,45746547239;1006,2638653309;0,99009900990099;0,99009900990099
817;254,492119450039;983,459169771799;0,99009900990099;0,99009900990099
818;223,418358698293;756,212410889058;0,742574257425743;0,742574257425743
819;249,01119267641;929,579936378326;0,99009900990099;1
820;245,541868212732;883,453374919059;0,99009900990099;0,99009900990099
821;241,451672859932;925,177975547132;0,99009900990099;1
822;243,330934142697;922,812085614863;0,99009900990099;1
823;253,933637560881;971,098275141614;0,99009900990099;1
824;249,470364745853;1021,98704704546;0,99009900990099;0,99009900990099
825;242,2681307699;874,150225438397;0,99009900990099;1
826;244,975267466399;895,364165489715;0,99009900990099;1
827;246,592722877508;962,442790012516;0,99009900990099;1
828;250,420975920759;956,114060838665;0,99009900990099;0,99009900990099
829;249,53183031354;989,591528716503;0,99009900990099;0,99009900990099
830;223;677,503631683359;0,742574257425743;0,742574257425743
831;247,732088969624;1006,26973767861;0,99009900990099;1
832;236,280923078356;767,200967129579;0,99009900990099;1
833;244,794727506103;911,192611079431;0,99009900990099;1
834;247,186759973488;891,988212531282;0,99009900990099;0,99009900990099
835;245,929207943131;941,742449654659;0,99009900990099;1
836;248,324858716449;946,787264031929;0,99009900990099;1
837;252,395867804994;989,790594641888;0,99009900990099;1
838;249,206339418254;986,393829450653;0,99009900990099;0,99009900990099
839;244,547294063462;919,696955286225;0,99009900990099;0,99009900990099
840;243,283581906611;931,945323789185;0,99009900990099;1
841;245,611686217614;1034,15962722094;0,99009900990099;0,99009900990099
842;246,656083764959;944,828419942553;0,99009900990099;1
843;248,262807921784;940,985513035332;0,99009900990099;1
844;248,235202493133;962,990044429694;0,99009900990099;1
845;241,662959976131;900,826769372572;0,99009900990099;0,99009900990099
846;245,66844116381;1022,83627718899;0,99009900990099;0,99009900990099
847;245,86375894833;950,990933606347;0,99009900990099;0,99009900990099
848;243,850903099527;875,895061181219;0,99009900990099;0,99009900990099
849;242,759612344912;893,752810812402;0,99009900990099;0,99009900990099
850;248,569953352172;900,713346160136;0,99009900990099;1
851;223;516,385756507189;0,683168316831683;0,683168316831683
852;239,236320392658;798,944004235343;0,99009900990099;0,99009900990099
853;244,529330313885;955,481930591477;0,99009900990099;1
854;225,058014595926;785,467041377019;0,871287128712871;0,881188118811881
855;238,431507418421;849,600506136967;0,99009900990099;0,99009900990099
856;250,099246861343;932,961897247044;0,99009900990099;1
857;243,016169684401;809,997363056852;0,99009900990099;0,99009900990099
858;244,126739234844;909,651647508507;0,99009900990099;1
859;251,699262504906;1042,87791065641;0,99009900990099;1
860;245,895859392614;945,324425502234;0,99009900990099;1
861;256,51837240742;982,947373096572;0,99009900990099;1
862;247,923473512444;914,64755691289;0,99009900990099;1
863;247,297448793879;858,747735434287;0,99009900990099;1
864;245,205538133571;975,89974433853;0,99009900990099;1
865;249,251518794247;1013,71904411247;0,99009900990099;1
866;243,17468320944;845,185415727408;0,99009900990099;1
867;250,742635337111;986,809959505058;0,99009900990099;1
868;251,732014425896;976,419704696803;0,99009900990099;0,99009900990099
869;248,359474408948;965,694804361759;0,99009900990099;1
870;247,030208944693;908,628400460092;0,99009900990099;1
871;241,891478851455;977,083799306458;0,99009900990099;0,99009900990099
872;241,316262760699;800,044116133023;0,99009900990099;0,99009900990099
873;240,213410703953;812,804446549555;0,99009900990099;1
874;246,962587116701;958,585041106774;0,99009900990099;0,99009900990099
875;243,166462871896;863,123600127111;0,99009900990099;0,99009900990099
876;244,891037361065;990,851474489605;0,99009900990099;1
877;247,011024124363;943,53812235176;0,99009900990099;0,99009900990099
878;249,856668059792;1001,63921098412;0,99009900990099;1
879;248,496087751333;1012,97500006996;0,99009900990099;0,99009900990099
880;239,438677687103;758,173179652988;0,99009900990099;1
881;250,058602408524;996,920597150534;0,99009900990099;0,99009900990099
882;245,224786626618;916,867811169131;0,99009900990099;1
883;247,170415744501;866,683984897121;0,99009900990099;0,99009900990099
884;224,701591262868;828,971847220453;0,742574257425743;0,742574257425743
885;239,588331903011;847,203938462787;0,99009900990099;0,99009900990099
886;246,442017473704;954,095001535436;0,99009900990099;1
887;249,846564657566;984,638860162517;0,99009900990099;0,99009900990099
888;243,866540186228;894,185126272457;0,99009900990099;0,99009900990099
889;246,756541894868;906,516097032986;0,99009900990099;1
890;250,110884646264;975,109887765089;0,99009900990099;0,99009900990099
891;246,920787824269;867,016765459813;0,99009900990099;0,99009900990099
892;248,667972289732;926,932296267976;0,99009900990099;1
893;249,338907277059;937,462038749668;0,99009900990099;1
894;253,067678142709;1057,82966671218;0,99009900990099;0,99009900990099
895;249,029938273436;997,912411991494;0,99009900990099;1
896;241,026809213067;909,847493756686;0,99009900990099;0,99009900990099
897;247,262547721875;970,410603189951;0,99009900990099;1
898;244,107064574035;855,429819871658;0,99009900990099;0,99009900990099
899;244,131287438234;820,769682918092;0,99009900990099;1
900;247,316483225406;897,5132966035;0,99009900990099;1
901;250,037175095397;929,149950884468;0,99009900990099;1
902;247,598160524617;971,548205427013;0,99009900990099;1
903;244,656261431381;904,774481878829;0,99009900990099;0,99009900990099
904;241,921991271753;881,999968201854;0,99009900990099;1
905;246,24715486157;989,852379615026;0,99009900990099;0,99009900990099
906;244,921322448795;892,094978483172;0,99009900990099;0,99009900990099
907;242,887761653674;909,070933189723;0,99009900990099;0,99009900990099
908;246,85297652387;919,175044767717;0,99009900990099;0,99009900990099
909;245,044217831958;935,330390813021;0,99009900990099;0,99009900990099
910;244,037709742445;980,278976314107;0,99009900990099;1
911;247,161999301555;959,640909083065;0,99009900990099;1
912;248,852626829205;966,102086945504;0,99009900990099;0,99009900990099
913;245,408543327609;917,31646102204;0,99009900990099;1
914;248,819242144564;1016,60944905252;0,99009900990099;0,99009900990099
915;248,236652626152;945,771919821464;0,99009900990099;0,99009900990099
916;223;443,136813265299;0,683168316831683;0,693069306930693
917;242,891851268095;959,335442496113;0,99009900990099;1
918;243,68886945482;926,641437814016;0,99009900990099;1
919;241,062087410623;794,319138321961;0,99009900990099;0,99009900990099
920;253,183829223679;1028,70409213598;0,99009900990099;1
921;238,112173913715;762,619166832626;0,99009900990099;0,99009900990099
922;243,6777135314;881,543201108634;0,99009900990099;0,99009900990099
923;223;660,060163914172;0,742574257425743;0,752475247524752
924;249,709793366056;930,002294943007;0,99009900990099;0,99009900990099
925;241,922158435498;845,077172519297;0,99009900990099;1
926;244,787109608101;897,762075146934;0,99009900990099;0,99009900990099
927;245,33972621148;947,598851293628;0,99009900990099;0,99009900990099
928;244,825168088231;932,113598235477;0,99009900990099;0,99009900990099
929;251,514188487209;1100,94274046471;0,99009900990099;1
930;244,133595938478;970,031846524993;0,99009900990099;1
931;248,308098478982;951,712774148536;0,99009900990099;0,99009900990099
932;251,227468388061;991,200786453703;0,99009900990099;0,99009900990099
933;247,985481464475;997,032280436408;0,99009900990099;1
934;248,593974804613;1054,89230045586;0,99009900990099;1
935;248,734034442566;903,470745330092;0,99009900990099;0,99009900990099
936;247,902848266781;902,749415354618;0,99009900990099;0,99009900990099
937;245,055464417455;870,276717860135;0,99009900990099;1
938;242,484223139293;796,001189011605;0,99009900990099;1
939;247,39614850386;923,902541741392;0,99009900990099;1
940;250,94482492604;1052,79122454572;0,99009900990099;1
941;249,625323057605;927,604914643204;0,99009900990099;0,99009900990099
942;251,742676494486;972,091747264823;0,99009900990099;0,99009900990099
943;250,253429717156;946,511077410882;0,99009900990099;0,99009900990099
944;245,097896500578;918,335668651757;0,99009900990099;0,99009900990099
945;247,547613323819;881,122470597743;0,99009900990099;0,99009900990099
946;247,534682854305;959,833433989873;0,99009900990099;0,99009900990099
947;247,725675154956;967,80133230156;0,99009900990099;1
948;246,034952566235;900,653704331727;0,99009900990099;0,99009900990099
949;245,538809889697;926,508130969301;0,99009900990099;1
950;245,616547527159;906,277516107838;0,99009900990099;1
951;241,453336523058;842,033638169059;0,99009900990099;0,99009900990099
952;245,130599003589;907,051228874856;0,99009900990099;1
953;248,289433269062;982,119963455516;0,99009900990099;0,99009900990099
954;251,178109321171;1006,1944317826;0,99009900990099;0,99009900990099
955;242,229337185294;783,279204539776;0,99009900990099;0,99009900990099
956;246,990786326009;888,81365104468;0,99009900990099;0,99009900990099
957;250,494287999683;1033,94926089403;0,99009900990099;1
958;250,114568455724;1030,20960222637;0,99009900990099;1
959;223;465,185866410459;0,683168316831683;0,693069306930693
960;243,016746414106;994,277622170066;0,99009900990099;0,99009900990099
961;249,955424223661;960,461605610845;0,99009900990099;1
962;240,207451635794;750,112346417477;0,99009900990099;1
963;245,861652810339;967,785675841325;0,99009900990099;0,99009900990099
964;244,938211676072;1003,52042919944;0,99009900990099;1
965;228,398974398224;851,70501171342;0,871287128712871;0,871287128712871
966;239,086638193361;882,812097999641;0,99009900990099;1
967;239,26606042021;862,011889822547;0,99009900990099;1
968;242,787398405758;895,148400857472;0,99009900990099;0,99009900990099
969;252,576100047239;1020,82548563623;0,99009900990099;1
970;240,83505787824;788,774220656471;0,99009900990099;0,99009900990099
971;245,900075193744;903,692239356662;0,99009900990099;0,99009900990099
972;245,255047193662;914,665869413282;0,99009900990099;0,99009900990099
973;238,046518892993;803,260503283276;0,99009900990099;1
974;249,186142983691;1039,08087238227;0,99009900990099;0,99009900990099
975;250,153911766686;1002,23094081759;0,99009900990099;0,99009900990099
976;247,718165090822;977,257725494613;0,99009900990099;0,99009900990099
977;244,735425847866;957,777912001274;0,99009900990099;0,99009900990099
978;243,876327895132;894,523593635807;0,99009900990099;0,99009900990099
979;256,744301109664;1064,24926603756;0,99009900990099;0,99009900990099
980;223;506,73825559839;0,683168316831683;0,693069306930693
981;247,639266367839;900,428428558891;0,99009900990099;0,99009900990099
982;245,58693182634;856,959342150578;0,99009900990099;1
983;244,758582688693;859,437823686364;0,99009900990099;1
984;247,080915102394;998,382085879493;0,99009900990099;0,99009900990099
985;240,455988669881;804,491899712848;0,99009900990099;1
986;244,033854618259;900,40556951534;0,99009900990099;0,99009900990099
987;256,055376470406;1075,39928803319;0,99009900990099;0,99009900990099
988;243,875482866964;872,655255621962;0,99009900990099;1
989;247,69650354578;1026,77730144237;0,99009900990099;0,99009900990099
990;251,279421827311;962,790731563555;0,99009900990099;0,99009900990099
991;248,397307935768;946,839228751735;0,99009900990099;0,99009900990099
992;242,971990860622;915,415198168236;0,99009900990099;1
993;230,438042621246;799,335582244162;0,742574257425743;0,752475247524752
994;249,064500624429;1031,0438896049;0,99009900990099;1
995;245,68685196717;1038,12417004167;0,99009900990099;1
996;223,411045118675;780,529118435124;0,742574257425743;0,742574257425743
997;246,916305316196;885,904685551401;0,99009900990099;0,99009900990099
998;246,650727339822;938,205271390526;0,99009900990099;0,99009900990099
999;246,614039454862;917,069688401929;0,99009900990099;0,99009900990099
