0;268;14,0999671544558;0,108910891089109;0,118811881188119
1;271,252580349535;122,029142896439;0,98019801980198;0,99009900990099
2;270,293820427299;176,863488500417;0,98019801980198;0,99009900990099
3;268;13,0022426775783;0,108910891089109;0,118811881188119
4;268;17,2938218524026;0,108910891089109;0,118811881188119
5;268;15,2648760893865;0,108910891089109;0,118811881188119
6;268;18,1181685746766;0,108910891089109;0,118811881188119
7;273,296946349346;182,074462684216;0,98019801980198;0,99009900990099
8;268;62,9430955295263;0,782178217821782;0,792079207920792
9;274,344821447246;332,761155385818;0,98019801980198;0,99009900990099
10;268;13;0,108910891089109;0,118811881188119
11;275,343854158288;199,526306970285;0,98019801980198;0,99009900990099
12;272,760610735476;204,400102195108;0,98019801980198;0,99009900990099
13;268;17,4978784636063;0,108910891089109;0,118811881188119
14;268;13;0,108910891089109;0,118811881188119
15;268;13,4587135530327;0,108910891089109;0,118811881188119
16;272,881145646235;126,41239762587;0,98019801980198;0,99009900990099
17;268;13,4592759969909;0,108910891089109;0,118811881188119
18;268;21,1065592729816;0,108910891089109;0,118811881188119
19;271,374784020216;228,357014971856;0,98019801980198;0,99009900990099
20;275,495083166714;504,716986046633;0,98019801980198;0,99009900990099
21;268,861907010716;340,180954262499;0,98019801980198;0,99009900990099
22;282,879775407511;594,17805624145;0,98019801980198;0,99009900990099
23;272,201967933368;149,520272501342;0,98019801980198;0,99009900990099
24;273,741375901146;191,448595378385;0,98019801980198;0,99009900990099
25;268;14,5889468487593;0,108910891089109;0,118811881188119
26;269,352095460421;74,7777929238557;0,98019801980198;0,99009900990099
27;268,379971668787;172,327166476003;0,98019801980198;0,99009900990099
28;268;13,4312663759355;0,108910891089109;0,118811881188119
29;269,305297368415;172,915465056074;0,98019801980198;0,99009900990099
30;273,906605242794;252,576904544591;0,98019801980198;0,99009900990099
31;274,588791251261;330,814339269723;0,98019801980198;0,99009900990099
32;268;19,3632475913974;0,108910891089109;0,118811881188119
33;270,937880048117;256,059590935163;0,98019801980198;0,99009900990099
34;268;17,9883802258362;0,108910891089109;0,118811881188119
35;268;17,8678665278354;0,108910891089109;0,118811881188119
36;273,762714735639;272,39245423286;0,98019801980198;0,99009900990099
37;273,644743392342;194,117593430787;0,98019801980198;0,99009900990099
38;268;18,3650622235685;0,108910891089109;0,118811881188119
39;268;14,3176189304861;0,108910891089109;0,118811881188119
40;272,160680486754;196,315756775235;0,98019801980198;0,99009900990099
41;268;16,8503944920212;0,108910891089109;0,118811881188119
42;268;23,3922346988578;0,108910891089109;0,118811881188119
43;268;13,6567069850329;0,108910891089109;0,118811881188119
44;268;14,4572811861893;0,108910891089109;0,118811881188119
45;268,659950635682;102,803967067306;0,98019801980198;0,99009900990099
46;273,657223095896;238,054730022858;0,98019801980198;0,99009900990099
47;272,165403025483;217,094361140202;0,98019801980198;0,99009900990099
48;272,004394479012;262,71371206075;0,98019801980198;0,99009900990099
49;278,010511970507;500,075200207321;0,98019801980198;0,99009900990099
50;268;15,7061734387282;0,108910891089109;0,118811881188119
51;279,261157568513;371,270776909494;0,98019801980198;0,99009900990099
52;277,37505112147;199,168686260161;0,98019801980198;0,99009900990099
53;271,401154672638;85,9839966268961;0,98019801980198;0,99009900990099
54;268;14,0267647122633;0,108910891089109;0,118811881188119
55;272,930579965407;269,120983597661;0,98019801980198;0,99009900990099
56;268;13,4267211801231;0,108910891089109;0,118811881188119
57;269,77831899764;66,136680300536;0,98019801980198;0,99009900990099
58;268;17,1941217755655;0,108910891089109;0,118811881188119
59;268;15,5920399223308;0,108910891089109;0,118811881188119
60;273,231172611253;175,274271892755;0,98019801980198;0,99009900990099
61;268;13;0,108910891089109;0,118811881188119
62;269,044111578306;138,776441521442;0,98019801980198;0,99009900990099
63;278,207251065241;505,82552255746;0,98019801980198;0,99009900990099
64;268;16,5561694380322;0,108910891089109;0,118811881188119
65;268;15,261610655627;0,108910891089109;0,118811881188119
66;269,18099079724;130,49012904248;0,98019801980198;0,99009900990099
67;273,094191047798;157,536032396952;0,98019801980198;0,99009900990099
68;272,230199401278;547,190850491078;0,98019801980198;0,99009900990099
69;268;40,4511222276704;0,465346534653465;0,475247524752475
70;268;17,5998160685984;0,108910891089109;0,118811881188119
71;268;17,5253901791448;0,108910891089109;0,118811881188119
72;279,597946381376;212,717226731581;0,98019801980198;0,99009900990099
73;268;18,9953987631488;0,108910891089109;0,118811881188119
74;269,64071992937;501,385028135032;0,98019801980198;0,99009900990099
75;273,205220110058;200,088139598605;0,98019801980198;0,99009900990099
76;268;15,6621958187894;0,108910891089109;0,118811881188119
77;270,571630000638;300,12270913299;0,98019801980198;0,99009900990099
78;268;15,861318485818;0,108910891089109;0,118811881188119
79;277,002506440367;412,547100180616;0,98019801980198;0,99009900990099
80;268;14,8713496932516;0,108910891089109;0,118811881188119
81;268;15,9403769661594;0,108910891089109;0,118811881188119
82;271,237570472359;189,517225261914;0,98019801980198;0,99009900990099
83;268;19,5021736811069;0,108910891089109;0,118811881188119
84;268;61,060837667107;0,465346534653465;0,475247524752475
85;269,428238597431;198,746885504293;0,98019801980198;0,99009900990099
86;268;13;0,108910891089109;0,118811881188119
87;268;13,4393276178506;0,108910891089109;0,118811881188119
88;268;18,1639355350939;0,108910891089109;0,118811881188119
89;268;13;0,108910891089109;0,118811881188119
90;268;15,0069091560626;0,108910891089109;0,118811881188119
91;268;17,6636149394648;0,108910891089109;0,118811881188119
92;269,007824257522;94,6324007005263;0,98019801980198;0,99009900990099
93;268;13,9349725974403;0,108910891089109;0,118811881188119
94;270,259008011267;195,455725237001;0,98019801980198;0,99009900990099
95;268;13;0,108910891089109;0,118811881188119
96;272,194607909998;274,710815520239;0,98019801980198;0,99009900990099
97;273,590941775201;201,009847009872;0,98019801980198;0,99009900990099
98;268;18,5900184581203;0,108910891089109;0,118811881188119
99;268;17,0754267322854;0,108910891089109;0,118811881188119
100;268;16,3803465325698;0,108910891089109;0,118811881188119
101;268;15,956379045045;0,108910891089109;0,118811881188119
102;268;13,1562831077645;0,108910891089109;0,118811881188119
103;272,970506870111;361,515120239991;0,98019801980198;0,99009900990099
104;268;14,5182054902479;0,108910891089109;0,118811881188119
105;268;14,9787437103138;0,108910891089109;0,118811881188119
106;271,648170694226;212,098635911327;0,98019801980198;0,99009900990099
107;268;14,8648332958675;0,108910891089109;0,118811881188119
108;268;16,9398945475709;0,108910891089109;0,118811881188119
109;268;13,7086629198335;0,108910891089109;0,118811881188119
110;268;19,3557979477782;0,108910891089109;0,118811881188119
111;269,680695163927;126,919580548366;0,98019801980198;0,99009900990099
112;268;19,0663387966234;0,108910891089109;0,118811881188119
113;272,380755863489;223,83902054612;0,98019801980198;0,99009900990099
114;272,93050961453;265,543274158849;0,98019801980198;0,99009900990099
115;268;14,6511865213992;0,108910891089109;0,118811881188119
116;268;17,0269500337186;0,108910891089109;0,118811881188119
117;268;14,7240486937866;0,108910891089109;0,118811881188119
118;268;14,1202372287097;0,108910891089109;0,118811881188119
119;268;13;0,108910891089109;0,118811881188119
120;275,283765491737;290,362235357744;0,98019801980198;0,99009900990099
121;269,84592280368;108,276255548288;0,98019801980198;0,99009900990099
122;270,557215691611;171,856562082534;0,98019801980198;0,99009900990099
123;278,624339749836;377,881036141948;0,98019801980198;0,99009900990099
124;271,629187781502;217,909586453046;0,98019801980198;0,99009900990099
125;276,372392536282;157,936211331447;0,98019801980198;0,99009900990099
126;268;13,2626380990325;0,108910891089109;0,118811881188119
127;275,473678793766;232,631224777491;0,98019801980198;0,99009900990099
128;268;13,2657328558102;0,108910891089109;0,118811881188119
129;268;13,5464030513112;0,108910891089109;0,118811881188119
130;275,311262891206;251,652341216911;0,98019801980198;0,99009900990099
131;268;16,0235287248234;0,108910891089109;0,118811881188119
132;272,628202896635;129,53785795529;0,98019801980198;0,99009900990099
133;268;14,7620024462767;0,108910891089109;0,118811881188119
134;271,159945817112;184,755117821085;0,98019801980198;0,99009900990099
135;275,437848940105;283,394615484257;0,98019801980198;0,99009900990099
136;268;16,2736681432467;0,108910891089109;0,118811881188119
137;269,901163085017;111,393404737173;0,98019801980198;0,99009900990099
138;268;14,4491710612822;0,108910891089109;0,118811881188119
139;268;14,6709698271041;0,108910891089109;0,118811881188119
140;268;13,0135457821561;0,108910891089109;0,118811881188119
141;274,246878095615;260,999345257335;0,98019801980198;0,99009900990099
142;268;15,3523047683871;0,108910891089109;0,118811881188119
143;268;14,8294782711125;0,108910891089109;0,118811881188119
144;269,837755893429;262,656832059431;0,98019801980198;0,99009900990099
145;268;15,7044252776303;0,108910891089109;0,118811881188119
146;270,575318817477;85,4370966858154;0,98019801980198;0,99009900990099
147;268;17,3850169863232;0,108910891089109;0,118811881188119
148;268;15,5536731457228;0,108910891089109;0,118811881188119
149;273,737070666844;418,827401355955;0,98019801980198;0,99009900990099
150;274,829176650734;281,172783545494;0,98019801980198;0,99009900990099
151;268;48,2746219596311;0,247524752475248;0,257425742574257
152;269,204174158961;154,418257132871;0,98019801980198;0,99009900990099
153;268;13,7165815997999;0,108910891089109;0,118811881188119
154;277,227866499591;499,147057888999;0,98019801980198;0,99009900990099
155;268;14,0161723432885;0,108910891089109;0,118811881188119
156;268;13,6029363643588;0,108910891089109;0,118811881188119
157;268;14,7525878735971;0,108910891089109;0,118811881188119
158;272,809398055092;164,719080073836;0,98019801980198;0,99009900990099
159;274,904692559364;258,362420620448;0,98019801980198;0,99009900990099
160;268;19,5939711569553;0,108910891089109;0,118811881188119
161;268;17,5946442169737;0,108910891089109;0,118811881188119
162;268;14,2474482175835;0,108910891089109;0,118811881188119
163;268;13,9422600330578;0,108910891089109;0,118811881188119
164;269,721746259896;166,841742275598;0,98019801980198;0,99009900990099
165;268;13,4749584401239;0,108910891089109;0,118811881188119
166;268;20,6862838572512;0,108910891089109;0,118811881188119
167;271,240370694464;123,863537364193;0,98019801980198;0,99009900990099
168;269,565229228258;168,622809890942;0,98019801980198;0,99009900990099
169;272,608540027098;204,363926922107;0,98019801980198;0,99009900990099
170;274,873426116746;233,712770056788;0,98019801980198;0,99009900990099
171;268,441584222743;213,86241887105;0,98019801980198;0,99009900990099
172;270,177869765757;98,3670609344668;0,98019801980198;0,99009900990099
173;272,257315025105;106,674970724266;0,98019801980198;0,99009900990099
174;273,058812709411;322,717429293091;0,98019801980198;0,99009900990099
175;269,625822821427;207,765183499745;0,98019801980198;0,99009900990099
176;268;13;0,108910891089109;0,118811881188119
177;268;18,8582804913627;0,108910891089109;0,118811881188119
178;270,623815207624;195,787088563702;0,98019801980198;0,99009900990099
179;274,379812446472;276,997793643143;0,98019801980198;0,99009900990099
180;271,137082125013;167,430467678537;0,98019801980198;0,99009900990099
181;268;13,3700084639633;0,108910891089109;0,118811881188119
182;268,885588250868;176,828313063536;0,98019801980198;0,99009900990099
183;268;13,0587158676725;0,108910891089109;0,118811881188119
184;272,6213846905;222,875895899857;0,98019801980198;0,99009900990099
185;268;18,3886958455946;0,108910891089109;0,118811881188119
186;270,472596626582;72,519946733115;0,98019801980198;0,99009900990099
187;270,986703613457;373,793582133106;0,98019801980198;0,99009900990099
188;270,055265350947;173,824729422069;0,98019801980198;0,99009900990099
189;268;14,2775927620018;0,108910891089109;0,118811881188119
190;272,862391040335;343,55816050537;0,98019801980198;0,99009900990099
191;270,975460028602;62,5675717969156;0,98019801980198;0,99009900990099
192;272,416988357948;310,139595526249;0,98019801980198;0,99009900990099
193;269,834980592865;74,5077579148777;0,98019801980198;0,99009900990099
194;268;15,1689491063074;0,108910891089109;0,118811881188119
195;268;15,6793315945821;0,108910891089109;0,118811881188119
196;268;15,4670570957518;0,108910891089109;0,118811881188119
197;268,219047645697;290,409360538011;0,98019801980198;0,99009900990099
198;268;13,8437944743468;0,108910891089109;0,118811881188119
199;268;18,7638789560556;0,108910891089109;0,118811881188119
200;268;17,420119265172;0,108910891089109;0,118811881188119
201;273,763423331458;225,947435602093;0,98019801980198;0,99009900990099
202;268;15,3558954953531;0,108910891089109;0,118811881188119
203;274,097507119549;187,798440834172;0,98019801980198;0,99009900990099
204;271,383499132294;171,229479532853;0,98019801980198;0,99009900990099
205;268,466017228553;95,6000916843741;0,98019801980198;0,99009900990099
206;271,632084960191;182,3584104646;0,98019801980198;0,99009900990099
207;268;18,1881250142612;0,108910891089109;0,118811881188119
208;274,329091505763;265,660770462928;0,98019801980198;0,99009900990099
209;268;16,810816577019;0,108910891089109;0,118811881188119
210;268;18,3769185669858;0,108910891089109;0,118811881188119
211;268;24,8283785202676;0,108910891089109;0,118811881188119
212;274,274028377616;404,281944458516;0,98019801980198;0,99009900990099
213;269,597258535135;113,19924741129;0,98019801980198;0,99009900990099
214;271,820138789796;197,845541011716;0,98019801980198;0,99009900990099
215;280,334477135534;576,845744183451;0,98019801980198;0,99009900990099
216;268;17,0163716624891;0,108910891089109;0,118811881188119
217;268;14,6096366098105;0,108910891089109;0,118811881188119
218;276,220939894922;240,393274288826;0,98019801980198;0,99009900990099
219;274,002877392475;220,324227608085;0,98019801980198;0,99009900990099
220;271,740480909398;167,153641765149;0,98019801980198;0,99009900990099
221;270,492425954016;118,488080956238;0,98019801980198;0,99009900990099
222;268;13,1002343545431;0,108910891089109;0,118811881188119
223;268;15,3570642664627;0,108910891089109;0,118811881188119
224;270,859349483781;211,051565119155;0,98019801980198;0,99009900990099
225;268;15,1963037778329;0,108910891089109;0,118811881188119
226;268;15,9420723388398;0,108910891089109;0,118811881188119
227;270,439576251667;204,948437984817;0,98019801980198;0,99009900990099
228;271,846287049323;196,137040000468;0,98019801980198;0,99009900990099
229;268,946854804446;179,172752968356;0,98019801980198;0,99009900990099
230;268;51,9020198158781;0,554455445544555;0,564356435643564
231;268;19,1905490625601;0,108910891089109;0,118811881188119
232;271,238396159083;118,343455704024;0,98019801980198;0,99009900990099
233;268;16,9866514651649;0,108910891089109;0,118811881188119
234;268;16,0599402689138;0,108910891089109;0,118811881188119
235;268;13,3444128429538;0,108910891089109;0,118811881188119
236;270,878623467921;227,87208996319;0,98019801980198;0,99009900990099
237;268;13,7315846125796;0,108910891089109;0,118811881188119
238;268;14,1599545659957;0,108910891089109;0,118811881188119
239;268;15,044217602046;0,108910891089109;0,118811881188119
240;268;13,2869774145748;0,108910891089109;0,118811881188119
241;275,111654870639;171,294486707356;0,98019801980198;0,99009900990099
242;272,0780433817;194,6302998487;0,98019801980198;0,99009900990099
243;278,453920762264;310,24101903798;0,98019801980198;0,99009900990099
244;271,928423510304;149,73946919528;0,98019801980198;0,99009900990099
245;270,236843651342;178,455820846046;0,98019801980198;0,99009900990099
246;268;13,8128335268315;0,108910891089109;0,118811881188119
247;268;17,607263626512;0,108910891089109;0,118811881188119
248;271,90117305177;338,205576383825;0,98019801980198;0,99009900990099
249;271,806589513913;242,135513480139;0,98019801980198;0,99009900990099
250;277,314639987324;465,179457383183;0,98019801980198;0,99009900990099
251;268;15,3323710096162;0,108910891089109;0,118811881188119
252;272,351338889785;229,008363606296;0,98019801980198;0,99009900990099
253;268;14,7755140903931;0,108910891089109;0,118811881188119
254;269,971048058236;92,6752994788728;0,98019801980198;0,99009900990099
255;271,39114936358;216,860547050014;0,98019801980198;0,99009900990099
256;270,088857156754;173,60403162327;0,98019801980198;0,99009900990099
257;269,238054023216;147,09893835455;0,98019801980198;0,99009900990099
258;276,331854169092;312,922267987454;0,98019801980198;0,99009900990099
259;269,192096923571;207,044945945318;0,98019801980198;0,99009900990099
260;279,837445059229;294,492944545273;0,98019801980198;0,99009900990099
261;268;15,5276834108279;0,108910891089109;0,118811881188119
262;268;14,1744580567116;0,108910891089109;0,118811881188119
263;268;14,1142256328099;0,108910891089109;0,118811881188119
264;268;13,3249661643578;0,108910891089109;0,118811881188119
265;272,363697612467;155,287750412273;0,98019801980198;0,99009900990099
266;278,580051969034;317,051927468559;0,98019801980198;0,99009900990099
267;269,018797706928;172,802375016657;0,98019801980198;0,99009900990099
268;271,27206009745;95,3706827449064;0,98019801980198;0,99009900990099
269;268;15,1554330757307;0,108910891089109;0,118811881188119
270;274,212938026272;238,333614618884;0,98019801980198;0,99009900990099
271;280,136384023668;266,190301388978;0,98019801980198;0,99009900990099
272;268;13,4066119264614;0,108910891089109;0,118811881188119
273;268;20,2130019199702;0,108910891089109;0,118811881188119
274;270,382857590652;127,355892848109;0,98019801980198;0,99009900990099
275;268;14,0152333325575;0,108910891089109;0,118811881188119
276;268;14,7183800436933;0,108910891089109;0,118811881188119
277;272,808476366088;300,368045572295;0,98019801980198;0,99009900990099
278;268;13,6317245487686;0,108910891089109;0,118811881188119
279;273,789433086335;121,596199440327;0,98019801980198;0,99009900990099
280;269,845571294692;185,388064003609;0,98019801980198;0,99009900990099
281;268;15,7001925385985;0,108910891089109;0,118811881188119
282;268;13,6625942133626;0,108910891089109;0,118811881188119
283;269,990185330672;256,412580776041;0,98019801980198;0,99009900990099
284;274,726228748462;275,106534379266;0,98019801980198;0,99009900990099
285;270,047006163545;168,26818822155;0,98019801980198;0,99009900990099
286;270,268634400899;80,1175289444794;0,98019801980198;0,99009900990099
287;268;18,819407513656;0,108910891089109;0,118811881188119
288;270,957074702555;226,157162572887;0,98019801980198;0,99009900990099
289;268,576491848848;122,963412297946;0,98019801980198;0,99009900990099
290;268;15,3614578151244;0,108910891089109;0,118811881188119
291;272,194860551596;304,06025653888;0,98019801980198;0,99009900990099
292;271,724374794175;172,555609636487;0,98019801980198;0,99009900990099
293;268;13,2295851903185;0,108910891089109;0,118811881188119
294;268;13,8173134812155;0,108910891089109;0,118811881188119
295;268;16,4275548731433;0,108910891089109;0,118811881188119
296;270,425748958814;448,915464725732;0,98019801980198;0,99009900990099
297;268;14,9873820311764;0,108910891089109;0,118811881188119
298;278,644034641418;311,542350762846;0,98019801980198;0,99009900990099
299;273,498149033139;288,807788801613;0,98019801980198;0,99009900990099
300;269,679644632039;252,416099261812;0,98019801980198;0,99009900990099
301;272,509949391995;120,950075999357;0,98019801980198;0,99009900990099
302;272,110993439173;358,694317778069;0,98019801980198;0,99009900990099
303;268;23,0413176294621;0,108910891089109;0,118811881188119
304;272,20963709348;93,133826995346;0,98019801980198;0,99009900990099
305;268;14,4043815720388;0,108910891089109;0,118811881188119
306;272,729784869795;307,837744247416;0,98019801980198;0,99009900990099
307;268;14,5069954475455;0,108910891089109;0,118811881188119
308;270,466361564346;284,51684895958;0,98019801980198;0,99009900990099
309;271,104504245966;309,525563951838;0,98019801980198;0,99009900990099
310;268;15,513498506861;0,108910891089109;0,118811881188119
311;268;13,4893572336578;0,108910891089109;0,118811881188119
312;268;20,7516649737575;0,108910891089109;0,118811881188119
313;271,68339263631;208,440451008;0,98019801980198;0,99009900990099
314;268;13,5732239655762;0,108910891089109;0,118811881188119
315;268,877977089635;180,85533640679;0,98019801980198;0,99009900990099
316;275,285274633376;250,309626564475;0,98019801980198;0,99009900990099
317;268;13;0,108910891089109;0,118811881188119
318;270,191317882926;172,560989097289;0,98019801980198;0,99009900990099
319;270,871809743193;92,4931242596534;0,98019801980198;0,99009900990099
320;268;17,8232764589967;0,108910891089109;0,118811881188119
321;270,912769168852;142,841652608439;0,98019801980198;0,99009900990099
322;268;18,8781009343975;0,108910891089109;0,118811881188119
323;268;13;0,108910891089109;0,118811881188119
324;275,744164096644;152,116797420502;0,98019801980198;0,99009900990099
325;268;21,6856564735028;0,108910891089109;0,118811881188119
326;268;39,1624554580236;0,247524752475248;0,257425742574257
327;269,046052378224;170,361201459027;0,98019801980198;0,99009900990099
328;268;15,3872892063248;0,108910891089109;0,118811881188119
329;270,596106928597;236,890080744227;0,98019801980198;0,99009900990099
330;271,678778921997;164,411866600329;0,98019801980198;0,99009900990099
331;268;18,215047115125;0,108910891089109;0,118811881188119
332;270,745822936892;213,103409333073;0,98019801980198;0,99009900990099
333;272,31557603795;86,4008425350562;0,98019801980198;0,99009900990099
334;267,483147507485;292,445304641191;0,98019801980198;0,99009900990099
335;268;13,9467219185366;0,108910891089109;0,118811881188119
336;268;17,1299077676417;0,108910891089109;0,118811881188119
337;272,177287766849;62,1773425193336;0,98019801980198;0,99009900990099
338;268;15,738801060694;0,108910891089109;0,118811881188119
339;268;16,1170271360615;0,108910891089109;0,118811881188119
340;270,204249239528;107,413935817275;0,98019801980198;0,99009900990099
341;268;15,5962519506185;0,108910891089109;0,118811881188119
342;277,849167291274;357,27962299657;0,98019801980198;0,99009900990099
343;268;14,92816372679;0,108910891089109;0,118811881188119
344;274,016304982896;283,966588376448;0,98019801980198;0,99009900990099
345;272,184029955051;169,45745146423;0,98019801980198;0,99009900990099
346;268;14,4792536716118;0,108910891089109;0,118811881188119
347;269,750134653319;140,824902183627;0,98019801980198;0,99009900990099
348;268;15,6184714809091;0,108910891089109;0,118811881188119
349;268;19,0810070413623;0,108910891089109;0,118811881188119
350;271,463350846141;124,883095435249;0,98019801980198;0,99009900990099
351;272,391525161173;304,450896023074;0,98019801980198;0,99009900990099
352;268;13,0046780606868;0,108910891089109;0,118811881188119
353;275,313932678887;460,769397599206;0,98019801980198;0,99009900990099
354;273,98610266061;444,262098719819;0,98019801980198;0,99009900990099
355;269,213156509663;76,6237302825321;0,98019801980198;0,99009900990099
356;268;16,5557578820469;0,108910891089109;0,118811881188119
357;269,291064266931;78,8919812211688;0,98019801980198;0,99009900990099
358;269,178356197573;142,489431617379;0,98019801980198;0,99009900990099
359;268;14,0327650296941;0,108910891089109;0,118811881188119
360;268;14,3196469222419;0,108910891089109;0,118811881188119
361;271,645696678961;234,721847466478;0,98019801980198;0,99009900990099
362;268;15,661964517783;0,108910891089109;0,118811881188119
363;269,493765251419;109,24858592331;0,98019801980198;0,99009900990099
364;268;19,731120933625;0,108910891089109;0,118811881188119
365;268;13,7971475966254;0,108910891089109;0,118811881188119
366;271,034891630046;164,99104497067;0,98019801980198;0,99009900990099
367;274,40351377531;205,61169029444;0,98019801980198;0,99009900990099
368;268;14,3763275780596;0,108910891089109;0,118811881188119
369;272,034779648617;108,132453429162;0,98019801980198;0,99009900990099
370;268;14,3575997841159;0,108910891089109;0,118811881188119
371;270,291409856201;281,037881168711;0,98019801980198;0,99009900990099
372;270,719815485619;86,3135729462113;0,98019801980198;0,99009900990099
373;278,442439259215;589,845558504462;0,98019801980198;0,99009900990099
374;272,273266594031;201,349963491583;0,98019801980198;0,99009900990099
375;273,290073662702;339,763715808471;0,98019801980198;0,99009900990099
376;269,280523663711;131,684508024096;0,98019801980198;0,99009900990099
377;271,128070748906;223,734849402769;0,98019801980198;0,99009900990099
378;271,062368752621;153,882289982086;0,98019801980198;0,99009900990099
379;268;13,1066791377802;0,108910891089109;0,118811881188119
380;270,303883830554;84,7764141283476;0,98019801980198;0,99009900990099
381;268;17,6878296129018;0,108910891089109;0,118811881188119
382;268;16,4049827020837;0,108910891089109;0,118811881188119
383;268;16,6253100504821;0,108910891089109;0,118811881188119
384;274,062748925137;327,123780171597;0,98019801980198;0,99009900990099
385;268,136596967314;226,412924173506;0,98019801980198;0,99009900990099
386;268;18,555863521064;0,108910891089109;0,118811881188119
387;268;14,6163787258869;0,108910891089109;0,118811881188119
388;273,018202667425;146,928042135811;0,98019801980198;0,99009900990099
389;269,963006087822;209,879209492576;0,98019801980198;0,99009900990099
390;268;16,7776462704804;0,108910891089109;0,118811881188119
391;268;56,1951444014377;0,465346534653465;0,475247524752475
392;271,097494028822;162,340723084773;0,98019801980198;0,99009900990099
393;268;16,1121052015584;0,108910891089109;0,118811881188119
394;268;15,3751202200287;0,108910891089109;0,118811881188119
395;273,922142041559;218,409510008768;0,98019801980198;0,99009900990099
396;277,490232055207;231,556017543843;0,98019801980198;0,99009900990099
397;271,365451128118;114,513209859796;0,98019801980198;0,99009900990099
398;268;20,7389179049793;0,108910891089109;0,118811881188119
399;268;15,8042810545564;0,108910891089109;0,118811881188119
400;273,695624978931;151,585903394041;0,98019801980198;0,99009900990099
401;268;16,9119265581161;0,108910891089109;0,118811881188119
402;268;20,7489715648141;0,108910891089109;0,118811881188119
403;268;20,5650834696908;0,108910891089109;0,118811881188119
404;268;13,8968562837107;0,108910891089109;0,118811881188119
405;268;13,9147479887765;0,108910891089109;0,118811881188119
406;268;14,4826182407672;0,108910891089109;0,118811881188119
407;268,260927150183;128,869567461858;0,98019801980198;0,99009900990099
408;268;13,9315616520992;0,108910891089109;0,118811881188119
409;270,192972912983;174,26241287723;0,98019801980198;0,99009900990099
410;272,248467306987;298,937841006042;0,98019801980198;0,99009900990099
411;268;13,7830828414236;0,108910891089109;0,118811881188119
412;268,541115079708;101,902280913872;0,98019801980198;0,99009900990099
413;271,296048745269;184,952036916053;0,98019801980198;0,99009900990099
414;268;16,1837842934698;0,108910891089109;0,118811881188119
415;268;14,1308179958789;0,108910891089109;0,118811881188119
416;269,775895715275;171,821635636881;0,98019801980198;0,99009900990099
417;268;16,0370037955578;0,108910891089109;0,118811881188119
418;269,262494569209;197,670558294756;0,98019801980198;0,99009900990099
419;268;13,2445861741115;0,108910891089109;0,118811881188119
420;272,046749583603;167,500889270722;0,98019801980198;0,99009900990099
421;268;20,6694713841211;0,108910891089109;0,118811881188119
422;268;17,6295638301008;0,108910891089109;0,118811881188119
423;268;32,5111924370429;0,257425742574257;0,267326732673267
424;275,539315155505;226,024163066691;0,98019801980198;0,99009900990099
425;275,457792835412;323,309644917205;0,98019801980198;0,99009900990099
426;275,998365657627;209,390977628485;0,98019801980198;0,99009900990099
427;268;14,3527355025059;0,108910891089109;0,118811881188119
428;268;15,7612147515799;0,108910891089109;0,118811881188119
429;268;18,0688976941152;0,108910891089109;0,118811881188119
430;268;14,3621266372689;0,108910891089109;0,118811881188119
431;271,473066762139;220,868291943127;0,98019801980198;0,99009900990099
432;268;15,2275258869615;0,108910891089109;0,118811881188119
433;268;18,3030767782102;0,108910891089109;0,118811881188119
434;270,316006784709;91,1016072670652;0,98019801980198;0,99009900990099
435;270,940247774979;275,421298940615;0,98019801980198;0,99009900990099
436;268;13,9365204220873;0,108910891089109;0,118811881188119
437;268;16,2945441965937;0,108910891089109;0,118811881188119
438;268,343398909237;189,877575797177;0,98019801980198;0,99009900990099
439;268;17,7853956818007;0,108910891089109;0,118811881188119
440;268;50,7478652919826;0,465346534653465;0,475247524752475
441;268;18,3333085199396;0,108910891089109;0,118811881188119
442;269,098318655993;137,98489665205;0,98019801980198;0,99009900990099
443;268;13;0,108910891089109;0,118811881188119
444;268;17,4531024789402;0,108910891089109;0,118811881188119
445;268;18,6418624842528;0,108910891089109;0,118811881188119
446;277,609427335264;494,37855512089;0,98019801980198;0,99009900990099
447;268;14,9028275257465;0,108910891089109;0,118811881188119
448;269,548246223997;119,604788875266;0,98019801980198;0,99009900990099
449;272,870738462064;107,295410206187;0,98019801980198;0,99009900990099
450;268;14,0947667145112;0,108910891089109;0,118811881188119
451;268;13,6534172737108;0,108910891089109;0,118811881188119
452;273,230192481223;218,354385395685;0,98019801980198;0,99009900990099
453;268;14,5743937403569;0,108910891089109;0,118811881188119
454;268,731422272644;299,778226731442;0,98019801980198;0,99009900990099
455;268;16,5439790442217;0,108910891089109;0,118811881188119
456;268;14,8111277662471;0,108910891089109;0,118811881188119
457;268;13,3332949365105;0,108910891089109;0,118811881188119
458;268;19,0032097864669;0,108910891089109;0,118811881188119
459;278,764777874835;232,507840746556;0,98019801980198;0,99009900990099
460;274,531284437881;500,414366722541;0,98019801980198;0,99009900990099
461;272,851852055071;122,855406148937;0,98019801980198;0,99009900990099
462;276,263593445583;279,969948259285;0,98019801980198;0,99009900990099
463;271,495797722197;190,333944985327;0,98019801980198;0,99009900990099
464;269,716973769671;295,852193622068;0,98019801980198;0,99009900990099
465;268,892443678945;175,934927344679;0,98019801980198;0,99009900990099
466;270,431023550754;136,239063670133;0,98019801980198;0,99009900990099
467;270,635083937182;184,319935757648;0,98019801980198;0,99009900990099
468;268;14,9805345539597;0,108910891089109;0,118811881188119
469;268;16,4605471727329;0,108910891089109;0,118811881188119
470;268;13;0,108910891089109;0,118811881188119
471;272,395237218724;127,489090145724;0,98019801980198;0,99009900990099
472;270,838524932104;91,9686540768152;0,98019801980198;0,99009900990099
473;268;86,8028499409288;0,465346534653465;0,475247524752475
474;273,15310436519;239,698191537829;0,98019801980198;0,99009900990099
475;277,430213627764;515,157183772698;0,98019801980198;0,99009900990099
476;268;16,7234688359369;0,108910891089109;0,118811881188119
477;268;16,4616986614898;0,108910891089109;0,118811881188119
478;277,321905564758;353,498411891528;0,98019801980198;0,99009900990099
479;273,69062675869;189,96309605849;0,98019801980198;0,99009900990099
480;268;13,9972987002234;0,108910891089109;0,118811881188119
481;268;14,7140399863602;0,108910891089109;0,118811881188119
482;273,175377962638;228,677263391827;0,98019801980198;0,99009900990099
483;268;19,497964819393;0,108910891089109;0,118811881188119
484;268;17,4425317469549;0,108910891089109;0,118811881188119
485;275,118379792344;218,258165474123;0,98019801980198;0,99009900990099
486;268;14,3136533844144;0,108910891089109;0,118811881188119
487;273,842938230551;121,49988750298;0,98019801980198;0,99009900990099
488;272,717877910838;339,802197374324;0,98019801980198;0,99009900990099
489;269,674540256985;158,999077405689;0,98019801980198;0,99009900990099
490;268;14,530921465436;0,108910891089109;0,118811881188119
491;269,396698288732;147,773952924397;0,98019801980198;0,99009900990099
492;270,699890442203;390,901583185566;0,98019801980198;0,99009900990099
493;268;19,6731158218558;0,108910891089109;0,118811881188119
494;270,356455546092;295,953911769004;0,98019801980198;0,99009900990099
495;268;16,376917563353;0,108910891089109;0,118811881188119
496;272,982796221613;136,167440909044;0,98019801980198;0,99009900990099
497;268;64,6061848124759;0,465346534653465;0,475247524752475
498;276,327054647976;394,444508996243;0,98019801980198;0,99009900990099
499;268,817789712117;239,816319560429;0,98019801980198;0,99009900990099
500;280,780294405131;516,279914526025;0,98019801980198;0,99009900990099
501;268,825493449338;146,60560680108;0,98019801980198;0,99009900990099
502;268;19,8991097918393;0,108910891089109;0,118811881188119
503;268;15,7553786877179;0,108910891089109;0,118811881188119
504;268,923852185996;149,10897894066;0,98019801980198;0,99009900990099
505;273,195566069554;101,786564325732;0,98019801980198;0,99009900990099
506;268;13,3024375429727;0,108910891089109;0,118811881188119
507;268;13,0992990677195;0,108910891089109;0,118811881188119
508;268;14,7342553434723;0,108910891089109;0,118811881188119
509;268;16,1711897863113;0,108910891089109;0,118811881188119
510;278,563776746194;372,744311669897;0,98019801980198;0,99009900990099
511;270,850933273369;155,661017203695;0,98019801980198;0,99009900990099
512;268;17,5299820740913;0,108910891089109;0,118811881188119
513;281,762593378451;526,616487739554;0,98019801980198;0,99009900990099
514;279,300143073595;412,996157367706;0,98019801980198;0,99009900990099
515;268;18,3142650290569;0,108910891089109;0,118811881188119
516;272,384182276673;331,093427892233;0,98019801980198;0,99009900990099
517;278,363914431053;537,132451479709;0,98019801980198;0,99009900990099
518;268;21,1294709014251;0,108910891089109;0,118811881188119
519;268;14,9558908375997;0,108910891089109;0,118811881188119
520;268;16,4907686857295;0,108910891089109;0,118811881188119
521;272,341177349218;316,017735095335;0,98019801980198;0,99009900990099
522;277,478655332749;173,373942984775;0,98019801980198;0,99009900990099
523;271,814909083366;95,8284071119243;0,98019801980198;0,99009900990099
524;280,433774761162;378,315656717849;0,98019801980198;0,99009900990099
525;270,457241930091;102,704429413741;0,98019801980198;0,99009900990099
526;270,190779939973;244,664438250853;0,98019801980198;0,99009900990099
527;268;14,1753042649519;0,108910891089109;0,118811881188119
528;268;15,5581405689869;0,108910891089109;0,118811881188119
529;268;15,0828571576509;0,108910891089109;0,118811881188119
530;268;14,3329983096531;0,108910891089109;0,118811881188119
531;268;13,590383518666;0,108910891089109;0,118811881188119
532;268;21,1690128803579;0,108910891089109;0,118811881188119
533;272,943877975997;296,585549123748;0,98019801980198;0,99009900990099
534;275,397740983296;276,292309693469;0,98019801980198;0,99009900990099
535;268;18,0563141311458;0,108910891089109;0,118811881188119
536;268;13,2996474230597;0,108910891089109;0,118811881188119
537;271,980146297269;170,717138442843;0,98019801980198;0,99009900990099
538;268;22,4639071552101;0,108910891089109;0,118811881188119
539;269,869472731666;181,552398627129;0,98019801980198;0,99009900990099
540;268;13,7006740260208;0,108910891089109;0,118811881188119
541;268;15,7644018564119;0,108910891089109;0,118811881188119
542;268;19,4391863329413;0,108910891089109;0,118811881188119
543;272,094975858914;184,561259096856;0,98019801980198;0,99009900990099
544;270,454318151548;151,124246116247;0,98019801980198;0,99009900990099
545;268;14,3680602255725;0,108910891089109;0,118811881188119
546;275,434507144199;265,833326447284;0,98019801980198;0,99009900990099
547;268;16,58218671005;0,108910891089109;0,118811881188119
548;272,052401994772;74,04469637782;0,98019801980198;0,99009900990099
549;268;17,0058308893859;0,108910891089109;0,118811881188119
550;274,492913135032;162,575723407274;0,98019801980198;0,99009900990099
551;271,971543315895;244,839298003832;0,98019801980198;0,99009900990099
552;268;16,6386031554353;0,108910891089109;0,118811881188119
553;268;17,6177226801945;0,108910891089109;0,118811881188119
554;268;13,1156412011775;0,108910891089109;0,118811881188119
555;270,888221935463;242,718192485348;0,98019801980198;0,99009900990099
556;268;16,3986236523176;0,108910891089109;0,118811881188119
557;268;13;0,108910891089109;0,118811881188119
558;268;15,0957040381944;0,108910891089109;0,118811881188119
559;270,900063033897;273,222667742856;0,98019801980198;0,99009900990099
560;273,081512836145;271,049892793734;0,98019801980198;0,99009900990099
561;270,931010608628;161,007777811564;0,98019801980198;0,99009900990099
562;268;70,4263189336506;0,554455445544555;0,564356435643564
563;268;16,6418292631712;0,108910891089109;0,118811881188119
564;270,842190311778;158,091255516369;0,98019801980198;0,99009900990099
565;268;13;0,108910891089109;0,118811881188119
566;268;13,0691220352754;0,108910891089109;0,118811881188119
567;272,641117940752;308,611302856233;0,98019801980198;0,99009900990099
568;271,381145821193;109,154019854765;0,98019801980198;0,99009900990099
569;268;16,8893177819774;0,108910891089109;0,118811881188119
570;273,910680033231;186,503637014319;0,98019801980198;0,99009900990099
571;268;19,3148640508981;0,108910891089109;0,118811881188119
572;268;13,6763479582003;0,108910891089109;0,118811881188119
573;268;16,9892540795527;0,108910891089109;0,118811881188119
574;268;18,4781617398055;0,108910891089109;0,118811881188119
575;268;13,3715161026169;0,108910891089109;0,118811881188119
576;276,248469186981;237,810947091117;0,98019801980198;0,99009900990099
577;280,046104028722;527,812814451039;0,98019801980198;0,99009900990099
578;268;13,5061628241103;0,108910891089109;0,118811881188119
579;268,928002806584;79,8375740404736;0,98019801980198;0,99009900990099
580;267,960663645187;135,698133321752;0,98019801980198;0,99009900990099
581;273,032787340672;210,713169121535;0,98019801980198;0,99009900990099
582;278,240289415005;392,291105736936;0,98019801980198;0,99009900990099
583;270,094146227584;169,893995879916;0,98019801980198;0,99009900990099
584;268;18,837354253153;0,108910891089109;0,118811881188119
585;270,502629515908;275,639223343368;0,98019801980198;0,99009900990099
586;268;15,8519009872736;0,108910891089109;0,118811881188119
587;277,846635426129;253,003936697614;0,98019801980198;0,99009900990099
588;268;13,767590765568;0,108910891089109;0,118811881188119
589;268;15,7479982254182;0,108910891089109;0,118811881188119
590;268;17,1263170303812;0,108910891089109;0,118811881188119
591;268;19,1463473959854;0,108910891089109;0,118811881188119
592;268;13;0,108910891089109;0,118811881188119
593;274,291719383676;281,652661880216;0,98019801980198;0,99009900990099
594;268;13,5919895092519;0,108910891089109;0,118811881188119
595;268;16,5631064429143;0,108910891089109;0,118811881188119
596;282,108155080665;589,521551358498;0,98019801980198;0,99009900990099
597;274,430455911875;493,290169897991;0,98019801980198;0,99009900990099
598;268;16,3638456045439;0,108910891089109;0,118811881188119
599;268;16,972462073092;0,108910891089109;0,118811881188119
600;268;19,1557124599294;0,108910891089109;0,118811881188119
601;268;13;0,108910891089109;0,118811881188119
602;268;18,2736364313439;0,108910891089109;0,118811881188119
603;269,119863229801;95,2567225123374;0,98019801980198;0,99009900990099
604;274,172171954633;197,317426696284;0,98019801980198;0,99009900990099
605;268;15,0875310969604;0,108910891089109;0,118811881188119
606;272,087266318527;217,609172099414;0,98019801980198;0,99009900990099
607;270,052760266876;288,669645393568;0,98019801980198;0,99009900990099
608;270,805631045683;359,653456148451;0,98019801980198;0,99009900990099
609;268,910620473809;190,78130475771;0,98019801980198;0,99009900990099
610;276,170698378586;283,272605559049;0,98019801980198;0,99009900990099
611;268;13,6239026399403;0,108910891089109;0,118811881188119
612;268;15,9514134268789;0,108910891089109;0,118811881188119
613;268,24926964503;140,48682876052;0,98019801980198;0,99009900990099
614;268;13,6944672510308;0,108910891089109;0,118811881188119
615;268;13,4390376422781;0,108910891089109;0,118811881188119
616;268;15,24656674561;0,108910891089109;0,118811881188119
617;268;14,3203428025503;0,108910891089109;0,118811881188119
618;270,868543529418;210,472054053033;0,98019801980198;0,99009900990099
619;270,94143198348;228,923330634277;0,98019801980198;0,99009900990099
620;270,756035980448;239,410860802125;0,98019801980198;0,99009900990099
621;272,139521526922;90,4164604701447;0,98019801980198;0,99009900990099
622;268;13,7422446666444;0,108910891089109;0,118811881188119
623;276,644252416412;428,558577123348;0,98019801980198;0,99009900990099
624;274,066258259217;381,247464788586;0,98019801980198;0,99009900990099
625;277,518958817766;299,721280538931;0,98019801980198;0,99009900990099
626;268;16,0180840796985;0,108910891089109;0,118811881188119
627;268,836448555901;155,333693050748;0,98019801980198;0,99009900990099
628;268;13,4793127126224;0,108910891089109;0,118811881188119
629;268;16,3550822468211;0,108910891089109;0,118811881188119
630;271,907377464279;242,894559540492;0,98019801980198;0,99009900990099
631;279,617081388183;422,428136082381;0,98019801980198;0,99009900990099
632;274,770718960917;168,208892595501;0,98019801980198;0,99009900990099
633;268;13;0,108910891089109;0,118811881188119
634;272,998082452243;198,546604471817;0,98019801980198;0,99009900990099
635;268;19,2878587426065;0,108910891089109;0,118811881188119
636;268;13,0897968613515;0,108910891089109;0,118811881188119
637;268;22,3350425034048;0,108910891089109;0,118811881188119
638;277,292049293632;467,366958477617;0,98019801980198;0,99009900990099
639;268;13,5339099864763;0,108910891089109;0,118811881188119
640;269,649216957616;328,949303795366;0,98019801980198;0,99009900990099
641;270,339368311864;163,82021465565;0,98019801980198;0,99009900990099
642;271,730563495505;176,73547080683;0,98019801980198;0,99009900990099
643;274,749246643017;214,607894554369;0,98019801980198;0,99009900990099
644;268;19,7545084690615;0,108910891089109;0,118811881188119
645;272,041846804369;257,019794522136;0,98019801980198;0,99009900990099
646;268;13,7911892835766;0,108910891089109;0,118811881188119
647;268;17,7177052524502;0,108910891089109;0,118811881188119
648;268;14,5785921560522;0,108910891089109;0,118811881188119
649;268;14,5259792636362;0,108910891089109;0,118811881188119
650;269,356865899398;139,101749228738;0,98019801980198;0,99009900990099
651;268;13,881343549427;0,108910891089109;0,118811881188119
652;268;20,2530685568412;0,108910891089109;0,118811881188119
653;277,622197882093;426,890214569609;0,98019801980198;0,99009900990099
654;268;14,1054858121005;0,108910891089109;0,118811881188119
655;268;15,347220707818;0,108910891089109;0,118811881188119
656;268;16,6897630381759;0,108910891089109;0,118811881188119
657;268;14,0627111685934;0,108910891089109;0,118811881188119
658;268;15,8378329765273;0,108910891089109;0,118811881188119
659;268;15,072045236707;0,108910891089109;0,118811881188119
660;268;15,0073204709484;0,108910891089109;0,118811881188119
661;269,019917618597;74,7733104240696;0,98019801980198;0,99009900990099
662;268;17,466639213363;0,108910891089109;0,118811881188119
663;268;13,9281020554764;0,108910891089109;0,118811881188119
664;268;17,013505650672;0,108910891089109;0,118811881188119
665;276,035827950783;345,870265950643;0,98019801980198;0,99009900990099
666;268;19,3796284452498;0,108910891089109;0,118811881188119
667;267,707099643491;132,733006064309;0,98019801980198;0,99009900990099
668;268;16,7599262568428;0,108910891089109;0,118811881188119
669;270,211518887789;260,25734584888;0,98019801980198;0,99009900990099
670;273,297545707588;135,507255778771;0,98019801980198;0,99009900990099
671;271,652397146257;236,80749566807;0,98019801980198;0,99009900990099
672;272,704263783965;176,024624996467;0,98019801980198;0,99009900990099
673;273,731493143313;225,894676309569;0,98019801980198;0,99009900990099
674;270,09460166862;101,564302114983;0,98019801980198;0,99009900990099
675;268;13,4468730700866;0,108910891089109;0,118811881188119
676;276,005704230077;478,679881316335;0,98019801980198;0,99009900990099
677;268;15,5017011341051;0,108910891089109;0,118811881188119
678;268;16,1231694364089;0,108910891089109;0,118811881188119
679;268;17,1318872083251;0,108910891089109;0,118811881188119
680;270,959585445907;199,017594313614;0,98019801980198;0,99009900990099
681;268;78,2100903919849;0,465346534653465;0,475247524752475
682;268;13,3485826400676;0,108910891089109;0,118811881188119
683;273,321777601899;266,15579485646;0,98019801980198;0,99009900990099
684;268;20,0884824274465;0,108910891089109;0,118811881188119
685;268;13;0,108910891089109;0,118811881188119
686;268;15,2096751811132;0,108910891089109;0,118811881188119
687;273,627152031255;283,46539305803;0,98019801980198;0,99009900990099
688;268;15,2974630487701;0,108910891089109;0,118811881188119
689;268;16,8750133211273;0,108910891089109;0,118811881188119
690;268;13;0,108910891089109;0,118811881188119
691;268;15,4493894226286;0,108910891089109;0,118811881188119
692;268;15,5877725447011;0,108910891089109;0,118811881188119
693;270,490495926431;116,551114603759;0,98019801980198;0,99009900990099
694;273,358040020948;256,383220599405;0,98019801980198;0,99009900990099
695;268;14,9565781934549;0,108910891089109;0,118811881188119
696;268;15,7843887434083;0,108910891089109;0,118811881188119
697;270,404460373062;222,133997242813;0,98019801980198;0,99009900990099
698;268;17,0668813029872;0,108910891089109;0,118811881188119
699;268;13,8571263238994;0,108910891089109;0,118811881188119
700;268;18,0293531748315;0,108910891089109;0,118811881188119
701;268;22,5141242201313;0,108910891089109;0,118811881188119
702;271,897196449474;292,319758465181;0,98019801980198;0,99009900990099
703;268;17,312414864075;0,108910891089109;0,118811881188119
704;271,396356822533;220,438038079391;0,98019801980198;0,99009900990099
705;268;17,552732948644;0,108910891089109;0,118811881188119
706;278,609447461232;273,855076421034;0,98019801980198;0,99009900990099
707;271,78986765845;140,947372905015;0,98019801980198;0,99009900990099
708;268,506000371326;59,9432725593998;0,98019801980198;0,99009900990099
709;268;17,2504028133212;0,108910891089109;0,118811881188119
710;268;16,2964989613967;0,108910891089109;0,118811881188119
711;269,899910389881;249,049711115201;0,98019801980198;0,99009900990099
712;268;15,6985912842739;0,108910891089109;0,118811881188119
713;275,367142856245;391,889319836555;0,98019801980198;0,99009900990099
714;268;17,5577120947274;0,108910891089109;0,118811881188119
715;268;14,4590376825114;0,108910891089109;0,118811881188119
716;268;15,4462925604043;0,108910891089109;0,118811881188119
717;268;13;0,108910891089109;0,118811881188119
718;272,748488938296;165,224265147778;0,98019801980198;0,99009900990099
719;268;15,858576517228;0,108910891089109;0,118811881188119
720;268;13,9733087891944;0,108910891089109;0,118811881188119
721;269,071953868439;120,89167823105;0,98019801980198;0,99009900990099
722;269,950017561724;67,780428953003;0,98019801980198;0,99009900990099
723;268;18,4047429906098;0,108910891089109;0,118811881188119
724;268;17,1355454713146;0,108910891089109;0,118811881188119
725;268;16,8994907553197;0,108910891089109;0,118811881188119
726;268;13,198881581156;0,108910891089109;0,118811881188119
727;271,738064745439;218,674080936757;0,98019801980198;0,99009900990099
728;268,006843446434;175,301069610022;0,98019801980198;0,99009900990099
729;268;21,3877443109801;0,108910891089109;0,118811881188119
730;268;16,2419731421781;0,108910891089109;0,118811881188119
731;268;13,2067031033359;0,108910891089109;0,118811881188119
732;268;13,551684458977;0,108910891089109;0,118811881188119
733;268;13,5015250118688;0,108910891089109;0,118811881188119
734;268;16,9337508168798;0,108910891089109;0,118811881188119
735;268;13,6952536997163;0,108910891089109;0,118811881188119
736;280,066331277272;352,233112508871;0,98019801980198;0,99009900990099
737;268;13,8978976553485;0,108910891089109;0,118811881188119
738;271,516115859052;174,881637117517;0,98019801980198;0,99009900990099
739;268;17,004377225728;0,108910891089109;0,118811881188119
740;268,704569066636;115,14438988299;0,98019801980198;0,99009900990099
741;275,127019720608;291,15961585683;0,98019801980198;0,99009900990099
742;269,148255425704;70,1299855922202;0,98019801980198;0,99009900990099
743;268;21,3914723263875;0,108910891089109;0,118811881188119
744;268;13,2242804689358;0,108910891089109;0,118811881188119
745;270,840019466152;197,939329426886;0,98019801980198;0,99009900990099
746;272,506737219044;271,689524586945;0,98019801980198;0,99009900990099
747;268;14,811431204247;0,108910891089109;0,118811881188119
748;268;13;0,108910891089109;0,118811881188119
749;270,591128737605;88,3507093793969;0,98019801980198;0,99009900990099
750;268;14,4401048914165;0,108910891089109;0,118811881188119
751;268;15,1455623351837;0,108910891089109;0,118811881188119
752;268;17,2439041380081;0,108910891089109;0,118811881188119
753;268;13,2723171397764;0,108910891089109;0,118811881188119
754;268;13,0901256142392;0,108910891089109;0,118811881188119
755;274,360262001097;360,265098996009;0,98019801980198;0,99009900990099
756;268;15,592933854589;0,108910891089109;0,118811881188119
757;268;14,3631434283014;0,108910891089109;0,118811881188119
758;271,80777087003;429,037516417091;0,98019801980198;0,99009900990099
759;269,499366248059;125,782031543527;0,98019801980198;0,99009900990099
760;268;16,6779604480269;0,108910891089109;0,118811881188119
761;270,742916618477;142,444617553289;0,98019801980198;0,99009900990099
762;272,586323082259;232,117093723398;0,98019801980198;0,99009900990099
763;268;14,8399983540567;0,108910891089109;0,118811881188119
764;268;17,7454238489234;0,108910891089109;0,118811881188119
765;273,289624213526;453,231556962643;0,98019801980198;0,99009900990099
766;268;13,4536366917443;0,108910891089109;0,118811881188119
767;268,967896085765;82,5386616815095;0,98019801980198;0,99009900990099
768;268;26,2788761088708;0,108910891089109;0,118811881188119
769;268;13,8702258949527;0,108910891089109;0,118811881188119
770;268;17,4199807347233;0,108910891089109;0,118811881188119
771;268;16,3318376382642;0,108910891089109;0,118811881188119
772;268;13,0062037603771;0,108910891089109;0,118811881188119
773;273,775642380128;224,508013661843;0,98019801980198;0,99009900990099
774;269,817692151985;407,656067934948;0,98019801980198;0,99009900990099
775;269,152855738637;114,654103746857;0,98019801980198;0,99009900990099
776;269,907870778499;68,1575335206945;0,98019801980198;0,99009900990099
777;270,746702250622;180,209657937656;0,98019801980198;0,99009900990099
778;271,161081812844;199,556674653088;0,98019801980198;0,99009900990099
779;268;16,8590111330011;0,108910891089109;0,118811881188119
780;271,744363164034;231,803172117051;0,98019801980198;0,99009900990099
781;274,918210192644;238,678252458088;0,98019801980198;0,99009900990099
782;268;15,9635056996927;0,108910891089109;0,118811881188119
783;272,06308322692;317,293285996069;0,98019801980198;0,99009900990099
784;268,782388890248;159,551482186246;0,98019801980198;0,99009900990099
785;269,893409605483;81,6500500723471;0,98019801980198;0,99009900990099
786;268;13,5287889738163;0,108910891089109;0,118811881188119
787;268;17,1514461969364;0,108910891089109;0,118811881188119
788;270,507893811964;185,887994222231;0,98019801980198;0,99009900990099
789;268;15,6761318238411;0,108910891089109;0,118811881188119
790;268;15,0076488921;0,108910891089109;0,118811881188119
791;268;17,5021043998984;0,108910891089109;0,118811881188119
792;271,376695722617;136,704576270107;0,98019801980198;0,99009900990099
793;270,080165340383;266,372058697161;0,98019801980198;0,99009900990099
794;272,704565657686;171,463570956665;0,98019801980198;0,99009900990099
795;268;14,3707948781071;0,108910891089109;0,118811881188119
796;268;13,4030168403659;0,108910891089109;0,118811881188119
797;268;14,6531739042009;0,108910891089109;0,118811881188119
798;271,479251418638;51,9146737220409;0,98019801980198;0,99009900990099
799;269,016773354147;108,19182430366;0,98019801980198;0,99009900990099
800;270,248044712457;108,569129035847;0,98019801980198;0,99009900990099
801;268;19,2475065568199;0,108910891089109;0,118811881188119
802;271,888057180168;161,632774654981;0,98019801980198;0,99009900990099
803;270,987157453932;162,040457167548;0,98019801980198;0,99009900990099
804;268;17,9963482679347;0,108910891089109;0,118811881188119
805;269,646578418908;77,996484944838;0,98019801980198;0,99009900990099
806;268;13;0,108910891089109;0,118811881188119
807;268;17,4377581659183;0,108910891089109;0,118811881188119
808;268;15,2269342809964;0,108910891089109;0,118811881188119
809;269,04388971333;200,948802268107;0,98019801980198;0,99009900990099
810;268,896245259827;142,42108095362;0,98019801980198;0,99009900990099
811;273,561444843322;274,197973740891;0,98019801980198;0,99009900990099
812;268;13,2225978892095;0,108910891089109;0,118811881188119
813;273,306528648791;172,11761083956;0,98019801980198;0,99009900990099
814;268;17,918222497952;0,108910891089109;0,118811881188119
815;271,142957384812;334,578993538108;0,98019801980198;0,99009900990099
816;276,88600905925;213,608909659716;0,98019801980198;0,99009900990099
817;269,904248842909;182,738424618114;0,98019801980198;0,99009900990099
818;268,973390082133;145,531900902123;0,98019801980198;0,99009900990099
819;268;13,7147060307898;0,108910891089109;0,118811881188119
820;268;15,3454053241065;0,108910891089109;0,118811881188119
821;268;14,1486607276838;0,108910891089109;0,118811881188119
822;268;16,9174739601101;0,108910891089109;0,118811881188119
823;268;20,0634341105083;0,108910891089109;0,118811881188119
824;268;15,1193744319025;0,108910891089109;0,118811881188119
825;272,940501719475;213,048094315526;0,98019801980198;0,99009900990099
826;268;13,6579076865145;0,108910891089109;0,118811881188119
827;268;13,8927087936574;0,108910891089109;0,118811881188119
828;268;14,218096531259;0,108910891089109;0,118811881188119
829;268;21,3038534471402;0,108910891089109;0,118811881188119
830;269,660191304046;202,431976861367;0,98019801980198;0,99009900990099
831;269,047986810036;229,844622104667;0,98019801980198;0,99009900990099
832;269,371160009739;167,344622262379;0,98019801980198;0,99009900990099
833;268;13,9097830429339;0,108910891089109;0,118811881188119
834;271,049501511755;185,030565358781;0,98019801980198;0,99009900990099
835;270,623023408805;214,567494148112;0,98019801980198;0,99009900990099
836;279,052732802511;421,785653160911;0,98019801980198;0,99009900990099
837;268;16,5419403890484;0,108910891089109;0,118811881188119
838;272,901432432585;403,433662850815;0,98019801980198;0,99009900990099
839;268;14,6030454561702;0,108910891089109;0,118811881188119
840;268,107417418356;93,2267882367062;0,98019801980198;0,99009900990099
841;268;14,1134794185903;0,108910891089109;0,118811881188119
842;281,25935979958;384,192980178145;0,98019801980198;0,99009900990099
843;268;15,7351189546717;0,108910891089109;0,118811881188119
844;268;17,1562074423298;0,108910891089109;0,118811881188119
845;268;31,1366225141921;0,247524752475248;0,257425742574257
846;272,435724866458;256,133960565532;0,98019801980198;0,99009900990099
847;268;20,0508810600824;0,108910891089109;0,118811881188119
848;268;15,0769401873941;0,108910891089109;0,118811881188119
849;268;13,1030239436551;0,108910891089109;0,118811881188119
850;268,72208711463;173,525492837046;0,98019801980198;0,99009900990099
851;269,464772420089;154,623337492007;0,98019801980198;0,99009900990099
852;269,307313468968;233,676769579226;0,98019801980198;0,99009900990099
853;268;15,1044265436273;0,108910891089109;0,118811881188119
854;273,403947885906;86,4138497673394;0,98019801980198;0,99009900990099
855;268;22,3958841139518;0,108910891089109;0,118811881188119
856;272,200104504525;151,564756818502;0,98019801980198;0,99009900990099
857;268;16,5548840280524;0,108910891089109;0,118811881188119
858;277,65875297413;268,853342866729;0,98019801980198;0,99009900990099
859;268;17,0500644980578;0,108910891089109;0,118811881188119
860;276,92974186632;296,449934260242;0,98019801980198;0,99009900990099
861;268;20,375704902942;0,108910891089109;0,118811881188119
862;274,574847634822;344,168353241036;0,98019801980198;0,99009900990099
863;268;17,3373158416038;0,108910891089109;0,118811881188119
864;268;15,6882098802892;0,108910891089109;0,118811881188119
865;272,471413832879;280,682985019278;0,98019801980198;0,99009900990099
866;268;14,9710906867678;0,108910891089109;0,118811881188119
867;271,366494100114;202,062045451747;0,98019801980198;0,99009900990099
868;269,384578471127;179,842714135263;0,98019801980198;0,99009900990099
869;268;16,3438890296264;0,108910891089109;0,118811881188119
870;268;13,841350022218;0,108910891089109;0,118811881188119
871;273,753360444983;282,954885925801;0,98019801980198;0,99009900990099
872;268;13,534315094441;0,108910891089109;0,118811881188119
873;272,501045921268;215,644494014366;0,98019801980198;0,99009900990099
874;271,092513493295;171,676734984015;0,98019801980198;0,99009900990099
875;270,159984768224;325,728300761334;0,98019801980198;0,99009900990099
876;271,463603885299;121,997003168184;0,98019801980198;0,99009900990099
877;268;45,9197629589126;0,554455445544555;0,564356435643564
878;268;15,6481940644024;0,108910891089109;0,118811881188119
879;272,154429127264;161,96346122737;0,98019801980198;0,99009900990099
880;268;17,4315385390294;0,108910891089109;0,118811881188119
881;268;14,1234676452967;0,108910891089109;0,118811881188119
882;271,289551572549;119,008576318947;0,98019801980198;0,99009900990099
883;272,779214010882;260,391360962236;0,98019801980198;0,99009900990099
884;270,244511058933;73,8026083173149;0,98019801980198;0,99009900990099
885;268;13,3651239200548;0,108910891089109;0,118811881188119
886;269,722558431739;192,719153519886;0,98019801980198;0,99009900990099
887;268;17,9022526974912;0,108910891089109;0,118811881188119
888;273,459022655246;298,609312537018;0,98019801980198;0,99009900990099
889;268;15,5889510753453;0,108910891089109;0,118811881188119
890;272,066882799978;331,101493977099;0,98019801980198;0,99009900990099
891;268;20,0199585815444;0,108910891089109;0,118811881188119
892;268;16,7069374129891;0,108910891089109;0,118811881188119
893;272,480583349597;279,844960793769;0,98019801980198;0,99009900990099
894;268;17,7130486292404;0,108910891089109;0,118811881188119
895;268;21,8244736220529;0,108910891089109;0,118811881188119
896;268;15,2373154245264;0,108910891089109;0,118811881188119
897;268;17,7784749263145;0,108910891089109;0,118811881188119
898;272,04334766107;223,09715825183;0,98019801980198;0,99009900990099
899;268;71,3081208742232;0,782178217821782;0,792079207920792
900;271,374231756585;238,931857923441;0,98019801980198;0,99009900990099
901;268;17,1170638509928;0,108910891089109;0,118811881188119
902;269,488826826506;298,394103003036;0,98019801980198;0,99009900990099
903;268;13,2943318138132;0,108910891089109;0,118811881188119
904;268;15,1481327666327;0,108910891089109;0,118811881188119
905;268;14,1809128444667;0,108910891089109;0,118811881188119
906;268;18,7120882747799;0,108910891089109;0,118811881188119
907;268;14,0949541625351;0,108910891089109;0,118811881188119
908;268,295563419991;170,787776884854;0,98019801980198;0,99009900990099
909;276,453718011755;290,412886065695;0,98019801980198;0,99009900990099
910;268;17,5536885968544;0,108910891089109;0,118811881188119
911;268;14,180376597037;0,108910891089109;0,118811881188119
912;268;14,4486316339013;0,108910891089109;0,118811881188119
913;272,557559955605;304,232730718125;0,98019801980198;0,99009900990099
914;268;13,5511533960194;0,108910891089109;0,118811881188119
915;270,065663553029;374,163584741792;0,98019801980198;0,99009900990099
916;273,638644680829;238,323658604483;0,98019801980198;0,99009900990099
917;268;13,5540169397424;0,108910891089109;0,118811881188119
918;274,408327707721;300,039338043513;0,98019801980198;0,99009900990099
919;271,374964133447;280,895322447642;0,98019801980198;0,99009900990099
920;268;16,7907860143406;0,108910891089109;0,118811881188119
921;269,011892299889;179,069653273811;0,98019801980198;0,99009900990099
922;268;13,9610199378847;0,108910891089109;0,118811881188119
923;270,849476504698;114,614726156994;0,98019801980198;0,99009900990099
924;268;65,3769940141947;0,465346534653465;0,475247524752475
925;273,996427888898;173,836683243826;0,98019801980198;0,99009900990099
926;268;16,5775269294667;0,108910891089109;0,118811881188119
927;272,701187151317;188,255625471254;0,98019801980198;0,99009900990099
928;271,376604507999;270,590051198694;0,98019801980198;0,99009900990099
929;274,552936052447;357,747701677839;0,98019801980198;0,99009900990099
930;276,053161167575;364,556232297879;0,98019801980198;0,99009900990099
931;268,487148471664;166,794079058791;0,98019801980198;0,99009900990099
932;268;13,5555756643951;0,108910891089109;0,118811881188119
933;271,903493607847;360,65327443747;0,98019801980198;0,99009900990099
934;268;17,0742653683169;0,108910891089109;0,118811881188119
935;268;15,2158016064865;0,108910891089109;0,118811881188119
936;268;17,2329631443882;0,108910891089109;0,118811881188119
937;268;14,6895706328242;0,108910891089109;0,118811881188119
938;268;13,4270832523718;0,108910891089109;0,118811881188119
939;268;13;0,108910891089109;0,118811881188119
940;269,698329201963;175,33129949877;0,98019801980198;0,99009900990099
941;268;20,0671652339076;0,108910891089109;0,118811881188119
942;268;13,084592882814;0,108910891089109;0,118811881188119
943;268;15,9879851673762;0,108910891089109;0,118811881188119
944;269,675991583358;136,948169045761;0,98019801980198;0,99009900990099
945;269,775562557621;204,123082136591;0,98019801980198;0,99009900990099
946;268;18,2711598336308;0,108910891089109;0,118811881188119
947;269,059986146447;209,742978170749;0,98019801980198;0,99009900990099
948;272,600673280093;340,520044159171;0,98019801980198;0,99009900990099
949;270,60085896319;162,17367637548;0,98019801980198;0,99009900990099
950;268;15,5706143077471;0,108910891089109;0,118811881188119
951;268;16,3569548589509;0,108910891089109;0,118811881188119
952;268;14,3534715727542;0,108910891089109;0,118811881188119
953;274,772473023856;201,106515471631;0,98019801980198;0,99009900990099
954;268;16,4158325189442;0,108910891089109;0,118811881188119
955;269,394259379251;161,303501622665;0,98019801980198;0,99009900990099
956;272,140302067906;89,0298459260372;0,98019801980198;0,99009900990099
957;273,182788337424;162,627670354658;0,98019801980198;0,99009900990099
958;268;13,0871189569298;0,108910891089109;0,118811881188119
959;268;15,1548116814034;0,108910891089109;0,118811881188119
960;268;22,2419478921546;0,108910891089109;0,118811881188119
961;268;14,6657521513764;0,108910891089109;0,118811881188119
962;271,209212699986;307,8620108437;0,98019801980198;0,99009900990099
963;268;14,2232232645003;0,108910891089109;0,118811881188119
964;274,17771522285;152,139900728364;0,98019801980198;0,99009900990099
965;276,62215412833;312,3759669132;0,98019801980198;0,99009900990099
966;270,574183437336;153,686714620199;0,98019801980198;0,99009900990099
967;270,999939883443;209,554292318964;0,98019801980198;0,99009900990099
968;268;14,1731380124599;0,108910891089109;0,118811881188119
969;270,641521199719;97,2261325262016;0,98019801980198;0,99009900990099
970;275,49798931204;296,537282959554;0,98019801980198;0,99009900990099
971;268;13;0,108910891089109;0,118811881188119
972;271,427748098025;204,04783906312;0,98019801980198;0,99009900990099
973;270,582160717774;224,939904936556;0,98019801980198;0,99009900990099
974;268;15,2211699425522;0,108910891089109;0,118811881188119
975;271,313180353044;143,666061331427;0,98019801980198;0,99009900990099
976;278,377727205637;473,05927604657;0,98019801980198;0,99009900990099
977;272,287806080891;231,87185686043;0,98019801980198;0,99009900990099
978;272,62291234007;430,25892487865;0,98019801980198;0,99009900990099
979;275,072810311142;376,001739008207;0,98019801980198;0,99009900990099
980;269,435575238852;221,95757490694;0,98019801980198;0,99009900990099
981;268;16,4053299305157;0,108910891089109;0,118811881188119
982;272,883193951844;190,679745900567;0,98019801980198;0,99009900990099
983;269,974224256887;333,004805358731;0,98019801980198;0,99009900990099
984;268;18,9911058878026;0,108910891089109;0,118811881188119
985;268;14,3627117300406;0,108910891089109;0,118811881188119
986;271,532146805523;191,251401183445;0,98019801980198;0,99009900990099
987;268;20,1824918514401;0,108910891089109;0,118811881188119
988;271,186379759808;84,4254613483275;0,98019801980198;0,99009900990099
989;268;16,4622207736299;0,108910891089109;0,118811881188119
990;271,809699723748;224,015988284582;0,98019801980198;0,99009900990099
991;268;17,6124132477143;0,108910891089109;0,118811881188119
992;270,385252404707;114,875023225126;0,98019801980198;0,99009900990099
993;268;14,0280055859717;0,108910891089109;0,118811881188119
994;268;14,1860064554454;0,108910891089109;0,118811881188119
995;268;14,3288330048636;0,108910891089109;0,118811881188119
996;268;16,8154034319339;0,108910891089109;0,118811881188119
997;268,253111499913;151,949087601947;0,98019801980198;0,99009900990099
998;274,682111704381;254,304047825794;0,98019801980198;0,99009900990099
999;268;15,3405236194467;0,108910891089109;0,118811881188119
