0;256,455431422393;200,33740769664;0,99009900990099;1
1;258,454453811799;201,936106610248;0,99009900990099;1
2;259,780139272616;264,76824268942;0,99009900990099;1
3;262,962114580811;333,635980982009;0,99009900990099;1
4;262,288748373546;418,260646850759;0,99009900990099;1
5;257,995077241546;298,727650281783;0,99009900990099;1
6;259,62457813686;109,429182930103;0,99009900990099;1
7;259,207704838683;196,75521091398;0,99009900990099;1
8;255,579081825495;140,819810894553;0,99009900990099;1
9;258,222788830242;175,871561716138;0,99009900990099;1
10;260,392852036848;280,197966576741;0,99009900990099;1
11;256,55745865745;136,975551306876;0,99009900990099;1
12;261,323373952071;172,019693038191;0,99009900990099;1
13;262,4595874752;386,372787327598;0,99009900990099;1
14;258,587886017395;340,694433782097;0,99009900990099;1
15;263,207577998225;237,688916105549;0,99009900990099;1
16;262,082322623666;221,994943060838;0,99009900990099;1
17;259,421675601175;233,672541445382;0,99009900990099;1
18;260,146729911373;294,726732072475;0,99009900990099;1
19;263,847932467068;227,846517581907;0,99009900990099;1
20;257,745975370332;194,468819470454;0,99009900990099;1
21;262,549250388964;211,229600398722;0,99009900990099;1
22;264,715848106946;303,02488893521;0,99009900990099;1
23;260,845277900155;205,305700643285;0,99009900990099;1
24;266,314182815573;419,218908765729;0,99009900990099;1
25;264,319121097121;263,637987317074;0,99009900990099;1
26;263,160221109433;297,42483920509;0,99009900990099;1
27;257,499326773508;202,711235502604;0,99009900990099;1
28;260,381121000531;234,756789001209;0,99009900990099;1
29;260,182928735903;261,858844045777;0,99009900990099;1
30;260,231866703663;244,021704214568;0,99009900990099;1
31;262,78180657544;526,956581721958;0,99009900990099;1
32;257,694498682683;232,20677615374;0,99009900990099;1
33;255,762329787709;169,404208268131;0,99009900990099;1
34;256,112226595774;258,68599288181;0,99009900990099;1
35;263,119231500641;249,710061165054;0,99009900990099;1
36;260,095848758363;287,578797722933;0,99009900990099;1
37;257,51959585411;231,90501248613;0,99009900990099;1
38;258,644694533655;225,396821818005;0,99009900990099;1
39;260,274046973509;301,004236831488;0,99009900990099;1
40;263,339206996951;389,953741365783;0,99009900990099;1
41;260,33000804357;213,623501445145;0,99009900990099;1
42;257,30892354134;188,818489826627;0,99009900990099;1
43;261,051508021856;246,694149923758;0,99009900990099;1
44;262,615688537634;351,888576022798;0,99009900990099;1
45;259,504069201509;415,711927198434;0,99009900990099;1
46;259,871014119108;414,297331355706;0,99009900990099;1
47;256,070781287888;252,352170972128;0,99009900990099;1
48;259,144790728666;192,269269605217;0,99009900990099;1
49;258,287512082601;222,44221312833;0,99009900990099;1
50;262,475142312338;377,048097012734;0,99009900990099;1
51;256,733974562018;191,567439969394;0,99009900990099;1
52;259,640283978093;245,134971680483;0,99009900990099;1
53;263,63847380355;391,948699324455;0,99009900990099;1
54;257,583864587748;239,163843619374;0,99009900990099;1
55;256,799560035663;193,166353429058;0,99009900990099;1
56;260,526168608571;294,315382797858;0,99009900990099;1
57;260,669568250591;276,388012704753;0,99009900990099;1
58;261,417468214842;368,385212963932;0,99009900990099;1
59;261,453469221385;225,305499055821;0,99009900990099;1
60;255,827254524367;271,516006162981;0,99009900990099;1
61;257,883127475286;347,579694201384;0,99009900990099;1
62;257,237228366152;151,912218124262;0,99009900990099;1
63;256,163426061274;183,895342780903;0,99009900990099;1
64;258,965607021424;274,402089644973;0,99009900990099;1
65;260,463829221234;166,701573031875;0,99009900990099;1
66;268,243650256744;326,335774022458;0,99009900990099;1
67;258,09930513956;156,799448452206;0,99009900990099;1
68;255,439319478812;221,722534624308;0,99009900990099;1
69;259,027012178379;237,801370310879;0,99009900990099;1
70;257,107886892046;181,096918029292;0,99009900990099;1
71;259,371904247742;289,766691709685;0,99009900990099;1
72;263,596602248626;326,034414083704;0,99009900990099;1
73;257,632829263816;191,141157496355;0,99009900990099;1
74;263,008656616642;204,633147397873;0,99009900990099;1
75;257,172328853932;242,892287267983;0,99009900990099;1
76;258,303004519946;281,272558087529;0,99009900990099;1
77;255;193,946253912152;0,514851485148515;0,524752475247525
78;262,889722112967;386,532216321023;0,99009900990099;1
79;257,927302238298;225,297298232757;0,99009900990099;1
80;261,457718976963;143,323006539911;0,99009900990099;1
81;262,881365774269;346,49769019369;0,99009900990099;1
82;257,880233900515;264,657997178311;0,99009900990099;1
83;258,323445751142;263,632533180231;0,99009900990099;1
84;259,025770812887;219,476431242238;0,99009900990099;1
85;258,944389368009;176,154104823581;0,99009900990099;1
86;259,140470560805;184,96708117471;0,99009900990099;1
87;261,167147527691;299,380479406418;0,99009900990099;1
88;257,472489154311;326,997831871631;0,99009900990099;1
89;255,648562012367;124,886960359882;0,99009900990099;1
90;260,964771075698;160,301457409216;0,99009900990099;1
91;263,653884952868;342,753356382805;0,99009900990099;1
92;255,992848523796;206,227047219563;0,99009900990099;1
93;256,991776163986;245,105274422326;0,99009900990099;1
94;261,486810266946;307,42959496833;0,99009900990099;1
95;256,661456336692;151,609260375953;0,99009900990099;1
96;266,027115147413;467,143120710502;0,99009900990099;1
97;259,481429091636;235,827474691499;0,99009900990099;1
98;260,48700420198;255,477771404853;0,99009900990099;1
99;255,968958154662;167,020106280524;0,99009900990099;1
100;257,69876452983;224,249529226551;0,99009900990099;1
101;256,446458520084;254,241838546417;0,99009900990099;1
102;259,057176281077;219,40730515829;0,99009900990099;1
103;257,636294769135;229,583488132373;0,99009900990099;1
104;256,066137944388;202,481163269281;0,99009900990099;1
105;258,503861757012;201,223982102708;0,99009900990099;1
106;258,37300787248;172,934087378335;0,99009900990099;1
107;257,988029728177;281,562181687579;0,99009900990099;1
108;267,317083615312;489,266050953245;0,99009900990099;1
109;260,441173556993;221,063350647182;0,99009900990099;1
110;258,727014959286;219,361465224984;0,99009900990099;1
111;255,67424554981;189,294818560464;0,99009900990099;1
112;260,106806115351;254,882527712068;0,99009900990099;1
113;258,085036243892;207,334990763563;0,99009900990099;1
114;258,385214701107;281,467565260037;0,99009900990099;1
115;256,537206646989;194,466146037425;0,99009900990099;1
116;257,787317124093;204,237734108124;0,99009900990099;1
117;256,532554646666;150,957886843023;0,99009900990099;1
118;258,178293634126;193,937324864195;0,99009900990099;1
119;257,025405719291;241,924576790072;0,99009900990099;1
120;262,20303889032;331,062198895243;0,99009900990099;1
121;268,383151568051;287,750328048784;0,99009900990099;1
122;260,332105929175;136,491568304301;0,99009900990099;1
123;257,479601914709;327,878318860224;0,99009900990099;1
124;257,857558137707;211,734289000113;0,99009900990099;1
125;264,242273910383;300,161730375227;0,99009900990099;1
126;257,48296629079;207,761697380042;0,99009900990099;1
127;265,024731033808;323,068254484919;0,99009900990099;1
128;259,64960455652;449,212229211097;0,99009900990099;1
129;263,09662537856;388,400168266642;0,99009900990099;1
130;258,300597972026;241,872079038377;0,99009900990099;1
131;263,547981587215;414,557518746657;0,99009900990099;1
132;255;106,459695007206;0,475247524752475;0,485148514851485
133;257,810679554941;185,546496838782;0,99009900990099;1
134;258,658495095635;301,206924480121;0,99009900990099;1
135;257,411302766598;152,984454853577;0,99009900990099;1
136;260,954251618169;412,555001039535;0,99009900990099;1
137;258,455393242147;351,904027957603;0,99009900990099;1
138;262,130949623228;272,034398966846;0,99009900990099;1
139;256,718426332242;208,856492869226;0,99009900990099;1
140;256,402919756269;272,611677514325;0,99009900990099;1
141;258,761883783743;183,695681444639;0,99009900990099;1
142;260,123813087287;408,807202929035;0,99009900990099;1
143;262,720019721552;360,792396936097;0,99009900990099;1
144;268,438678104961;429,081275808164;0,99009900990099;1
145;264,576424186178;528,684206493708;0,99009900990099;1
146;255;148,719520881222;0,514851485148515;0,524752475247525
147;264,441812356555;228,282637477425;0,99009900990099;1
148;259,191935691904;294,5473689987;0,99009900990099;1
149;259,43470239115;196,619257289818;0,99009900990099;1
150;258,744401423747;252,651919459787;0,99009900990099;1
151;261,649034889164;228,721142668373;0,99009900990099;1
152;254,771138955586;198,580315613312;0,99009900990099;1
153;256,188165584171;324,992742494902;0,99009900990099;1
154;261,96592128611;180,202195580216;0,99009900990099;1
155;256,246063848536;206,768457861904;0,99009900990099;1
156;260,984459364314;490,885298351294;0,99009900990099;1
157;262,797428212891;438,304179097208;0,99009900990099;1
158;261,471994951607;333,09586233774;0,99009900990099;1
159;261,909705113368;408,413649692181;0,99009900990099;1
160;255,365065709531;152,966724034525;0,99009900990099;1
161;266,138380925137;297,216633036215;0,99009900990099;1
162;258,738411207676;153,583262121285;0,99009900990099;1
163;259,419424386841;318,392109888066;0,99009900990099;1
164;258,905240990482;253,901671212854;0,99009900990099;1
165;256,812658865068;177,568105089569;0,99009900990099;1
166;254,900645095572;151,665487550176;0,99009900990099;1
167;273,016553208417;422,302910419449;0,99009900990099;1
168;259,002744286504;272,380185210259;0,99009900990099;1
169;260,386317703808;225,264603073353;0,99009900990099;1
170;267,108703042358;492,241617517377;0,99009900990099;1
171;258,097288348878;237,128163807424;0,99009900990099;1
172;256,363979112919;330,252081706489;0,99009900990099;1
173;261,216107102932;296,688176268129;0,99009900990099;1
174;260,993863439045;274,080838075628;0,99009900990099;1
175;261,948177786136;293,933003341879;0,99009900990099;1
176;258,022329954903;303,249401619635;0,99009900990099;1
177;265,385822391779;307,435137181406;0,99009900990099;1
178;262,679143769391;251,592251014333;0,99009900990099;1
179;257,335227692565;157,92150996658;0,99009900990099;1
180;257,320268439515;340,283257213037;0,99009900990099;1
181;262,738369357783;466,573328505339;0,99009900990099;1
182;258,011283029054;414,58059854675;0,99009900990099;1
183;258,490258912198;180,330690658078;0,99009900990099;1
184;260,372954539463;268,967583002135;0,99009900990099;1
185;256,250169148981;297,103472550504;0,99009900990099;1
186;255,299596436905;382,810773812559;0,99009900990099;1
187;265,871915675396;334,033152690514;0,99009900990099;1
188;258,260440325765;235,702039808767;0,99009900990099;1
189;254,941547607453;217,071742369163;0,99009900990099;1
190;257,76692495729;248,885853191827;0,99009900990099;1
191;257,250195461053;228,78622378265;0,99009900990099;1
192;260,960142551324;242,666900609304;0,99009900990099;1
193;259,446036829327;191,061687801826;0,99009900990099;1
194;260,372025034849;258,588629467712;0,99009900990099;1
195;259,028145773396;196,884878911601;0,99009900990099;1
196;260,217400543731;320,440363371119;0,99009900990099;1
197;258,233981510148;366,548971563153;0,99009900990099;1
198;259,121596580534;284,062196213088;0,99009900990099;1
199;256,372706335593;189,171098659326;0,99009900990099;1
200;258,525890668461;273,080529915141;0,99009900990099;1
201;255;186,332254466075;0,514851485148515;0,524752475247525
202;257,070382228677;161,910942021077;0,99009900990099;1
203;259,468754971481;359,596653777567;0,99009900990099;1
204;258,207646679545;191,302441549057;0,99009900990099;1
205;256,953514714959;204,370488040628;0,99009900990099;1
206;258,210502863367;230,144082561535;0,99009900990099;1
207;268,194624714798;347,868710081495;0,99009900990099;1
208;257,673374504109;318,638862348678;0,99009900990099;1
209;261,357290933981;195,924132096769;0,99009900990099;1
210;260,398504672345;341,067919962225;0,99009900990099;1
211;258,42056036969;317,827691808111;0,99009900990099;1
212;255,810848480007;275,210871570677;0,99009900990099;1
213;261,124799627004;453,496859813824;0,99009900990099;1
214;255,422776645239;295,495913310306;0,99009900990099;1
215;258,705575631589;232,135007544332;0,99009900990099;1
216;255,853303268896;175,286810007168;0,99009900990099;1
217;256,060494257411;287,486236512567;0,99009900990099;1
218;264,344252741623;425,762004593799;0,99009900990099;1
219;261,413548508273;280,700743993047;0,99009900990099;1
220;258,12876921108;251,753790796471;0,99009900990099;1
221;259,018131507108;223,248005619064;0,99009900990099;1
222;265,17410810873;335,691421470489;0,99009900990099;1
223;257,347036583784;140,260233393646;0,99009900990099;1
224;260,777878286649;229,638051397289;0,99009900990099;1
225;256,243729937653;257,342392614985;0,99009900990099;1
226;257,578613919758;270,967966472748;0,99009900990099;1
227;262,544222886175;269,315353155115;0,99009900990099;1
228;257,101239133544;217,044482380053;0,99009900990099;1
229;256,92934132557;201,620601160727;0,99009900990099;1
230;258,598758811012;195,905947719993;0,99009900990099;1
231;257,254326867596;226,190995246175;0,99009900990099;1
232;262,566828721357;265,154599221668;0,99009900990099;1
233;256,186366802905;191,100776491438;0,99009900990099;1
234;257,804157378707;210,678454380505;0,99009900990099;1
235;257,95756594468;140,445636113687;0,99009900990099;1
236;254,31689326279;290,707899081188;0,99009900990099;1
237;257,351852064582;207,592451868324;0,99009900990099;1
238;262,492813088863;313,455093635218;0,99009900990099;1
239;261,707002453471;280,185788341102;0,99009900990099;1
240;261,889434116371;179,303525505566;0,99009900990099;1
241;258,962631566655;184,437376846002;0,99009900990099;1
242;260,974587604617;300,583474892731;0,99009900990099;1
243;266,15207245826;369,933414444062;0,99009900990099;1
244;258,923458302985;222,260264466357;0,99009900990099;1
245;255;181,02966807792;0,514851485148515;0,524752475247525
246;259,900052555616;455,147508134005;0,99009900990099;1
247;259,141387602633;323,018416852065;0,99009900990099;1
248;258,278177265334;214,510106071454;0,99009900990099;1
249;256,164945863336;377,666433865134;0,99009900990099;1
250;263,844315397038;288,584697334849;0,99009900990099;1
251;258,860194148706;279,889136661562;0,99009900990099;1
252;255,928650816231;174,324852750993;0,99009900990099;1
253;255;162,689021288685;0,514851485148515;0,524752475247525
254;264,833175811291;341,334364350875;0,99009900990099;1
255;268,670127920113;318,943921909336;0,99009900990099;1
256;257,195279910678;236,688474972087;0,99009900990099;1
257;265,576249832741;584,915705476873;0,99009900990099;1
258;260,138188779172;278,609854779748;0,99009900990099;1
259;269,012173346324;307,329201368147;0,99009900990099;1
260;258,54459448844;222,663303190032;0,99009900990099;1
261;256,460737547937;203,786374765597;0,99009900990099;1
262;256,177265307046;321,102237420613;0,99009900990099;1
263;259,464937484321;266,102533943868;0,99009900990099;1
264;261,52852291123;324,463359089756;0,99009900990099;1
265;264,5188684406;371,998184872386;0,99009900990099;1
266;255,623908523179;140,354425367556;0,99009900990099;1
267;262,51366910682;374,932657435697;0,99009900990099;1
268;254,323662404724;176,606076777298;0,99009900990099;1
269;262,291331047737;148,974965217419;0,99009900990099;1
270;255,248987795695;152,616958687929;0,99009900990099;1
271;258,343251123909;237,498283977315;0,99009900990099;1
272;259,050649330932;210,486345067871;0,99009900990099;1
273;256,922603384816;151,062783988549;0,99009900990099;1
274;258,686615430417;285,939437323348;0,99009900990099;1
275;262,491031058386;197,451519337584;0,99009900990099;1
276;260,907144903258;328,181394857598;0,99009900990099;1
277;265,955544832683;385,69834420855;0,99009900990099;1
278;259,678125274689;263,670401881145;0,99009900990099;1
279;261,889322617415;363,052532397735;0,99009900990099;1
280;258,086539338863;366,040200585105;0,99009900990099;1
281;254,350169992432;183,985929879048;0,99009900990099;1
282;260,064409729239;280,083780141421;0,99009900990099;1
283;259,529071893376;165,68081855309;0,99009900990099;1
284;259,666042758294;168,742626916151;0,99009900990099;1
285;255,80374425458;185,604082054553;0,99009900990099;1
286;263,962386651666;309,707504463637;0,99009900990099;1
287;258,288469120487;408,611870315046;0,99009900990099;1
288;261,761363932934;197,68306071688;0,99009900990099;1
289;256,394491561499;276,325846857005;0,99009900990099;1
290;258,85991015107;248,924046307421;0,99009900990099;1
291;255,967495836122;253,329089883985;0,99009900990099;1
292;258,529238017848;212,066296550696;0,99009900990099;1
293;256,852333997062;277,795114425188;0,99009900990099;1
294;255;179,491676387109;0,514851485148515;0,524752475247525
295;260,173752503679;264,10378013705;0,99009900990099;1
296;258,418683646367;193,181306641654;0,99009900990099;1
297;260,940478338304;357,29618376632;0,99009900990099;1
298;260,421071965615;244,641978253509;0,99009900990099;1
299;258,033578164144;214,008609874833;0,99009900990099;1
300;258,935171021839;246,139444902653;0,99009900990099;1
301;256,449446112027;279,341936291453;0,99009900990099;1
302;257,324940450264;301,958544673032;0,99009900990099;1
303;263,935009756132;238,440204855472;0,99009900990099;1
304;256,121803264353;333,928148466939;0,99009900990099;1
305;261,472324629881;212,995956001552;0,99009900990099;1
306;262,202551108015;316,114670152055;0,99009900990099;1
307;256,270071978922;301,016225614419;0,99009900990099;1
308;259,228580684625;219,152752637188;0,99009900990099;1
309;263,798203189544;198,315718858428;0,99009900990099;1
310;255,525366914503;161,118168613355;0,99009900990099;1
311;263,292993232535;266,118774787164;0,99009900990099;1
312;259,199425319449;161,451275246952;0,99009900990099;1
313;261,814414623495;299,057653316533;0,99009900990099;1
314;260,39513832361;375,133661064011;0,99009900990099;1
315;259,616320876992;166,272301123453;0,99009900990099;1
316;260,955700956719;363,591842871798;0,99009900990099;1
317;265,01709863604;406,528614333658;0,99009900990099;1
318;263,101571715925;205,786562602601;0,99009900990099;1
319;263,49976782431;355,192381465381;0,99009900990099;1
320;257,999943639907;331,330289296145;0,99009900990099;1
321;256,474799228322;179,809466087578;0,99009900990099;1
322;261,358068413654;255,009857091684;0,99009900990099;1
323;265,046996357334;324,302073211847;0,99009900990099;1
324;260,204207445809;253,620629514565;0,99009900990099;1
325;258,847265820405;262,083309316746;0,99009900990099;1
326;261,371110980953;180,186015959419;0,99009900990099;1
327;259,694788383807;331,343507055919;0,99009900990099;1
328;260,04773291775;220,154201521194;0,99009900990099;1
329;268,923015719898;410,047474914354;0,99009900990099;1
330;260,211993073671;231,657821752108;0,99009900990099;1
331;261,586762962078;290,677846509927;0,99009900990099;1
332;261,860726893786;188,378671281863;0,99009900990099;1
333;261,665205771636;283,464690819864;0,99009900990099;1
334;256,18029882897;233,719407665189;0,99009900990099;1
335;259,099739028807;214,765051923937;0,99009900990099;1
336;256,614216226388;117,219423253681;0,99009900990099;1
337;257,341336857309;200,280293522422;0,99009900990099;1
338;258,262872646097;274,449098229336;0,99009900990099;1
339;264,398198728414;307,773468635853;0,99009900990099;1
340;255,800688621179;392,871852137388;0,99009900990099;1
341;264,395688202031;441,757895174011;0,99009900990099;1
342;259,241149440381;221,810939284894;0,99009900990099;1
343;258,721561263726;229,539042719927;0,99009900990099;1
344;256,010445566532;193,914928578638;0,99009900990099;1
345;262,828559706925;270,508082649356;0,99009900990099;1
346;259,306400970367;214,793953072773;0,99009900990099;1
347;263,169800824023;327,844543544665;0,99009900990099;1
348;259,857207828282;223,884325224252;0,99009900990099;1
349;255,428031329568;283,749374781421;0,99009900990099;1
350;255,177626584332;347,942507788176;0,99009900990099;1
351;259,26522652305;228,23386545818;0,99009900990099;1
352;259,295422537433;244,763483132774;0,99009900990099;1
353;261,98564405844;307,798504028124;0,99009900990099;1
354;257,865101201554;445,6669143012;0,99009900990099;1
355;256,852046404601;242,147597815943;0,99009900990099;1
356;256,479080293266;158,152367723954;0,99009900990099;1
357;270,439047041684;530,327188993764;0,99009900990099;1
358;259,320918010283;287,22678188309;0,99009900990099;1
359;263,299775239198;273,191337355379;0,99009900990099;1
360;259,092492513972;235,254660517867;0,99009900990099;1
361;254,944271199746;195,839943608636;0,99009900990099;1
362;261,3341770194;246,990225152103;0,99009900990099;1
363;262,251387854707;352,12665886251;0,99009900990099;1
364;256,669019509861;222,543598301111;0,99009900990099;1
365;260,660464103298;248,195088920362;0,99009900990099;1
366;256,663861079455;168,963633300064;0,99009900990099;1
367;259,372171702195;210,20115383252;0,99009900990099;1
368;254,779059149941;111,715436448844;0,99009900990099;1
369;257,807525138463;215,839501453429;0,99009900990099;1
370;259,057667589568;394,789009066267;0,99009900990099;1
371;257,092604124228;267,676663551759;0,99009900990099;1
372;263,443220768191;252,902795774379;0,99009900990099;1
373;260,081135062974;222,232060352617;0,99009900990099;1
374;257,300668283455;308,720829588321;0,99009900990099;1
375;257,722239396868;140,951361371754;0,99009900990099;1
376;263,832262550319;397,26072171268;0,99009900990099;1
377;257,490865219588;181,779070952364;0,99009900990099;1
378;262,799182266071;356,766564170591;0,99009900990099;1
379;253,829767892843;207,341867425896;0,99009900990099;1
380;257,489289038614;360,935789902072;0,99009900990099;1
381;259,75854936152;233,714012043057;0,99009900990099;1
382;256,023502986343;209,167144115973;0,99009900990099;1
383;263,010307073869;306,697637966908;0,99009900990099;1
384;254,870187643922;178,151855326118;0,99009900990099;1
385;258,412531509517;250,987965032402;0,99009900990099;1
386;255;129,279296973213;0,475247524752475;0,485148514851485
387;260,988796626814;377,740804887409;0,99009900990099;1
388;257,136301634759;163,98682336846;0,99009900990099;1
389;256,814956137;285,443476736469;0,99009900990099;1
390;256,842082453217;257,49260110956;0,99009900990099;1
391;256,781245831904;181,410632074608;0,99009900990099;1
392;259,826478837833;256,847701159177;0,99009900990099;1
393;257,619581612572;275,289488245667;0,99009900990099;1
394;262,520820155248;219,315817757517;0,99009900990099;1
395;260,941141800814;195,994567029354;0,99009900990099;1
396;261,255080392868;282,100615007096;0,99009900990099;1
397;262,265248146986;358,555536064971;0,99009900990099;1
398;258,894722889487;268,529508526759;0,99009900990099;1
399;260,987290878903;368,466604650381;0,99009900990099;1
400;265,529516771255;297,186413106492;0,99009900990099;1
401;256,592511010731;251,609278364915;0,99009900990099;1
402;256,742182982189;246,054726196262;0,99009900990099;1
403;256,624218707245;189,171137680256;0,99009900990099;1
404;263,273818676765;602,123690705276;0,99009900990099;1
405;264,297851718252;473,814925690118;0,99009900990099;1
406;258,413604266807;330,454558679412;0,99009900990099;1
407;263,189955469032;393,466155785434;0,99009900990099;1
408;263,688884759175;282,987865386505;0,99009900990099;1
409;257,410092234076;180,191667141444;0,99009900990099;1
410;258,464111362254;174,439018386254;0,99009900990099;1
411;256,166994408092;197,5389130819;0,99009900990099;1
412;257,383539775798;264,905093221172;0,99009900990099;1
413;264,429024151975;328,270940871508;0,99009900990099;1
414;257,061387607675;209,282364702718;0,99009900990099;1
415;267,507178303264;352,55352696531;0,99009900990099;1
416;256,739248335487;188,875527643819;0,99009900990099;1
417;260,937663219716;203,377116742298;0,99009900990099;1
418;260,223456770113;218,184205356889;0,99009900990099;1
419;257,796523046212;321,326215981183;0,99009900990099;1
420;259,139405732669;324,88543828696;0,99009900990099;1
421;258,593652574441;176,826474891167;0,99009900990099;1
422;258,479326643418;402,758050474151;0,99009900990099;1
423;261,203630204663;504,479082444807;0,99009900990099;1
424;256,955847822837;221,811087545849;0,99009900990099;1
425;263,751123174098;564,27987672016;0,99009900990099;1
426;263,589873133746;239,159208855486;0,99009900990099;1
427;257,263902801275;215,367562805807;0,99009900990099;1
428;260,021719057999;265,697967482005;0,99009900990099;1
429;255,134133182051;224,620790443924;0,99009900990099;1
430;267,084895500336;204,334833153129;0,99009900990099;1
431;260,483877136954;263,099918370722;0,99009900990099;1
432;255,164134858703;211,862046302354;0,99009900990099;1
433;254,367134671454;203,853183143425;0,99009900990099;1
434;261,711189209884;291,251967149826;0,99009900990099;1
435;257,236125215841;246,249175082803;0,99009900990099;1
436;263,463265586728;309,538263009055;0,99009900990099;1
437;267,076534314576;291,56551256652;0,99009900990099;1
438;260,817363615453;415,020936249502;0,99009900990099;1
439;254,951592959489;391,167024604207;0,99009900990099;1
440;261,391099522798;365,726743026382;0,99009900990099;1
441;255;205,367842774036;0,514851485148515;0,524752475247525
442;260,142930069726;415,908870918377;0,99009900990099;1
443;257,503232525129;241,888048383052;0,99009900990099;1
444;256,726656273721;145,255380104588;0,99009900990099;1
445;256,79648286162;335,213543883365;0,99009900990099;1
446;259,865394542086;239,672199668023;0,99009900990099;1
447;263,912464154521;441,144916358679;0,99009900990099;1
448;257,04068894095;301,150089483073;0,99009900990099;1
449;257,721979793246;169,650577030683;0,99009900990099;1
450;257,842886559718;264,199575727953;0,99009900990099;1
451;256,593305418803;225,870274724019;0,99009900990099;1
452;256,402176270517;223,005742958619;0,99009900990099;1
453;262,947832075441;331,813844175509;0,99009900990099;1
454;256,441299554814;210,673929387639;0,99009900990099;1
455;257,183798535931;272,795013020297;0,99009900990099;1
456;255,916335262416;292,553456715645;0,99009900990099;1
457;260,868243079081;301,36439087199;0,99009900990099;1
458;259,387963048589;253,336277330081;0,99009900990099;1
459;255,666153710647;323,041754029427;0,99009900990099;1
460;258,852265715976;267,852637419979;0,99009900990099;1
461;266,882257679282;488,768644683076;0,99009900990099;1
462;265,273611690468;234,069791186339;0,99009900990099;1
463;265,112845373104;311,353269543419;0,99009900990099;1
464;257,788963016197;165,00484056613;0,99009900990099;1
465;260,4601236292;240,797112652778;0,99009900990099;1
466;258,743358576818;150,628117061686;0,99009900990099;1
467;260,784451244943;247,283278284916;0,99009900990099;1
468;258,048111056779;167,780102348668;0,99009900990099;1
469;257,584066686619;385,32271157381;0,99009900990099;1
470;255,707818811839;247,421708940369;0,99009900990099;1
471;260,446225521986;285,015239355031;0,99009900990099;1
472;255,677957047918;209,118034116212;0,99009900990099;1
473;258,063935310997;213,331419728621;0,99009900990099;1
474;255,127851927156;156,309315206489;0,99009900990099;1
475;261,884018195785;248,434722457984;0,99009900990099;1
476;259,042240380815;387,811583248599;0,99009900990099;1
477;262,270345815627;307,886298811843;0,99009900990099;1
478;258,424147031002;146,198608337451;0,99009900990099;1
479;263,574129858446;306,891606855387;0,99009900990099;1
480;256,964018344108;180,945517013351;0,99009900990099;1
481;255,988122322385;198,478356529815;0,99009900990099;1
482;255,493521363276;326,139860333811;0,99009900990099;1
483;259,772589432106;415,238840066755;0,99009900990099;1
484;268,577205049187;459,676067963656;0,99009900990099;1
485;263,201289235941;297,597162355786;0,99009900990099;1
486;257,266302933442;138,94632610296;0,99009900990099;1
487;261,875743362221;402,368710538333;0,99009900990099;1
488;258,391971005279;288,144494004883;0,99009900990099;1
489;262,294238993002;254,08999505899;0,99009900990099;1
490;257,708303824304;222,550352594505;0,99009900990099;1
491;261,065582222784;218,391250062321;0,99009900990099;1
492;255,598015143679;387,582286971372;0,99009900990099;1
493;259,04249076642;181,214136850142;0,99009900990099;1
494;256,182873005105;173,416393456749;0,99009900990099;1
495;266,446032417681;402,368680733937;0,99009900990099;1
496;255;130,134582100804;0,514851485148515;0,524752475247525
497;263,845297394662;326,349368819872;0,99009900990099;1
498;257,246125648299;189,662195967104;0,99009900990099;1
499;255,912088828201;194,35358332446;0,99009900990099;1
500;256,449231068492;196,859505614162;0,99009900990099;1
501;256,649165268816;262,791881046099;0,99009900990099;1
502;257,182217517866;177,096755391505;0,99009900990099;1
503;256,712124321366;284,959618174242;0,99009900990099;1
504;258,571244145653;223,611106094079;0,99009900990099;1
505;256,891325697384;257,837942141912;0,99009900990099;1
506;261,582335795697;260,348491561159;0,99009900990099;1
507;259,803108638458;295,111287115887;0,99009900990099;1
508;255,983312887383;195,307903508881;0,99009900990099;1
509;258,419643949735;339,146150274871;0,99009900990099;1
510;263,816769195374;373,408310720512;0,99009900990099;1
511;260,074548633769;140,427757461245;0,99009900990099;1
512;258,825679018559;213,662525341125;0,99009900990099;1
513;258,645637231185;236,482482946345;0,99009900990099;1
514;257,567452067543;203,95303342448;0,99009900990099;1
515;261,103303182443;466,303833509499;0,99009900990099;1
516;260,677684793995;301,052889947;0,99009900990099;1
517;256,94199675278;255,11261437681;0,99009900990099;1
518;259,094198436388;370,14035644424;0,99009900990099;1
519;260,777398595017;302,49777567848;0,99009900990099;1
520;261,393484959829;217,088350680923;0,99009900990099;1
521;258,482712291097;205,754531747081;0,99009900990099;1
522;255,54630861287;255,975786936287;0,99009900990099;1
523;257,809110463827;289,43136621415;0,99009900990099;1
524;258,747717790443;304,708362335207;0,99009900990099;1
525;256,605446197074;210,52661823476;0,99009900990099;1
526;256,324217764008;333,021124319428;0,99009900990099;1
527;255,807195051856;239,783907637581;0,99009900990099;1
528;259,503182144939;371,473192029001;0,99009900990099;1
529;261,163527592055;296,385216221675;0,99009900990099;1
530;265,723580776006;263,837247202504;0,99009900990099;1
531;260,582108703706;237,240783244582;0,99009900990099;1
532;259,037834851051;313,571772663126;0,99009900990099;1
533;257,418728489302;177,840801033259;0,99009900990099;1
534;257,427234171755;321,62421313237;0,99009900990099;1
535;257,847223920843;167,476163924815;0,99009900990099;1
536;260,582625992323;202,756110222269;0,99009900990099;1
537;266,176267967292;254,875572197703;0,99009900990099;1
538;257,488923866849;369,913862255702;0,99009900990099;1
539;259,858619926634;224,366356300151;0,99009900990099;1
540;255,684995465535;350,159934091314;0,99009900990099;1
541;264,522598876508;283,807328550743;0,99009900990099;1
542;260,076595700851;308,202879766539;0,99009900990099;1
543;263,267697853803;633,124170324377;0,99009900990099;1
544;258,663824639832;256,259964781247;0,99009900990099;1
545;265,347760078324;239,563825190654;0,99009900990099;1
546;258,557104603712;349,767068692652;0,99009900990099;1
547;256,92579185721;160,795926059747;0,99009900990099;1
548;259,571804139379;204,182399127421;0,99009900990099;1
549;257,050220116121;182,787411787709;0,99009900990099;1
550;260,142599118716;391,120423412453;0,99009900990099;1
551;259,519649389016;272,852805380459;0,99009900990099;1
552;264,650660886845;286,112501206335;0,99009900990099;1
553;257,646096367892;294,846795601262;0,99009900990099;1
554;257,786974996642;279,239744112103;0,99009900990099;1
555;257,534490836215;251,547558850425;0,99009900990099;1
556;261,714958754659;393,167660527112;0,99009900990099;1
557;257,856952305801;240,76749240776;0,99009900990099;1
558;260,638069749683;502,501037145607;0,99009900990099;1
559;263,174340849589;406,318146358198;0,99009900990099;1
560;266,627068284367;424,085940424911;0,99009900990099;1
561;255,11814186557;221,845049678009;0,99009900990099;1
562;255,009975700102;205,908231813432;0,99009900990099;1
563;257,429287270088;168,775875501083;0,99009900990099;1
564;260,008424117433;340,373135106692;0,99009900990099;1
565;260,24131940825;262,318489151479;0,99009900990099;1
566;261,693688786552;253,745004720775;0,99009900990099;1
567;258,693234646674;276,622148167425;0,99009900990099;1
568;263,688596972871;347,796068803064;0,99009900990099;1
569;258,366784540163;252,557092483999;0,99009900990099;1
570;259,322141008362;205,041841103886;0,99009900990099;1
571;257,44808946153;431,629482992321;0,99009900990099;1
572;256,92341878808;245,972672706149;0,99009900990099;1
573;260,500331344783;350,443035553471;0,99009900990099;1
574;255,489096210032;249,023902569274;0,99009900990099;1
575;258,322594001078;327,639718559118;0,99009900990099;1
576;258,525686610876;215,310565461303;0,99009900990099;1
577;262,548190335597;329,324152971544;0,99009900990099;1
578;262,481499075722;237,496950969598;0,99009900990099;1
579;258,969760459845;198,108567330794;0,99009900990099;1
580;258,149308159089;197,734546642228;0,99009900990099;1
581;257,515240646149;378,358598656238;0,99009900990099;1
582;258,463548174885;223,241149974543;0,99009900990099;1
583;255,873396078751;208,032503668652;0,99009900990099;1
584;262,137501434403;301,089290663592;0,99009900990099;1
585;259,161332183936;281,428508409512;0,99009900990099;1
586;264,70939985697;217,729179391917;0,99009900990099;1
587;259,360228091822;305,399192936732;0,99009900990099;1
588;256,876146778653;241,806489947296;0,99009900990099;1
589;262,346541964105;342,859250130343;0,99009900990099;1
590;265,009486061578;330,482706017389;0,99009900990099;1
591;260,607422557574;228,200526894645;0,99009900990099;1
592;261,557142650522;333,411945148602;0,99009900990099;1
593;259,676881718863;211,737035997685;0,99009900990099;1
594;258,627611423409;224,800422681231;0,99009900990099;1
595;255,86675319636;156,163823646286;0,99009900990099;1
596;257,847648101335;230,168493658679;0,99009900990099;1
597;255;140,799485056607;0,514851485148515;0,524752475247525
598;257,814242079238;223,883836350317;0,99009900990099;1
599;256,650210421886;296,655081207202;0,99009900990099;1
600;264,24261920256;342,061893973036;0,99009900990099;1
601;258,65562331825;244,832372181879;0,99009900990099;1
602;259,429616036325;256,173556081212;0,99009900990099;1
603;256,452337706616;178,504646645293;0,99009900990099;1
604;259,489948052808;195,914338806985;0,99009900990099;1
605;254,924180068263;214,965166767908;0,99009900990099;1
606;266,658734230894;244,886146117063;0,99009900990099;1
607;259,462744716281;198,370274658093;0,99009900990099;1
608;265,571655914404;478,180279485318;0,99009900990099;1
609;264,084068621579;411,204078296854;0,99009900990099;1
610;259,312809894542;343,109309328138;0,99009900990099;1
611;258,993428493041;288,363792702166;0,99009900990099;1
612;258,35861860406;260,140147997644;0,99009900990099;1
613;257,744959346822;349,968180521243;0,99009900990099;1
614;258,848426621367;345,536828597185;0,99009900990099;1
615;258,600692205905;343,681264969482;0,99009900990099;1
616;258,610658601567;156,358111636983;0,99009900990099;1
617;255,961684447406;247,124226681817;0,99009900990099;1
618;259,513594160183;274,311817213738;0,99009900990099;1
619;264,58932384294;310,570947018986;0,99009900990099;1
620;262,658438470817;362,524766557727;0,99009900990099;1
621;259,927022413042;181,389673460464;0,99009900990099;1
622;259,577606764034;255,282524991199;0,99009900990099;1
623;257,899787595444;291,18295811408;0,99009900990099;1
624;257,000012492945;241,059219262632;0,99009900990099;1
625;255,80324994242;144,065203966687;0,99009900990099;1
626;260,744964484384;337,440235262345;0,99009900990099;1
627;261,51889529431;389,592446863375;0,99009900990099;1
628;259,166679731511;176,713597666997;0,99009900990099;1
629;258,509861389489;304,801106088476;0,99009900990099;1
630;263,727096399489;394,504822593234;0,99009900990099;1
631;261,201538393768;334,976369848474;0,99009900990099;1
632;258,264647019173;285,049502000525;0,99009900990099;1
633;257,959310140076;184,845478467017;0,99009900990099;1
634;260,90291446739;567,677404481725;0,99009900990099;1
635;261,597556959227;460,533001233393;0,99009900990099;1
636;256,976997558536;243,110816522869;0,99009900990099;1
637;265,388053139474;261,926136663293;0,99009900990099;1
638;260,135597910402;217,032267306487;0,99009900990099;1
639;258,832752908663;264,409822231455;0,99009900990099;1
640;263,912496493345;299,525177108834;0,99009900990099;1
641;261,238679901583;399,982150003726;0,99009900990099;1
642;264,781265056928;350,625423925253;0,99009900990099;1
643;261,492855155664;276,246537898242;0,99009900990099;1
644;260,303331551142;301,706766495422;0,99009900990099;1
645;262,234083031224;265,95495726217;0,99009900990099;1
646;258,648777296807;222,568778294497;0,99009900990099;1
647;259,530733202106;281,324558267276;0,99009900990099;1
648;259,790119036978;213,606727223347;0,99009900990099;1
649;267,716713860525;373,744558164525;0,99009900990099;1
650;258,144354994118;226,934825453664;0,99009900990099;1
651;268,559416143867;417,300800792435;0,99009900990099;1
652;263,402155648357;402,761797881155;0,99009900990099;1
653;263,101439367306;263,487866002524;0,99009900990099;1
654;259,765583013163;293,003930111795;0,99009900990099;1
655;259,558598104562;242,673380043892;0,99009900990099;1
656;259,49955177902;452,769826530654;0,99009900990099;1
657;261,976209475039;293,857675217389;0,99009900990099;1
658;255,577639878003;215,222691051106;0,99009900990099;1
659;261,918701814591;323,315871885582;0,99009900990099;1
660;264,030500028613;345,665370157903;0,99009900990099;1
661;259,051291088186;425,720738931727;0,99009900990099;1
662;259,859568892603;222,106687897299;0,99009900990099;1
663;254,58154783545;154,563008215619;0,99009900990099;1
664;255,738285435569;246,639808529918;0,99009900990099;1
665;261,573273577587;244,221438814081;0,99009900990099;1
666;265,686455155694;316,984021409934;0,99009900990099;1
667;256,938481732341;226,477113097351;0,99009900990099;1
668;260,829812547769;258,271449003939;0,99009900990099;1
669;257,280482689137;248,415601443523;0,99009900990099;1
670;256,917637614051;371,636387401769;0,99009900990099;1
671;263,137549572554;273,559366937118;0,99009900990099;1
672;257,497032904384;164,340633604499;0,99009900990099;1
673;255,417132332375;226,289322641923;0,99009900990099;1
674;256,401700020184;176,904825968934;0,99009900990099;1
675;273,963524044895;448,835355092774;0,99009900990099;1
676;261,614818091742;210,081654590675;0,99009900990099;1
677;257,983814278916;177,391600994862;0,99009900990099;1
678;256,569349157501;196,134537490052;0,99009900990099;1
679;260,806034608264;198,220960788423;0,99009900990099;1
680;255,61957521304;294,387267586215;0,99009900990099;1
681;256,176054192827;259,352785388631;0,99009900990099;1
682;259,206720864956;379,884629410645;0,99009900990099;1
683;258,00257945142;371,947263979865;0,99009900990099;1
684;259,719621988853;249,169166827273;0,99009900990099;1
685;262,961870544576;419,929453169843;0,99009900990099;1
686;258,706122162223;211,689573098998;0,99009900990099;1
687;260,924914072893;263,269613993241;0,99009900990099;1
688;262,772039244349;269,622403438432;0,99009900990099;1
689;260,490450987495;168,814388842359;0,99009900990099;1
690;260,935939123193;300,772700103625;0,99009900990099;1
691;261,166605374692;229,99523708959;0,99009900990099;1
692;257,474185700168;246,106129074837;0,99009900990099;1
693;257,362772406049;128,407616801944;0,99009900990099;1
694;254,917534260932;229,878244545634;0,99009900990099;1
695;255,358722023319;269,785895259414;0,99009900990099;1
696;256,617450650047;277,822309812818;0,99009900990099;1
697;256,657059831717;259,869984967075;0,99009900990099;1
698;263,305499285132;376,054506292515;0,99009900990099;1
699;258,645756279136;238,02645809685;0,99009900990099;1
700;260,43295176116;258,346540475528;0,99009900990099;1
701;259,096315155393;348,500527537125;0,99009900990099;1
702;262,013174784961;306,076581866086;0,99009900990099;1
703;257,481174055455;188,526817963284;0,99009900990099;1
704;259,082606230297;290,153728728855;0,99009900990099;1
705;258,766813351445;251,586236516415;0,99009900990099;1
706;262,808424056304;371,380463311641;0,99009900990099;1
707;261,493434588432;286,837766448856;0,99009900990099;1
708;263,688974889398;520,555841032714;0,99009900990099;1
709;258,24588190637;265,412623462187;0,99009900990099;1
710;267,63462894775;465,690528337409;0,99009900990099;1
711;257,678605996055;244,884203606662;0,99009900990099;1
712;258,777092498059;249,425937125146;0,99009900990099;1
713;253,3065390101;184,606558614281;0,99009900990099;1
714;258,071315294039;240,618490148255;0,99009900990099;1
715;257,291806182799;160,294046941537;0,99009900990099;1
716;255,357734046322;208,786519255694;0,99009900990099;1
717;259,146308924292;253,593748085506;0,99009900990099;1
718;260,079901425384;191,279562433579;0,99009900990099;1
719;256,494498065233;210,244490004416;0,99009900990099;1
720;255,973722156208;154,805760263284;0,99009900990099;1
721;260,732601878108;292,641620203582;0,99009900990099;1
722;263,30496301192;230,670849286729;0,99009900990099;1
723;262,823436739061;437,524129337122;0,99009900990099;1
724;257,507837874482;198,746406999732;0,99009900990099;1
725;256,52994916483;153,870722957975;0,99009900990099;1
726;256,839168741827;216,106244977495;0,99009900990099;1
727;259,709355173624;249,583162166189;0,99009900990099;1
728;263,312455297084;304,912856784587;0,99009900990099;1
729;258,500057276261;262,950999265159;0,99009900990099;1
730;254,062599030396;239,484560306852;0,99009900990099;1
731;257,0237971072;184,893847277813;0,99009900990099;1
732;261,325593316574;281,499841472985;0,99009900990099;1
733;260,733245473969;246,281235493525;0,99009900990099;1
734;262,576612957271;295,329727831257;0,99009900990099;1
735;255;215,609501980194;0,514851485148515;0,524752475247525
736;259,966642202532;223,757566129865;0,99009900990099;1
737;263,360059186193;317,25181389822;0,99009900990099;1
738;269,190403517386;489,542771863022;0,99009900990099;1
739;258,311436087591;270,11705828391;0,99009900990099;1
740;258,968806586568;486,226027244896;0,99009900990099;1
741;258,395104591427;323,241345746428;0,99009900990099;1
742;259,99473455807;301,352926500237;0,99009900990099;1
743;261,8130957892;306,156634194256;0,99009900990099;1
744;256,817593136286;222,72788101159;0,99009900990099;1
745;261,21236082385;237,799411185593;0,99009900990099;1
746;263,398908791549;227,49290111134;0,99009900990099;1
747;257,877718721712;144,70088292606;0,99009900990099;1
748;266,885225956409;421,695903074086;0,99009900990099;1
749;257,628479268658;199,703264694396;0,99009900990099;1
750;255,44820439903;165,76100249033;0,99009900990099;1
751;256,209086254979;311,426291314989;0,99009900990099;1
752;259,857711425447;184,672537550622;0,99009900990099;1
753;266,675090300231;300,655632566609;0,99009900990099;1
754;256,369760682136;181,066920548972;0,99009900990099;1
755;257,311693914697;257,350846320749;0,99009900990099;1
756;265,093640938057;514,541596889276;0,99009900990099;1
757;259,982820657267;303,347951302397;0,99009900990099;1
758;258,183812909656;206,044785473074;0,99009900990099;1
759;258,821654531511;212,066281018432;0,99009900990099;1
760;259,536921903881;273,075695837514;0,99009900990099;1
761;258,288417466542;212,584725340351;0,99009900990099;1
762;257,227588560977;304,683503385045;0,99009900990099;1
763;259,944244074607;175,928091454397;0,99009900990099;1
764;262,158662010973;278,31873156096;0,99009900990099;1
765;262,822408881417;473,217864817461;0,99009900990099;1
766;261,978292241144;253,186900042462;0,99009900990099;1
767;261,232903256633;230,018050895959;0,99009900990099;1
768;260,421816662874;317,290200248721;0,99009900990099;1
769;257,96450463025;129,605455124673;0,99009900990099;1
770;264,227463805542;224,142415915054;0,99009900990099;1
771;263,007238851342;302,131995301251;0,99009900990099;1
772;255,669277085556;154,319976902861;0,99009900990099;1
773;257,077812575946;154,87679388032;0,99009900990099;1
774;262,843916456375;325,350473495438;0,99009900990099;1
775;263,251909833305;352,006131699402;0,99009900990099;1
776;255,865165437344;205,068056713427;0,99009900990099;1
777;266,89002011916;438,057572939946;0,99009900990099;1
778;259,346822590151;257,066158532489;0,99009900990099;1
779;256,901090678813;321,618143484967;0,99009900990099;1
780;260,366451736778;324,331620931258;0,99009900990099;1
781;258,319480832782;252,319787173698;0,99009900990099;1
782;258,992162312241;209,18645689208;0,99009900990099;1
783;257,440449462238;205,296795628216;0,99009900990099;1
784;256,014547429984;218,219869043997;0,99009900990099;1
785;257,103328002122;263,468812127187;0,99009900990099;1
786;256,64532215631;191,650715463015;0,99009900990099;1
787;256,545715134339;171,524521120524;0,99009900990099;1
788;266,872589813402;375,850004969961;0,99009900990099;1
789;259,453613629899;404,714997680486;0,99009900990099;1
790;254,990368649021;333,462876439215;0,99009900990099;1
791;262,520106687732;247,529662675652;0,99009900990099;1
792;257,749284707443;171,664696199447;0,99009900990099;1
793;256,376905540092;239,684040027417;0,99009900990099;1
794;254,554579823133;250,962595215747;0,99009900990099;1
795;256,82231873003;176,564583788388;0,99009900990099;1
796;262,227642515933;325,386597161697;0,99009900990099;1
797;261,891575868767;421,926683052509;0,99009900990099;1
798;262,788692207353;492,779242107694;0,99009900990099;1
799;259,650201097695;208,884614232706;0,99009900990099;1
800;258,07371008781;290,425069296424;0,99009900990099;1
801;258,018830332092;262,608522544446;0,99009900990099;1
802;258,603768801301;178,024487775142;0,99009900990099;1
803;263,780610716171;321,400668979477;0,99009900990099;1
804;269,18844825613;317,029049692521;0,99009900990099;1
805;259,674541021243;254,043257741848;0,99009900990099;1
806;263,713303598979;316,277722663491;0,99009900990099;1
807;264,52926587009;293,100073408725;0,99009900990099;1
808;262,369250379601;315,82783712219;0,99009900990099;1
809;262,306174254038;295,876734760167;0,99009900990099;1
810;260,431845877934;249,908950421713;0,99009900990099;1
811;259,631692359875;262,494294456881;0,99009900990099;1
812;257,010061465133;175,043864721704;0,99009900990099;1
813;260,020094199012;346,431892448522;0,99009900990099;1
814;257,282671732159;198,181928163924;0,99009900990099;1
815;257,364818185952;423,023248533484;0,99009900990099;1
816;255,121443354295;302,891640132935;0,99009900990099;1
817;256,588682134244;246,012442197587;0,99009900990099;1
818;260,432168938334;312,166906127357;0,99009900990099;1
819;255,838084077126;189,816567119781;0,99009900990099;1
820;259,606909629552;215,159177128096;0,99009900990099;1
821;254,693963278947;165,491436475312;0,99009900990099;1
822;254,603649449528;280,638010798281;0,99009900990099;1
823;257,480942525458;315,122680957492;0,99009900990099;1
824;255,156190297868;233,120884747884;0,99009900990099;1
825;262,187189142379;197,633868434449;0,99009900990099;1
826;257,412632005817;234,575325380956;0,99009900990099;1
827;265,299996479195;286,569383490819;0,99009900990099;1
828;257,056908114492;172,071201712067;0,99009900990099;1
829;264,781180865455;348,612023155038;0,99009900990099;1
830;259,598957232158;279,683958855622;0,99009900990099;1
831;263,412019101214;295,338775864585;0,99009900990099;1
832;259,029452067606;276,361383924296;0,99009900990099;1
833;257,563767560557;169,593008337331;0,99009900990099;1
834;258,430681043894;251,693823197214;0,99009900990099;1
835;255,154439519212;391,755530954828;0,99009900990099;1
836;258,998406923225;326,21135810252;0,99009900990099;1
837;257,854748405735;325,207144084919;0,99009900990099;1
838;259,598733005698;173,527776444189;0,99009900990099;1
839;259,414836835012;246,612961153496;0,99009900990099;1
840;256,313637861604;250,795340589467;0,99009900990099;1
841;256,833008014063;160,732262186386;0,99009900990099;1
842;255,146295339613;183,822263901895;0,99009900990099;1
843;257,070710814814;170,663049930034;0,99009900990099;1
844;261,932741143241;277,557408546278;0,99009900990099;1
845;257,481835849328;209,436772798764;0,99009900990099;1
846;256,100629609124;174,733109558068;0,99009900990099;1
847;264,145098350118;373,449441520524;0,99009900990099;1
848;260,245404965785;323,060197693311;0,99009900990099;1
849;255,601085993005;262,647674170467;0,99009900990099;1
850;256,124395969777;177,734547198946;0,99009900990099;1
851;264,83632537235;363,43400594935;0,99009900990099;1
852;254,62498553915;245,065714337391;0,99009900990099;1
853;257,395085917188;376,580160040435;0,99009900990099;1
854;262,33658389055;267,992973492449;0,99009900990099;1
855;259,533407767706;379,528119188482;0,99009900990099;1
856;260,085648241824;348,605170083819;0,99009900990099;1
857;262,996613794187;477,958492613835;0,99009900990099;1
858;264,083048771261;348,421258603964;0,99009900990099;1
859;258,011255430711;205,862541161871;0,99009900990099;1
860;256,968133534288;292,438795170268;0,99009900990099;1
861;257,09205097429;160,735737885175;0,99009900990099;1
862;259,824898183257;237,9647949842;0,99009900990099;1
863;260,527061095302;309,530147534438;0,99009900990099;1
864;260,446459496812;214,506136417938;0,99009900990099;1
865;255,466732094545;186,036713632943;0,99009900990099;1
866;259,345298919015;208,870368718424;0,99009900990099;1
867;263,689369310668;247,58477912588;0,99009900990099;1
868;258,340642498829;228,349808220205;0,99009900990099;1
869;260,131621421099;364,558911710242;0,99009900990099;1
870;261,971043099987;354,720462897533;0,99009900990099;1
871;256,512835154375;149,93841466104;0,99009900990099;1
872;259,136405754518;210,980980962019;0,99009900990099;1
873;257,869603481862;156,769456005656;0,99009900990099;1
874;257,494109682012;327,107028575946;0,99009900990099;1
875;257,670776220046;227,294825817106;0,99009900990099;1
876;255;158,91419520575;0,514851485148515;0,524752475247525
877;258,641057654073;372,348540358597;0,99009900990099;1
878;260,721683232168;307,113422733655;0,99009900990099;1
879;253,858714997221;274,21809704024;0,99009900990099;1
880;259,7505630678;201,442851379071;0,99009900990099;1
881;261,646802873805;316,965897662006;0,99009900990099;1
882;258,136739888026;298,019024277277;0,99009900990099;1
883;256,804720943837;229,735978876564;0,99009900990099;1
884;257,390804170069;239,211566782105;0,99009900990099;1
885;259,959456119433;401,713539236032;0,99009900990099;1
886;256,27549426282;217,095315157623;0,99009900990099;1
887;256,472065118252;257,978641590215;0,99009900990099;1
888;254,779762744032;230,244413770819;0,99009900990099;1
889;258,745000206587;202,613672964636;0,99009900990099;1
890;260,900751772555;326,168760567335;0,99009900990099;1
891;258,440500601654;401,314941206124;0,99009900990099;1
892;259,24083197528;252,187432366981;0,99009900990099;1
893;259,128845622021;311,365912514091;0,99009900990099;1
894;254,170628144731;247,730893620185;0,99009900990099;1
895;262,067692488916;339,193350101271;0,99009900990099;1
896;257,300318560629;246,889174743614;0,99009900990099;1
897;255,661959083108;157,179824562952;0,99009900990099;1
898;261,78635127943;201,189704936655;0,99009900990099;1
899;259,211927357209;259,457315302936;0,99009900990099;1
900;263,349335185729;344,448526536781;0,99009900990099;1
901;258,71871369966;340,137928421859;0,99009900990099;1
902;259,031021975743;230,649698566761;0,99009900990099;1
903;257,183543604149;214,019720306061;0,99009900990099;1
904;260,33478709041;354,190376080851;0,99009900990099;1
905;259,165817473945;259,726483523044;0,99009900990099;1
906;257,327226238312;197,858369091874;0,99009900990099;1
907;256,161910156182;188,698476501005;0,99009900990099;1
908;257,968514352269;215,176366216992;0,99009900990099;1
909;255,99469922651;218,981463890949;0,99009900990099;1
910;259,555251756965;435,721927122719;0,99009900990099;1
911;259,098808204318;183,527162447639;0,99009900990099;1
912;258,86916298788;286,789839713973;0,99009900990099;1
913;259,450394934747;169,686191490216;0,99009900990099;1
914;257,750143675188;216,131823726643;0,99009900990099;1
915;262,417220758799;487,588908628608;0,99009900990099;1
916;260,899545301064;349,227187048898;0,99009900990099;1
917;259,022676245099;260,148596216308;0,99009900990099;1
918;256,558928118488;179,492532832079;0,99009900990099;1
919;254,887007175198;207,297008470333;0,99009900990099;1
920;265,591051253289;479,19681377674;0,99009900990099;1
921;256,144724105814;239,036570524259;0,99009900990099;1
922;258,112721078393;251,402004442069;0,99009900990099;1
923;259,191071249366;213,507967600797;0,99009900990099;1
924;261,294995963161;173,818663820568;0,99009900990099;1
925;272,785237689055;612,640588844084;0,99009900990099;1
926;259,712972604345;247,466248020475;0,99009900990099;1
927;259,63437306938;365,52133075915;0,99009900990099;1
928;258,686216564382;159,095948478546;0,99009900990099;1
929;256,560247608934;240,08704204021;0,99009900990099;1
930;262,446427416228;325,256388980598;0,99009900990099;1
931;261,561214352752;249,876761267439;0,99009900990099;1
932;264,11868977082;361,618356146285;0,99009900990099;1
933;260,393163215338;158,626965598371;0,99009900990099;1
934;259,23996093087;436,525944798628;0,99009900990099;1
935;262,090573336136;375,629871325304;0,99009900990099;1
936;259,619801700436;333,358726839603;0,99009900990099;1
937;256,302073584142;234,530794778424;0,99009900990099;1
938;263,32090394726;340,445418078847;0,99009900990099;1
939;264,858513657387;439,430053398064;0,99009900990099;1
940;257,661600064246;200,638707381316;0,99009900990099;1
941;261,299222553133;301,242100346348;0,99009900990099;1
942;258,164204406095;246,257456613966;0,99009900990099;1
943;259,076899504812;183,70937716774;0,99009900990099;1
944;253,620837943578;206,28392624207;0,99009900990099;1
945;256,423357829457;151,375541062553;0,99009900990099;1
946;257,554495680265;178,780036347347;0,99009900990099;1
947;257,216346580817;203,676203503466;0,99009900990099;1
948;260,812771162786;250,404051405809;0,99009900990099;1
949;262,915494773538;506,325851879013;0,99009900990099;1
950;257,877499443424;262,318320322788;0,99009900990099;1
951;260,901981293267;339,38001028852;0,99009900990099;1
952;256,444755456074;156,139575126034;0,99009900990099;1
953;260,460270565676;263,422904495871;0,99009900990099;1
954;262,151315306165;354,176678258314;0,99009900990099;1
955;255,839124073709;171,83978210882;0,99009900990099;1
956;254,854522502966;273,291532435655;0,99009900990099;1
957;265,902026202669;346,159745273637;0,99009900990099;1
958;260,75259627101;186,77675286123;0,99009900990099;1
959;255,505708356402;192,35827092834;0,99009900990099;1
960;261,422096302773;302,67327089189;0,99009900990099;1
961;262,4967291991;320,598239181934;0,99009900990099;1
962;257,286535931725;309,116486216679;0,99009900990099;1
963;258,530777944406;276,545311389718;0,99009900990099;1
964;256,753518814651;270,561405615343;0,99009900990099;1
965;256,855021249759;258,377676872869;0,99009900990099;1
966;258,332385893112;312,582258892677;0,99009900990099;1
967;257,051109724597;267,600820169521;0,99009900990099;1
968;255,612255247914;224,216835511553;0,99009900990099;1
969;258,383602432948;210,21905385651;0,99009900990099;1
970;258,830963143899;243,519125953756;0,99009900990099;1
971;255,404314164507;193,342090254051;0,99009900990099;1
972;258,475323243925;216,453140469849;0,99009900990099;1
973;264,547815937015;184,898446865118;0,99009900990099;1
974;256,6368169534;263,076170878375;0,99009900990099;1
975;257,341877590091;154,824309049409;0,99009900990099;1
976;259,362148512802;308,463358172098;0,99009900990099;1
977;260,839401175928;187,388031132772;0,99009900990099;1
978;262,389805673348;262,007638630373;0,99009900990099;1
979;259,503679524513;283,564264763967;0,99009900990099;1
980;256,934869320402;208,108847006446;0,99009900990099;1
981;255,416708104243;232,550447942357;0,99009900990099;1
982;262,085138930615;347,718784585905;0,99009900990099;1
983;256,144638896019;319,5841426289;0,99009900990099;1
984;266,815742320852;263,875284534946;0,99009900990099;1
985;261,151552416326;256,788798069328;0,99009900990099;1
986;264,495725935837;516,540605480792;0,99009900990099;1
987;256,100596166806;165,250860954444;0,99009900990099;1
988;255,607660124774;164,079233522651;0,99009900990099;1
989;261,179543567097;319,088400053321;0,99009900990099;1
990;260,195395080629;315,193731834638;0,99009900990099;1
991;264,887726147301;510,497026113679;0,99009900990099;1
992;257,154837713836;202,710938037054;0,99009900990099;1
993;265,561025771244;347,206425218224;0,99009900990099;1
994;256,46574210983;219,63724969341;0,99009900990099;1
995;256,189784432771;219,93706580928;0,99009900990099;1
996;259,423540608602;160,829984484735;0,99009900990099;1
997;255,764470744115;203,397686769726;0,99009900990099;1
998;265,532760050245;426,035740002336;0,99009900990099;1
999;261,961408005962;391,707676236197;0,99009900990099;1
