0;110,01448035222;109,496983723525;0,967741935483871;0,967741935483871
1;110,522991389703;123,195002027942;0,967741935483871;0,967741935483871
2;116,015809281222;121,548808210305;0,967741935483871;0,967741935483871
3;109,80304003892;104,313450591043;0,967741935483871;0,967741935483871
4;111,464507813514;80,7476390973234;0,967741935483871;1
5;113,305337802332;87,0457236486896;0,967741935483871;0,967741935483871
6;111,889377139365;89,120715306897;0,967741935483871;1
7;112,681542307479;115,826317838911;0,967741935483871;1
8;113,918301326048;80,0556144762905;0,967741935483871;1
9;114,883545764695;97,3292315605909;0,967741935483871;1
10;113,773729346517;94,5902916122382;0,967741935483871;1
11;111,604788228118;82,0736636025469;0,967741935483871;1
12;112,266828458974;112,948156276843;0,967741935483871;0,967741935483871
13;112,937689936543;88,0325699870193;0,967741935483871;1
14;112,09737525553;127,526278159872;0,967741935483871;1
15;116,12697506663;124,213609100539;0,967741935483871;1
16;112,055964305937;106,664336425693;0,967741935483871;0,967741935483871
17;111,671599286905;94,907207490932;0,967741935483871;0,967741935483871
18;112,15242610163;85,7289285876096;0,967741935483871;0,967741935483871
19;111,897121807283;111,536206274661;0,967741935483871;1
20;112,501898878441;107,763094981251;0,967741935483871;1
21;111,408344278052;91,087597129956;0,967741935483871;0,967741935483871
22;112,531070492092;87,5024864549452;0,967741935483871;0,967741935483871
23;111,430400820707;110,351274663496;0,967741935483871;0,967741935483871
24;111,136538966583;100,144094987649;0,967741935483871;1
25;114,175561974838;124,44471899688;0,967741935483871;1
26;111,986156969078;102,452991317737;0,967741935483871;1
27;112,586634038843;103,552412086421;0,967741935483871;0,967741935483871
28;113,960244635949;86,4651059638646;0,967741935483871;1
29;112,764947890265;109,224470485329;0,967741935483871;1
30;113,058898920347;118,84324745945;0,967741935483871;1
31;114,49207641502;110,318876462101;0,967741935483871;1
32;113,460042056036;103,913700725659;0,967741935483871;1
33;113,381266770885;96,189053255084;0,967741935483871;1
34;112,877868541136;123,604440796615;0,967741935483871;1
35;111,588587763563;118,478467706002;0,967741935483871;1
36;115,054540674339;121,023605314241;0,967741935483871;1
37;114,022399686773;83,6165179559954;0,967741935483871;0,967741935483871
38;112,958517281883;122,033218547554;0,967741935483871;0,967741935483871
39;114,159581334038;84,514556012531;0,967741935483871;0,967741935483871
40;113,547059084019;102,677505964445;0,967741935483871;0,967741935483871
41;111,407862782825;87,5597813371564;0,967741935483871;1
42;115,028562197448;112,773656526471;0,967741935483871;0,967741935483871
43;111,751141006436;113,978864814772;0,967741935483871;0,967741935483871
44;115,023010059074;114,857228685211;0,967741935483871;0,967741935483871
45;114,462589770703;123,662174871179;0,967741935483871;1
46;113,992879876883;120,365607054218;0,967741935483871;1
47;112,814294791096;83,9578872807566;0,967741935483871;0,967741935483871
48;112,841007014283;88,872195957528;0,967741935483871;0,967741935483871
49;111,951057974426;126,155861825273;0,967741935483871;1
50;112,604148794265;92,7998865362403;0,967741935483871;0,967741935483871
51;111,144311246196;111,25922646662;0,967741935483871;0,967741935483871
52;114,67574362253;80,1331314486075;0,967741935483871;0,967741935483871
53;112,00147845116;102,096069239412;0,967741935483871;0,967741935483871
54;113,376053912195;105,240555495814;0,967741935483871;1
55;113,710747983138;122,734674425985;0,967741935483871;0,967741935483871
56;109,436818933391;106,24400517455;0,967741935483871;0,967741935483871
57;110,816037013237;95,9857855034606;0,967741935483871;1
58;112,189620402864;109,304895675146;0,967741935483871;0,967741935483871
59;113,337349174911;104,768187802585;0,967741935483871;0,967741935483871
60;109,081786113652;88,5999422989424;0,967741935483871;0,967741935483871
61;113,314711200986;89,4103139138737;0,967741935483871;0,967741935483871
62;112,377334459672;105,564188450478;0,967741935483871;1
63;110,224599714718;98,0474068629631;0,967741935483871;1
64;111,894705308045;88,7145249448746;0,967741935483871;0,967741935483871
65;114,609246789718;95,4115836381262;0,967741935483871;0,967741935483871
66;112,76980603222;103,113934767679;0,967741935483871;0,967741935483871
67;113,505074961536;110,755751155518;0,967741935483871;1
68;111,840344297151;83,8460500776579;0,967741935483871;1
69;111,521220386728;90,9186478230699;0,967741935483871;0,967741935483871
70;112,715869924122;92,1004394115026;0,967741935483871;1
71;113,092403316175;102,588633499546;0,967741935483871;1
72;113,093159640281;88,9384060611574;0,967741935483871;1
73;115,969605049921;98,0087205919969;0,967741935483871;0,967741935483871
74;109,663154130094;78,4061100926569;0,967741935483871;0,967741935483871
75;109,932864378142;114,721598928182;0,967741935483871;1
76;110,816403107405;92,5389530499092;0,967741935483871;0,967741935483871
77;114,680438781977;113,818527750651;0,967741935483871;0,967741935483871
78;111,347863343852;86,7612562801305;0,967741935483871;0,967741935483871
79;114,976656477958;138,706502914933;0,967741935483871;0,967741935483871
80;110,307709467116;90,1819171231574;0,967741935483871;1
81;113,050325614539;105,696267113917;0,967741935483871;1
82;111,11326770803;95,0956609982207;0,967741935483871;1
83;112,284261053396;98,2627580383688;0,967741935483871;1
84;110,926677705399;125,47585943145;0,967741935483871;0,967741935483871
85;112,517202523644;101,88490311295;0,967741935483871;1
86;112,208846629259;87,3245481359093;0,967741935483871;0,967741935483871
87;112,523812776933;123,142490218465;0,967741935483871;0,967741935483871
88;115,230049185358;122,417153476171;0,967741935483871;0,967741935483871
89;115,022148235042;106,386274888211;0,967741935483871;0,967741935483871
90;111,683016680215;101,301058359094;0,967741935483871;1
91;113,697800908091;82,8386325144761;0,967741935483871;0,967741935483871
92;114,639722749155;90,4738407850888;0,967741935483871;1
93;109,778232838679;75,9367472273902;0,967741935483871;1
94;112,530538989682;110,047771537065;0,967741935483871;1
95;110,834034912773;106,481571777422;0,967741935483871;1
96;114,416310608565;108,866246335369;0,967741935483871;1
97;115,367923359347;119,899601407609;0,967741935483871;0,967741935483871
98;118,496623064337;105,100749835271;0,967741935483871;0,967741935483871
99;115,561508310516;118,772729925118;0,967741935483871;0,967741935483871
100;110,188185929012;81,9891351964745;0,967741935483871;1
101;112,062551108044;81,3279325727913;0,967741935483871;0,967741935483871
102;111,224021579904;86,4484112226488;0,967741935483871;0,967741935483871
103;112,200506526445;85,4762090332155;0,967741935483871;1
104;110,309346858031;84,8356147622424;0,967741935483871;1
105;112,495435805913;93,5344196493113;0,967741935483871;1
106;115,327565020127;91,0937989248572;0,967741935483871;0,967741935483871
107;113,08846700737;133,751608953243;0,967741935483871;0,967741935483871
108;110,935876277316;76,9737970309405;0,967741935483871;1
109;110,356827319735;96,544844757839;0,967741935483871;0,967741935483871
110;112,810350059351;111,066291456302;0,967741935483871;0,967741935483871
111;112,015739242312;111,70501872505;0,967741935483871;0,967741935483871
112;115,152063186811;106,737348260814;0,967741935483871;1
113;114,191394236619;114,17327390508;0,967741935483871;0,967741935483871
114;113,899964995512;97,0473400139578;0,967741935483871;0,967741935483871
115;111,056903081457;99,0885234985195;0,967741935483871;0,967741935483871
116;110,175812993994;92,7245792064762;0,967741935483871;1
117;111,765523051319;86,5390112126859;0,967741935483871;0,967741935483871
118;111,049382568405;81,7209880283419;0,967741935483871;1
119;111,032282235126;86,971802289557;0,967741935483871;1
120;113,353222584742;125,834322928699;0,967741935483871;0,967741935483871
121;116,936751579011;125,110989412981;0,967741935483871;1
122;112,282826731307;115,287264924996;0,967741935483871;1
123;113,002590757634;76,0911924173702;0,967741935483871;1
124;112,29352111572;81,0436430592048;0,967741935483871;0,967741935483871
125;113,149912510704;117,050810555932;0,967741935483871;0,967741935483871
126;114,044745924212;134,062325603911;0,967741935483871;1
127;116,1731474302;128,324174934629;0,967741935483871;0,967741935483871
128;109,308241073134;101,042270410521;0,967741935483871;1
129;112,978406713716;90,7706742631946;0,967741935483871;1
130;109,807328399892;115,338777490502;0,967741935483871;1
131;112,588030793387;68,9928918172669;0,967741935483871;1
132;112,367430521392;97,8494341043788;0,967741935483871;1
133;114,908037215089;130,282321153144;0,967741935483871;1
134;113,26959752745;95,3256828724168;0,967741935483871;0,967741935483871
135;115,538553804683;117,681312446174;0,967741935483871;0,967741935483871
136;112,586382860286;103,744514109249;0,967741935483871;0,967741935483871
137;112,805996687801;100,793364297231;0,967741935483871;0,967741935483871
138;112,627389961722;119,949944193498;0,967741935483871;0,967741935483871
139;110,247933045724;84,5012840834171;0,967741935483871;0,967741935483871
140;113,007825740518;90,4813946754666;0,967741935483871;0,967741935483871
141;113,896653157549;114,359209464265;0,967741935483871;0,967741935483871
142;111,65271025037;100,629115754929;0,967741935483871;1
143;114,947015753618;142,292362413571;0,967741935483871;0,967741935483871
144;112,63878939251;97,6046080960057;0,967741935483871;1
145;113,674785240823;108,873727730894;0,967741935483871;1
146;110,688278629593;92,5392889543438;0,967741935483871;0,967741935483871
147;110,068507967161;95,0023652425552;0,967741935483871;0,967741935483871
148;110,290937321295;96,7614324378153;0,967741935483871;0,967741935483871
149;111,018261728998;83,1858220142338;0,967741935483871;1
150;114,469633413276;138,544442191698;0,967741935483871;1
151;117,580203832455;132,064087384998;0,967741935483871;1
152;112,480116751508;91,2311928496881;0,967741935483871;1
153;111,368111828259;105,498982881052;0,967741935483871;1
154;114,254035571574;133,372875621268;0,967741935483871;0,967741935483871
155;109,137966598626;85,7982971170778;0,967741935483871;0,967741935483871
156;110,993811909498;116,457268175043;0,967741935483871;0,967741935483871
157;110,789826578255;108,431419719369;0,967741935483871;0,967741935483871
158;111,76303658808;104,096103120066;0,967741935483871;0,967741935483871
159;110,605005845837;82,7385959243683;0,967741935483871;1
160;112,825166295536;74,7008293559505;0,967741935483871;1
161;109,725149137004;97,9207695923125;0,967741935483871;1
162;110,138491800279;84,5121623211373;0,967741935483871;1
163;118,391501792249;119,397987881476;0,967741935483871;0,967741935483871
164;113,905644026545;107,300681858942;0,967741935483871;1
165;116,40993374188;140,588655391089;0,967741935483871;1
166;114,064433168224;78,908042210971;0,967741935483871;1
167;115,367809627626;110,325621794653;0,967741935483871;1
168;113,709379276955;117,953602981383;0,967741935483871;1
169;113,567543326095;107,529013583274;0,967741935483871;1
170;113,005357008834;95,5083592875882;0,967741935483871;0,967741935483871
171;111,428925653293;101,313359486842;0,967741935483871;0,967741935483871
172;111,613463792993;88,522384105328;0,967741935483871;1
173;110,100856495702;76,4503857192573;0,967741935483871;1
174;111,423659859327;88,2839795629741;0,967741935483871;1
175;110,944736005599;108,417715416008;0,967741935483871;1
176;113,252222930848;110,409705589871;0,967741935483871;0,967741935483871
177;116,046549114378;132,749178413966;0,967741935483871;1
178;112,067602659469;104,748381234142;0,967741935483871;0,967741935483871
179;111,04501452547;104,239803281609;0,967741935483871;1
180;114,599360702261;104,420211145329;0,967741935483871;0,967741935483871
181;114,82596481006;126,848688336044;0,967741935483871;0,967741935483871
182;111,327678202039;108,320146639294;0,967741935483871;1
183;113,202415522401;103,665610005343;0,967741935483871;0,967741935483871
184;111,202543935108;98,7137794349284;0,967741935483871;1
185;111,480253788773;81,8197783754369;0,967741935483871;0,967741935483871
186;114,940535915398;90,7422277103671;0,967741935483871;0,967741935483871
187;113,534525591406;117,267240302739;0,967741935483871;0,967741935483871
188;109,958934115416;85,5041738662716;0,967741935483871;1
189;114,003849422306;105,418588780965;0,967741935483871;0,967741935483871
190;115,242692047199;106,106555574193;0,967741935483871;1
191;115,123535262494;111,802613571219;0,967741935483871;0,967741935483871
192;112,234151886528;101,248000639427;0,967741935483871;1
193;113,992452701136;93,5531004267346;0,967741935483871;0,967741935483871
194;110,566209181241;119,606540165585;0,967741935483871;0,967741935483871
195;114,194299727979;104,248605569109;0,967741935483871;0,967741935483871
196;112,51167019206;108,547823158723;0,967741935483871;1
197;114,861041297238;115,394886915172;0,967741935483871;1
198;113,138151426267;116,534916408277;0,967741935483871;0,967741935483871
199;111,801054205683;103,760994642308;0,967741935483871;1
200;111,928391380298;105,078176685218;0,967741935483871;0,967741935483871
201;112,152420999886;99,1321894982048;0,967741935483871;0,967741935483871
202;108,446868504945;92,6588429438379;0,967741935483871;1
203;111,290220517864;103,628055049794;0,967741935483871;1
204;111,481961717168;89,7164363251189;0,967741935483871;0,967741935483871
205;111,30343578844;98,8831401622442;0,967741935483871;1
206;110,443918355525;69,3504361784088;0,967741935483871;0,967741935483871
207;111,900319141429;85,8327889681675;0,967741935483871;0,967741935483871
208;110,708758698175;91,4099698693684;0,967741935483871;0,967741935483871
209;108,970858060667;95,5615708032546;0,967741935483871;0,967741935483871
210;117,171904466112;139,818029219547;0,967741935483871;0,967741935483871
211;112,556474612344;102,413643820683;0,967741935483871;1
212;109,802371724502;98,1481585312372;0,967741935483871;1
213;112,447364410182;78,8596890524941;0,967741935483871;0,967741935483871
214;110,348968251719;99,101892402818;0,967741935483871;0,967741935483871
215;113,739214864757;119,766044634584;0,967741935483871;1
216;110,671466609034;89,1954354376027;0,967741935483871;1
217;113,28907478375;133,963459466193;0,967741935483871;1
218;112,310115793981;73,3420383023851;0,967741935483871;1
219;112,883422477558;108,269296236909;0,967741935483871;0,967741935483871
220;113,019237969123;94,7379677496966;0,967741935483871;1
221;116,432796250157;121,722894732956;0,967741935483871;1
222;113,985991392136;84,8386147646635;0,967741935483871;1
223;117,119631231629;125,699588921562;0,967741935483871;0,967741935483871
224;112,724319754167;83,1377650803872;0,967741935483871;0,967741935483871
225;108,914088746053;101,075632025002;0,967741935483871;1
226;113,422788068593;95,3780351168103;0,967741935483871;0,967741935483871
227;110,615916209507;97,2688612277222;0,967741935483871;1
228;112,939226172627;85,2588844886254;0,967741935483871;1
229;109,425550304822;96,2699644480312;0,967741935483871;0,967741935483871
230;112,016426312673;86,3169885181452;0,967741935483871;1
231;116,001005283549;89,8338518095153;0,967741935483871;1
232;114,115946060708;104,431782802672;0,967741935483871;1
233;112,389289277227;94,410463812602;0,967741935483871;1
234;111,85794554385;112,733678942898;0,967741935483871;1
235;110,359179799096;95,887566885522;0,967741935483871;1
236;110,693181490663;97,5165052006423;0,967741935483871;1
237;110,882262442392;87,5897205094156;0,967741935483871;0,967741935483871
238;113,620600656796;115,73146237844;0,967741935483871;1
239;111,913871644758;101,826722913824;0,967741935483871;0,967741935483871
240;111,763437089967;85,070158698456;0,967741935483871;1
241;112,007583313827;101,543902321218;0,967741935483871;0,967741935483871
242;113,196380791864;96,4117792737726;0,967741935483871;1
243;112,897274181264;86,9897860071401;0,967741935483871;1
244;113,026920112213;106,380969382173;0,967741935483871;1
245;110,390309258922;108,938712408232;0,967741935483871;0,967741935483871
246;117,55989900865;127,250093205641;0,967741935483871;1
247;112,098507170239;97,9306152437317;0,967741935483871;0,967741935483871
248;111,390215082841;90,8658339829847;0,967741935483871;1
249;114,914912533783;122,48030486743;0,967741935483871;0,967741935483871
250;111,089653386759;81,9122921688305;0,967741935483871;1
251;113,662309737216;85,6102649051371;0,967741935483871;0,967741935483871
252;113,166409400556;89,6410131031561;0,967741935483871;0,967741935483871
253;111,196803117461;84,2605899705701;0,967741935483871;1
254;110,123319058187;112,419506108569;0,967741935483871;0,967741935483871
255;115,751753929034;110,502833622127;0,967741935483871;0,967741935483871
256;110,96257254545;78,1716471438704;0,967741935483871;1
257;112,589160591644;88,2960640872411;0,967741935483871;1
258;112,885820559049;107,986069097154;0,967741935483871;0,967741935483871
259;113,528474053526;98,2976034967197;0,967741935483871;1
260;111,471088520681;101,767818377273;0,967741935483871;1
261;111,792568838091;91,0094030590059;0,967741935483871;0,967741935483871
262;113,89380853193;81,8934652548457;0,967741935483871;1
263;111,189675627492;79,6031587810332;0,967741935483871;0,967741935483871
264;111,449962206975;86,8210114261504;0,967741935483871;1
265;112,968303343936;123,386571539599;0,967741935483871;0,967741935483871
266;112,201323408817;99,8769863412951;0,967741935483871;1
267;110,725149022649;91,1557956098367;0,967741935483871;1
268;111,947136981571;96,009821090555;0,967741935483871;1
269;112,510592286553;101,31131461238;0,967741935483871;0,967741935483871
270;115,605452790908;132,100774752089;0,967741935483871;1
271;111,058010263333;83,2489086090922;0,967741935483871;1
272;110,825897432699;105,959235820975;0,967741935483871;0,967741935483871
273;114,969942777603;117,570587295801;0,967741935483871;0,967741935483871
274;110,480155718235;108,532073385289;0,967741935483871;1
275;110,713912908326;114,911853482587;0,967741935483871;1
276;112,460039508812;98,7517477195655;0,967741935483871;0,967741935483871
277;114,034144248809;87,6232964350308;0,967741935483871;1
278;112,479398997429;105,686538037631;0,967741935483871;0,967741935483871
279;116,975818179043;125,482037023108;0,967741935483871;0,967741935483871
280;110,075619117109;84,0466976223397;0,967741935483871;0,967741935483871
281;112,824493486633;101,717734267928;0,967741935483871;1
282;111,14031269473;109,028277733122;0,967741935483871;1
283;112,530654410006;115,083345072323;0,967741935483871;0,967741935483871
284;112,989539342804;126,343158834921;0,967741935483871;0,967741935483871
285;110,828857386025;92,1121876460233;0,967741935483871;1
286;111,00421632068;73,7193067962068;0,967741935483871;0,967741935483871
287;110,337695203133;89,788038224387;0,967741935483871;1
288;112,025854021889;121,388668507519;0,967741935483871;1
289;112,072279657335;73,6732222488339;0,967741935483871;0,967741935483871
290;112,973430267358;92,5611045284355;0,967741935483871;0,967741935483871
291;110,554121584813;81,3105121023129;0,967741935483871;1
292;112,837949931735;120,971766844661;0,967741935483871;1
293;111,795215129073;93,8584831591051;0,967741935483871;0,967741935483871
294;117,453355999754;125,879405651371;0,967741935483871;0,967741935483871
295;110,909999641636;82,6206459810641;0,967741935483871;1
296;114,062308269292;96,5316870271993;0,967741935483871;0,967741935483871
297;115,260622868597;112,019907502735;0,967741935483871;0,967741935483871
298;114,069294833056;107,23594221242;0,967741935483871;1
299;111,859534109978;93,1576568636015;0,967741935483871;1
300;112,85872933027;103,998801520591;0,967741935483871;1
301;111,384197901668;106,832748966934;0,967741935483871;0,967741935483871
302;112,089219779248;114,812056114076;0,967741935483871;1
303;113,083125983622;86,4730161177127;0,967741935483871;1
304;117,74402119033;126,913575904147;0,967741935483871;0,967741935483871
305;110,544289697209;105,034816551463;0,967741935483871;0,967741935483871
306;113,192721198947;95,031321912224;0,967741935483871;0,967741935483871
307;112,373969475489;106,136775349079;0,967741935483871;1
308;111,616519154076;93,5320212427427;0,967741935483871;1
309;113,029501675452;109,718031190917;0,967741935483871;1
310;115,449421538723;110,981136513982;0,967741935483871;1
311;112,035807615912;84,4330836622426;0,967741935483871;0,967741935483871
312;111,367881771319;94,8355352097628;0,967741935483871;0,967741935483871
313;112,677185728129;93,885841986746;0,967741935483871;1
314;115,190406930964;102,525615907201;0,967741935483871;1
315;112,702539274629;83,6425992660505;0,967741935483871;0,967741935483871
316;110,833559537031;87,8686600685899;0,967741935483871;1
317;111,089904231611;82,4879327883611;0,967741935483871;1
318;111,55994583367;108,967146205304;0,967741935483871;0,967741935483871
319;111,752721463668;104,584780564807;0,967741935483871;0,967741935483871
320;112,020609625956;74,8750186421949;0,967741935483871;0,967741935483871
321;113,093806488303;95,5317000857008;0,967741935483871;1
322;116,147249043519;119,243401502504;0,967741935483871;0,967741935483871
323;112,151613931998;79,675044656109;0,967741935483871;0,967741935483871
324;114,777569577831;118,698788083643;0,967741935483871;0,967741935483871
325;111,261362188664;86,3430849492497;0,967741935483871;0,967741935483871
326;114,642559387111;139,775899263199;0,967741935483871;0,967741935483871
327;114,004325922806;92,1126035975322;0,967741935483871;1
328;111,516713405682;107,64975498022;0,967741935483871;1
329;108,804763081929;93,9897819728407;0,967741935483871;0,967741935483871
330;111,684783292418;105,805783254388;0,967741935483871;1
331;115,504732668253;141,825468375337;0,967741935483871;0,967741935483871
332;110,924453678335;112,414470240845;0,967741935483871;1
333;110,91862938362;83,3334929954989;0,967741935483871;1
334;113,41512733654;96,413874483481;0,967741935483871;0,967741935483871
335;112,03101002741;95,3572785024941;0,967741935483871;0,967741935483871
336;110,106990238032;96,5802235422103;0,967741935483871;0,967741935483871
337;113,89467635155;108,657340931705;0,967741935483871;1
338;115,153883919421;89,9667218886769;0,967741935483871;1
339;113,005203367956;114,943255952274;0,967741935483871;0,967741935483871
340;109,21774838225;101,523349407497;0,967741935483871;0,967741935483871
341;112,587497113613;106,349491499763;0,967741935483871;0,967741935483871
342;111,010242365351;74,5843390044404;0,967741935483871;0,967741935483871
343;111,410768230884;82,9664562738363;0,967741935483871;1
344;111,480599615972;97,1156152893377;0,967741935483871;0,967741935483871
345;111,334072244929;96,9642325996127;0,967741935483871;1
346;112,632142906579;98,0069331673165;0,967741935483871;0,967741935483871
347;109,806690782652;100,246349518772;0,967741935483871;1
348;112,367033577398;93,6420174798295;0,967741935483871;1
349;110,533209934118;105,883228265063;0,967741935483871;0,967741935483871
350;110,847321297185;102,09625999801;0,967741935483871;0,967741935483871
351;111,158501028808;103,941573553685;0,967741935483871;0,967741935483871
352;112,640881635259;121,237435423936;0,967741935483871;1
353;112,677224852524;100,547430803543;0,967741935483871;0,967741935483871
354;112,034709004246;113,149599555037;0,967741935483871;0,967741935483871
355;111,086216752434;87,5904765303772;0,967741935483871;1
356;108,913255758398;92,8707273718364;0,967741935483871;0,967741935483871
357;112,898142392827;86,4693758295884;0,967741935483871;0,967741935483871
358;115,487914324673;110,781804794367;0,967741935483871;1
359;113,197199772384;115,122914644349;0,967741935483871;1
360;113,935100628365;105,222043426808;0,967741935483871;1
361;109,836196141531;97,6929123766619;0,967741935483871;1
362;112,31923883184;98,6109135607576;0,967741935483871;0,967741935483871
363;110,207875154784;82,7280438036307;0,967741935483871;1
364;114,498152178388;100,073083462236;0,967741935483871;1
365;115,834611393295;117,135337128485;0,967741935483871;1
366;115,183653571537;105,345134899192;0,967741935483871;1
367;109,253309099426;106,643927462733;0,967741935483871;0,967741935483871
368;117,749032126772;128,484606799172;0,967741935483871;1
369;112,490991753943;87,4842157608168;0,967741935483871;0,967741935483871
370;117,336467740328;132,473020377955;0,967741935483871;1
371;112,304966096255;105,380791337873;0,967741935483871;0,967741935483871
372;113,511988540701;127,01382834633;0,967741935483871;1
373;111,580423899759;109,871014945988;0,967741935483871;0,967741935483871
374;109,799263070226;97,2419651891768;0,967741935483871;0,967741935483871
375;110,14788333855;84,885720107146;0,967741935483871;0,967741935483871
376;116,230042350591;106,711950027549;0,967741935483871;1
377;113,069489384236;97,9319413753989;0,967741935483871;1
378;113,809992283479;113,666598384208;0,967741935483871;0,967741935483871
379;110,659826208228;85,2326999773237;0,967741935483871;0,967741935483871
380;113,572721563225;106,471481424437;0,967741935483871;0,967741935483871
381;115,307998066575;87,6161692450617;0,967741935483871;1
382;110,746185456017;103,775222513681;0,967741935483871;0,967741935483871
383;113,195811913183;109,875514640986;0,967741935483871;0,967741935483871
384;115,562140677144;99,4595219134078;0,967741935483871;0,967741935483871
385;111,163034290181;102,040108918226;0,967741935483871;1
386;117,779788274068;124,05208418022;0,967741935483871;1
387;112,330290662495;83,468615059591;0,967741935483871;0,967741935483871
388;113,232287339666;90,7291061390925;0,967741935483871;1
389;111,30051204296;101,492315858319;0,967741935483871;1
390;115,259239422999;95,9422453664949;0,967741935483871;1
391;110,069611513235;90,3765073199912;0,967741935483871;1
392;111,6521874674;82,4230817695853;0,967741935483871;0,967741935483871
393;114,818133255056;107,196514417083;0,967741935483871;1
394;111,18044103178;105,263290179415;0,967741935483871;0,967741935483871
395;114,032384616694;104,92343183774;0,967741935483871;1
396;110,470381833326;86,6330945577709;0,967741935483871;1
397;112,200579537481;103,849946037827;0,967741935483871;0,967741935483871
398;113,962115248684;102,882439151715;0,967741935483871;0,967741935483871
399;115,455323829558;129,385024585015;0,967741935483871;1
400;113,115148092091;103,635782070292;0,967741935483871;0,967741935483871
401;112,570604156684;135,932825540297;0,967741935483871;0,967741935483871
402;112,170252763574;108,956394567129;0,967741935483871;1
403;110,908783953776;96,1225732544618;0,967741935483871;1
404;111,250247786571;103,827686967396;0,967741935483871;1
405;110,535701844541;92,3667863885875;0,967741935483871;1
406;111,998690315117;97,2798879237691;0,967741935483871;1
407;112,098544105668;105,198471057666;0,967741935483871;1
408;113,029897568482;86,5094331710732;0,967741935483871;1
409;114,479668917416;121,018856519998;0,967741935483871;0,967741935483871
410;113,180261476419;86,7746937526912;0,967741935483871;1
411;111,553480647504;114,083936850506;0,967741935483871;0,967741935483871
412;110,633128456435;71,9700368090065;0,967741935483871;1
413;111,138394765672;97,8318454272563;0,967741935483871;0,967741935483871
414;113,977859675362;98,2768379842801;0,967741935483871;1
415;117,831456039743;109,802891464537;0,967741935483871;1
416;116,458213118847;106,496853211445;0,967741935483871;1
417;114,791196808986;118,655440028459;0,967741935483871;1
418;111,726023015239;87,4129261190976;0,967741935483871;1
419;115,393573000384;114,379621561293;0,967741935483871;0,967741935483871
420;111,992543288893;94,8436767591801;0,967741935483871;0,967741935483871
421;114,875222307034;107,697813377715;0,967741935483871;1
422;111,803344847186;102,539715422946;0,967741935483871;1
423;114,638314848735;99,8346777208055;0,967741935483871;0,967741935483871
424;112,582934015744;102,062117438875;0,967741935483871;1
425;110,312878578363;113,991286019312;0,967741935483871;1
426;109,981595139453;81,9102724841439;0,967741935483871;0,967741935483871
427;113,105920923666;86,8095314953953;0,967741935483871;1
428;110,332975981441;109,514078929654;0,967741935483871;1
429;111,438877742478;100,001580932397;0,967741935483871;1
430;110,170651506469;103,457349977854;0,967741935483871;1
431;113,613777810351;107,232487632064;0,967741935483871;0,967741935483871
432;112,985727537087;100,282842868713;0,967741935483871;0,967741935483871
433;112,874245776107;100,375397384999;0,967741935483871;1
434;114,59964209656;110,867788636287;0,967741935483871;0,967741935483871
435;115,813655238094;109,822357418639;0,967741935483871;0,967741935483871
436;112,114512821674;90,6967710537235;0,967741935483871;0,967741935483871
437;112,550304894723;87,7383291818337;0,967741935483871;1
438;112,916190782178;75,3820831917057;0,967741935483871;0,967741935483871
439;113,494740905233;99,0538099455417;0,967741935483871;1
440;110,526062346808;84,8989673010311;0,967741935483871;0,967741935483871
441;111,193894516052;106,494299254074;0,967741935483871;0,967741935483871
442;110,279875822641;92,738496079467;0,967741935483871;0,967741935483871
443;114,691165650479;100,378576654322;0,967741935483871;0,967741935483871
444;113,051799510932;104,99730398266;0,967741935483871;0,967741935483871
445;110,537971097811;119,466422938248;0,967741935483871;0,967741935483871
446;111,886618115016;86,4170896457606;0,967741935483871;0,967741935483871
447;108,878170243962;82,6358192351732;0,967741935483871;1
448;112,353526413209;99,3813142970863;0,967741935483871;1
449;116,388639143423;117,451740205227;0,967741935483871;0,967741935483871
450;112,756626409626;108,509170019132;0,967741935483871;0,967741935483871
451;112,091220494735;102,981723148157;0,967741935483871;0,967741935483871
452;112,413327503641;105,249879566703;0,967741935483871;0,967741935483871
453;112,690841251307;115,441460484915;0,967741935483871;1
454;112,344353083963;126,760200558168;0,967741935483871;0,967741935483871
455;112,624583191767;89,4916170718114;0,967741935483871;1
456;115,178084609768;116,369724189062;0,967741935483871;1
457;110,659709926725;77,0594436876387;0,967741935483871;1
458;110,55050607973;93,7988200938144;0,967741935483871;0,967741935483871
459;114,402393922276;103,499299108581;0,967741935483871;1
460;112,169690163009;96,0818140276128;0,967741935483871;0,967741935483871
461;114,425679146993;111,027360834338;0,967741935483871;1
462;109,792600139634;94,6700235557175;0,967741935483871;1
463;113,366766784657;101,555968125509;0,967741935483871;0,967741935483871
464;112,086574031128;85,2359454167706;0,967741935483871;1
465;117,312977805352;143,323650818695;0,967741935483871;1
466;112,195048953972;113,260757621386;0,967741935483871;1
467;111,202329176961;92,0086668573602;0,967741935483871;0,967741935483871
468;112,445238336293;105,386359338585;0,967741935483871;0,967741935483871
469;111,215632138247;75,8806124245671;0,967741935483871;1
470;112,174633766177;101,97470628934;0,967741935483871;0,967741935483871
471;113,950940842448;84,8689309175062;0,967741935483871;0,967741935483871
472;109,808699943955;94,4355379699244;0,967741935483871;1
473;110,956147776896;108,525873058517;0,967741935483871;1
474;114,494392382925;116,509911689975;0,967741935483871;1
475;112,308560752442;119,111624259604;0,967741935483871;1
476;110,524084596722;92,9404327287142;0,967741935483871;0,967741935483871
477;111,096535264794;98,9862510126053;0,967741935483871;1
478;111,798948209791;86,3917541084766;0,967741935483871;0,967741935483871
479;111,896332309187;97,6104484338462;0,967741935483871;0,967741935483871
480;116,883195939719;110,814617205569;0,967741935483871;0,967741935483871
481;112,13010337021;87,3346645068999;0,967741935483871;1
482;110,758561262861;98,7822598032146;0,967741935483871;1
483;110,131817984197;101,053710392795;0,967741935483871;1
484;110,072757422705;120,359058236072;0,967741935483871;1
485;112,187821160431;103,371637982783;0,967741935483871;1
486;112,663550552286;105,406582202263;0,967741935483871;0,967741935483871
487;117,604591395918;129,795530256256;0,967741935483871;0,967741935483871
488;111,205451201894;95,6824473340031;0,967741935483871;0,967741935483871
489;117,234807326925;126,935887620217;0,967741935483871;1
490;112,261100295448;105,989846183987;0,967741935483871;1
491;111,714142549191;108,61636303022;0,967741935483871;0,967741935483871
492;113,918768031078;119,368490840589;0,967741935483871;1
493;115,950536006099;107,607474511755;0,967741935483871;0,967741935483871
494;110,349521349524;92,8990637812403;0,967741935483871;0,967741935483871
495;113,43026911153;117,65510068146;0,967741935483871;1
496;111,811755052819;72,9569208996027;0,967741935483871;0,967741935483871
497;112,734746448017;87,5008344975942;0,967741935483871;0,967741935483871
498;112,75386650857;88,1904134397502;0,967741935483871;0,967741935483871
499;115,354201134028;106,275011749659;0,967741935483871;1
500;112,13965469574;94,7291425017682;0,967741935483871;1
501;112,609818635715;107,779344935766;0,967741935483871;1
502;110,314016320108;91,421555640017;0,967741935483871;1
503;112,599935278383;76,0849625683047;0,967741935483871;1
504;113,395859279659;105,20237312194;0,967741935483871;1
505;112,727056300225;96,0835337490315;0,967741935483871;0,967741935483871
506;112,307184991477;121,532289219707;0,967741935483871;1
507;111,394357549991;92,6995688250584;0,967741935483871;1
508;109,939457948935;124,614518766136;0,967741935483871;0,967741935483871
509;112,669936764519;96,1418207081451;0,967741935483871;0,967741935483871
510;111,652280555458;87,0856820326547;0,967741935483871;0,967741935483871
511;112,870319628861;100,508089681017;0,967741935483871;1
512;110,501698349873;97,3391122908918;0,967741935483871;1
513;111,903410625989;92,4136949538019;0,967741935483871;0,967741935483871
514;112,22726034289;115,236519925835;0,967741935483871;0,967741935483871
515;111,901638925303;92,1776808096696;0,967741935483871;0,967741935483871
516;118,242937370496;116,586880082377;0,967741935483871;0,967741935483871
517;110,935546083627;113,937599456476;0,967741935483871;0,967741935483871
518;109,656932761745;107,852711550757;0,967741935483871;0,967741935483871
519;109,295445051388;92,2615590766887;0,967741935483871;1
520;114,792472031328;110,915889937175;0,967741935483871;1
521;114,755448595549;110,883332792491;0,967741935483871;1
522;109,945055512499;96,7082996458932;0,967741935483871;0,967741935483871
523;118,221292193295;107,539652672745;0,967741935483871;0,967741935483871
524;112,130473248062;98,0528566733489;0,967741935483871;0,967741935483871
525;114,468770345574;114,628311111124;0,967741935483871;1
526;111,335579506601;87,7607263655182;0,967741935483871;1
527;111,716668305126;113,713733795233;0,967741935483871;0,967741935483871
528;108,008081175637;95,7065036869963;0,967741935483871;0,967741935483871
529;111,505206677523;96,9301656384816;0,967741935483871;0,967741935483871
530;110,861132856605;106,433782296784;0,967741935483871;1
531;110,213634673953;105,969106325943;0,967741935483871;1
532;115,745959073852;119,627588520459;0,967741935483871;1
533;110,438110688953;82,2432195660866;0,967741935483871;0,967741935483871
534;111,850594842318;87,5982887667066;0,967741935483871;0,967741935483871
535;111,855958999087;66,7155731508494;0,967741935483871;0,967741935483871
536;111,819810282335;97,8373459018123;0,967741935483871;0,967741935483871
537;111,714937462768;82,8668867553653;0,967741935483871;0,967741935483871
538;110,462812503531;86,8812124580301;0,967741935483871;1
539;113,087097090578;111,901788431138;0,967741935483871;1
540;108,883881292684;89,3063214069642;0,967741935483871;0,967741935483871
541;110,230407827914;91,2410336212568;0,967741935483871;0,967741935483871
542;112,6515865592;102,796208535665;0,967741935483871;0,967741935483871
543;115,46925486243;99,4817288250841;0,967741935483871;0,967741935483871
544;111,924220017333;97,549860105039;0,967741935483871;1
545;108,782317403174;106,612577064982;0,967741935483871;1
546;113,412898383296;111,879175843293;0,967741935483871;1
547;113,213866402964;87,0455327355684;0,967741935483871;0,967741935483871
548;112,616995444674;110,083459606067;0,967741935483871;1
549;110,959951183172;90,1078750822827;0,967741935483871;1
550;112,655740488441;82,3695297565153;0,967741935483871;0,967741935483871
551;109,975896233378;84,4333775697423;0,967741935483871;0,967741935483871
552;113,363676017498;84,0570689481386;0,967741935483871;1
553;117,249627864318;105,858921130352;0,967741935483871;0,967741935483871
554;113,485851229958;101,228203794926;0,967741935483871;0,967741935483871
555;112,147072749144;97,266362479748;0,967741935483871;0,967741935483871
556;110,553875142123;88,4521482920961;0,967741935483871;0,967741935483871
557;112,136182895509;116,778105636461;0,967741935483871;1
558;110,716551117494;73,1023819219373;0,967741935483871;0,967741935483871
559;112,175666590249;116,167299982951;0,967741935483871;1
560;113,19755850297;106,929304267259;0,967741935483871;0,967741935483871
561;114,612666386396;94,3511050854789;0,967741935483871;0,967741935483871
562;108,454661916868;86,545592680788;0,967741935483871;1
563;108,904272729521;107,81647293073;0,967741935483871;0,967741935483871
564;113,373108748051;90,6524611830656;0,967741935483871;0,967741935483871
565;109,926275260464;95,8051195885116;0,967741935483871;0,967741935483871
566;110,923968948802;101,005490209287;0,967741935483871;0,967741935483871
567;110,273375660535;103,087718765385;0,967741935483871;1
568;114,625153504881;107,199325619247;0,967741935483871;0,967741935483871
569;114,0477459792;109,909496749602;0,967741935483871;0,967741935483871
570;111,204268505955;98,1187075558956;0,967741935483871;0,967741935483871
571;110,676190586987;74,4772103452533;0,967741935483871;1
572;110,889623230251;91,8327333086988;0,967741935483871;1
573;110,359230074762;101,285144232579;0,967741935483871;0,967741935483871
574;110,875898885834;84,9981492743984;0,967741935483871;1
575;115,118753029544;117,039350167503;0,967741935483871;0,967741935483871
576;111,607439779964;91,3802752623219;0,967741935483871;0,967741935483871
577;112,909034459696;123,547601714072;0,967741935483871;1
578;109,046414496646;72,7015587378626;0,967741935483871;0,967741935483871
579;111,679282373167;96,8219949340716;0,967741935483871;0,967741935483871
580;112,330597059545;93,5841465680802;0,967741935483871;0,967741935483871
581;113,427532642318;113,056368566659;0,967741935483871;0,967741935483871
582;111,261349404449;98,3315320198094;0,967741935483871;1
583;114,037127088025;101,704768932283;0,967741935483871;1
584;112,698168462012;99,65848495984;0,967741935483871;0,967741935483871
585;111,902709762396;76,439593950385;0,967741935483871;0,967741935483871
586;114,722282924774;109,857252142912;0,967741935483871;1
587;116,447752442668;102,496253862013;0,967741935483871;0,967741935483871
588;110,184739125167;108,467997538606;0,967741935483871;1
589;111,127932311538;99,8343871739356;0,967741935483871;0,967741935483871
590;110,039303338377;87,2814114645065;0,967741935483871;0,967741935483871
591;110,820162075598;121,377625265637;0,967741935483871;1
592;117,55893580602;90,9176051728947;0,967741935483871;0,967741935483871
593;110,528343517065;113,543879781582;0,967741935483871;0,967741935483871
594;110,810626170059;113,141301683405;0,967741935483871;0,967741935483871
595;111,781748610253;104,879306098182;0,967741935483871;1
596;111,92865268235;112,83502252881;0,967741935483871;1
597;111,289072169994;108,009258118097;0,967741935483871;1
598;114,311307448967;86,263825922746;0,967741935483871;0,967741935483871
599;112,70398317041;86,489295573965;0,967741935483871;0,967741935483871
600;112,269447219964;109,241300692284;0,967741935483871;1
601;111,066325863744;82,0908332358841;0,967741935483871;1
602;113,847606959712;92,27884255198;0,967741935483871;1
603;112,680958386447;108,765753896774;0,967741935483871;0,967741935483871
604;110,820101316662;106,257089627585;0,967741935483871;1
605;112,505404881867;93,2395826115071;0,967741935483871;0,967741935483871
606;115,892787114368;123,220210592783;0,967741935483871;0,967741935483871
607;111,625353640107;95,7498201244033;0,967741935483871;1
608;112,750747688325;106,16072216313;0,967741935483871;1
609;115,283425106736;113,887144078188;0,967741935483871;1
610;112,799574338602;103,852193604032;0,967741935483871;0,967741935483871
611;113,287185279788;125,328720844079;0,967741935483871;0,967741935483871
612;113,895840093381;84,8220218096008;0,967741935483871;0,967741935483871
613;114,595833273674;116,382917199326;0,967741935483871;0,967741935483871
614;112,584122203741;111,789949569112;0,967741935483871;0,967741935483871
615;112,768543124556;104,91587720107;0,967741935483871;0,967741935483871
616;119,409858910058;114,226587394407;0,967741935483871;1
617;112,754859593551;95,2316193261796;0,967741935483871;1
618;110,775074848268;73,2720651898988;0,967741935483871;1
619;112,193282959124;81,0478138215701;0,967741935483871;0,967741935483871
620;110,171697772952;87,9170463824282;0,967741935483871;0,967741935483871
621;111,01815089223;99,8566561089624;0,967741935483871;1
622;110,795848901426;87,3735480802735;0,967741935483871;0,967741935483871
623;109,163118404884;95,2297134161283;0,967741935483871;0,967741935483871
624;111,651162054085;83,1066982031003;0,967741935483871;0,967741935483871
625;110,004904302246;105,125162604871;0,967741935483871;0,967741935483871
626;111,639217638911;102,791757992763;0,967741935483871;1
627;115,875342104267;106,93924372606;0,967741935483871;0,967741935483871
628;114,162382013577;114,254526145237;0,967741935483871;1
629;110,495449346688;120,440009691658;0,967741935483871;0,967741935483871
630;111,546418937309;103,046567416751;0,967741935483871;0,967741935483871
631;114,364294845096;101,745668362415;0,967741935483871;1
632;111,810830593536;105,431172085598;0,967741935483871;1
633;111,487677246601;97,9058655207309;0,967741935483871;1
634;111,916281887841;86,1156754368222;0,967741935483871;0,967741935483871
635;110,166264373366;90,1555747050036;0,967741935483871;0,967741935483871
636;113,003848253579;85,2290335034486;0,967741935483871;0,967741935483871
637;112,821457270098;74,8676437433755;0,967741935483871;0,967741935483871
638;114,483654053599;117,141162541146;0,967741935483871;1
639;112,668663870624;102,795778969767;0,967741935483871;1
640;114,0848193313;90,3457685086375;0,967741935483871;1
641;112,13413283507;90,421020065232;0,967741935483871;1
642;112,369976961424;103,600518450831;0,967741935483871;0,967741935483871
643;110,656526510585;90,8302616899157;0,967741935483871;0,967741935483871
644;115,227658577397;125,868028676097;0,967741935483871;1
645;112,432715335359;83,3364771737752;0,967741935483871;0,967741935483871
646;116,31043447603;123,450679313249;0,967741935483871;1
647;111,075350021415;93,3572398125959;0,967741935483871;1
648;111,280588681276;97,0925166917217;0,967741935483871;1
649;109,409927293566;92,0089528107827;0,967741935483871;1
650;111,781092630325;116,768076417565;0,967741935483871;1
651;115,226176151904;98,6870433250181;0,967741935483871;0,967741935483871
652;111,389053193927;119,564481038932;0,967741935483871;1
653;112,221068156647;106,933565047245;0,967741935483871;1
654;116,434681527089;117,76765262702;0,967741935483871;0,967741935483871
655;108,905788889598;103,277405833912;0,967741935483871;0,967741935483871
656;113,126509277514;75,2703631441216;0,967741935483871;0,967741935483871
657;113,398950402749;103,091187639637;0,967741935483871;1
658;111,162898105525;89,1366019535527;0,967741935483871;0,967741935483871
659;115,413353259364;107,519032746268;0,967741935483871;0,967741935483871
660;112,244549453124;139,190081602707;0,967741935483871;1
661;115,33292382109;93,5520970013626;0,967741935483871;1
662;109,811593676631;93,036905720539;0,967741935483871;0,967741935483871
663;109,54319334319;109,310554075311;0,967741935483871;0,967741935483871
664;110,379754040837;91,7087554394609;0,967741935483871;0,967741935483871
665;113,272174770139;99,1055874129313;0,967741935483871;0,967741935483871
666;111,626077483937;103,202580864105;0,967741935483871;0,967741935483871
667;113,123378501756;105,755964690482;0,967741935483871;1
668;114,647506116071;107,107906023801;0,967741935483871;0,967741935483871
669;114,323762488618;90,973643431873;0,967741935483871;0,967741935483871
670;113,146348135316;99,1429421539732;0,967741935483871;0,967741935483871
671;111,581317902129;96,1493451467107;0,967741935483871;1
672;111,442773957474;85,3759388779812;0,967741935483871;1
673;116,519041098519;111,800464476027;0,967741935483871;1
674;109,391517574517;97,0157145588139;0,967741935483871;0,967741935483871
675;113,580292830988;82,837909265675;0,967741935483871;0,967741935483871
676;111,939486046282;88,2353077945994;0,967741935483871;0,967741935483871
677;113,480820130822;87,916160996112;0,967741935483871;0,967741935483871
678;112,146705060082;93,8031575435501;0,967741935483871;0,967741935483871
679;114,801078942675;120,407692314537;0,967741935483871;0,967741935483871
680;112,78243646126;102,200230444088;0,967741935483871;0,967741935483871
681;109,67627246757;89,1638873927211;0,967741935483871;0,967741935483871
682;111,808194344165;76,7738611811852;0,967741935483871;0,967741935483871
683;111,01869524744;92,5417109525101;0,967741935483871;1
684;110,877977996537;108,227117452575;0,967741935483871;1
685;110,095246115932;109,143364084846;0,967741935483871;1
686;113,306796735296;119,425159560108;0,967741935483871;0,967741935483871
687;110,803217813819;94,1460398889761;0,967741935483871;1
688;110,823954643321;107,085621428361;0,967741935483871;0,967741935483871
689;111,160106791557;114,093308279464;0,967741935483871;0,967741935483871
690;111,923718886972;110,106926956215;0,967741935483871;1
691;111,847249149995;89,1152719970922;0,967741935483871;0,967741935483871
692;111,995659565311;106,864382632698;0,967741935483871;0,967741935483871
693;112,741718776276;99,1868264253346;0,967741935483871;1
694;113,040308395046;83,2256568547804;0,967741935483871;0,967741935483871
695;111,761024927559;100,065914158445;0,967741935483871;1
696;109,35764360464;88,2511102400319;0,967741935483871;1
697;112,178164709803;106,149008371904;0,967741935483871;1
698;111,938169050645;87,4008695673246;0,967741935483871;1
699;111,679286720646;106,67412978585;0,967741935483871;1
700;112,626469369843;96,4244322639381;0,967741935483871;1
701;113,162963462789;123,835336228557;0,967741935483871;0,967741935483871
702;115,440131969444;108,602384784814;0,967741935483871;0,967741935483871
703;110,36602178239;114,375345758026;0,967741935483871;0,967741935483871
704;112,564783544143;112,850847732479;0,967741935483871;0,967741935483871
705;110,433840777895;86,3400063132458;0,967741935483871;1
706;113,936160653443;114,398894819262;0,967741935483871;0,967741935483871
707;111,904960267838;89,0351574142979;0,967741935483871;0,967741935483871
708;113,109648086925;99,3286806169268;0,967741935483871;0,967741935483871
709;111,976936975193;93,2254830642721;0,967741935483871;1
710;112,812044075089;107,776516170502;0,967741935483871;0,967741935483871
711;110,339257514164;105,769220859882;0,967741935483871;1
712;115,422874173504;86,7058364626338;0,967741935483871;0,967741935483871
713;116,988027640105;83,247253840795;0,967741935483871;0,967741935483871
714;111,821570925229;72,8207906771808;0,967741935483871;0,967741935483871
715;113,142466180806;99,3297019903583;0,967741935483871;0,967741935483871
716;111,504881079946;103,870510692393;0,967741935483871;1
717;112,209202958179;107,370940649716;0,967741935483871;0,967741935483871
718;111,39888216663;95,0207293295722;0,967741935483871;0,967741935483871
719;113,179813551993;82,583380008421;0,967741935483871;1
720;112,990549980655;91,2873505878847;0,967741935483871;0,967741935483871
721;110,565297869211;95,86089371336;0,967741935483871;0,967741935483871
722;110,983772194906;87,7138429165724;0,967741935483871;1
723;110,996440013159;73,1587113608745;0,967741935483871;1
724;111,493244474178;91,3354373480737;0,967741935483871;0,967741935483871
725;113,447292445705;86,6716087066728;0,967741935483871;1
726;114,232139268966;70,681166813912;0,967741935483871;1
727;113,985102241748;119,255954033798;0,967741935483871;1
728;110,811454535389;71,4891504285781;0,967741935483871;1
729;113,785532717123;123,767388675429;0,967741935483871;0,967741935483871
730;112,636295504253;98,3056007428179;0,967741935483871;0,967741935483871
731;111,322892005964;79,6093170155835;0,967741935483871;0,967741935483871
732;109,181417168528;83,2221341887935;0,967741935483871;0,967741935483871
733;116,755699607239;107,71409897714;0,967741935483871;1
734;113,489532378029;100,809494066551;0,967741935483871;0,967741935483871
735;112,115188755227;102,922931202148;0,967741935483871;1
736;111,732420303832;86,3426159455448;0,967741935483871;0,967741935483871
737;111,540181495585;91,1654326481774;0,967741935483871;1
738;111,775539623583;99,2632307140752;0,967741935483871;1
739;109,878476747307;93,4981075611987;0,967741935483871;0,967741935483871
740;110,347167180778;109,268153510107;0,967741935483871;1
741;111,593812614072;104,360355741379;0,967741935483871;1
742;111,942629189958;92,7237059781796;0,967741935483871;0,967741935483871
743;111,369230803743;99,2987650502923;0,967741935483871;1
744;110,75930211385;93,4640945102396;0,967741935483871;1
745;115,144669460565;130,306265041874;0,967741935483871;1
746;112,011284597496;80,9637871336706;0,967741935483871;0,967741935483871
747;111,936491658901;86,7172898113755;0,967741935483871;0,967741935483871
748;109,989296019977;96,6601685415954;0,967741935483871;0,967741935483871
749;115,459212981212;95,494931266529;0,967741935483871;0,967741935483871
750;110,801341218055;120,072970560868;0,967741935483871;1
751;118,186303382868;132,400181295186;0,967741935483871;0,967741935483871
752;113,299852077799;104,04519851246;0,967741935483871;0,967741935483871
753;112,950003424628;116,857798835733;0,967741935483871;0,967741935483871
754;113,786136039626;101,862659429848;0,967741935483871;0,967741935483871
755;112,218104496141;108,616875496132;0,967741935483871;1
756;109,968071703578;78,5756267016153;0,967741935483871;0,967741935483871
757;112,597424753552;102,032179736659;0,967741935483871;0,967741935483871
758;112,059477846901;94,9187261644179;0,967741935483871;0,967741935483871
759;115,562045862356;110,884366122442;0,967741935483871;0,967741935483871
760;111,891552723779;116,166080395904;0,967741935483871;1
761;114,15356356582;119,692177694792;0,967741935483871;1
762;113,567414019855;101,790618742694;0,967741935483871;1
763;113,878203108669;105,031560222137;0,967741935483871;1
764;115,810292914722;119,407302431876;0,967741935483871;0,967741935483871
765;111,551402874511;104,961410339309;0,967741935483871;1
766;115,985690985679;119,102649109247;0,967741935483871;1
767;110,144464478156;99,7656380455063;0,967741935483871;0,967741935483871
768;112,673583962029;65,977242029326;0,967741935483871;1
769;115,298532173231;130,68730146514;0,967741935483871;1
770;112,390316979126;95,4063925421417;0,967741935483871;0,967741935483871
771;116,213207020042;118,739429738992;0,967741935483871;0,967741935483871
772;113,021800853308;102,297612352409;0,967741935483871;0,967741935483871
773;112,316808064914;90,3340511753862;0,967741935483871;1
774;109,659610294484;106,473475158267;0,967741935483871;0,967741935483871
775;111,700249241131;98,6140445164993;0,967741935483871;0,967741935483871
776;110,800016365054;99,8132184413392;0,967741935483871;1
777;113,527279745116;106,244994388442;0,967741935483871;0,967741935483871
778;110,204183431049;95,0624468613223;0,967741935483871;0,967741935483871
779;117,050080656174;108,390110890988;0,967741935483871;0,967741935483871
780;111,885474167712;73,7378006630463;0,967741935483871;0,967741935483871
781;113,982558069119;115,011698988699;0,967741935483871;1
782;117,033950547277;104,864169554104;0,967741935483871;1
783;110,669620881236;99,6681981565043;0,967741935483871;1
784;110,424207761317;103,923991638083;0,967741935483871;0,967741935483871
785;112,476337453272;100,225718638831;0,967741935483871;1
786;112,664848131124;129,184616487233;0,967741935483871;1
787;110,194334237573;98,6910487584317;0,967741935483871;0,967741935483871
788;112,666865145981;102,223682765669;0,967741935483871;0,967741935483871
789;112,001889395972;103,894748833563;0,967741935483871;0,967741935483871
790;112,35126612091;89,9741902297238;0,967741935483871;1
791;110,305691788318;100,699204912321;0,967741935483871;0,967741935483871
792;112,226625644969;91,8015470114716;0,967741935483871;0,967741935483871
793;109,846682011681;89,5278027899205;0,967741935483871;1
794;111,35809779942;89,3215630363701;0,967741935483871;0,967741935483871
795;111,799535724594;96,6635788381636;0,967741935483871;0,967741935483871
796;111,858449806048;80,6035076648437;0,967741935483871;1
797;112,270958676191;73,4091555781426;0,967741935483871;1
798;111,70876896432;103,779641317369;0,967741935483871;0,967741935483871
799;114,940042355579;114,849739417776;0,967741935483871;0,967741935483871
800;111,428646767299;98,2476005147274;0,967741935483871;1
801;113,5230588304;103,673201742862;0,967741935483871;0,967741935483871
802;114,816081452548;113,675277268177;0,967741935483871;0,967741935483871
803;112,49012041455;97,7045449913071;0,967741935483871;0,967741935483871
804;110,097118307614;85,9765214246951;0,967741935483871;1
805;112,106828530276;83,1806370415756;0,967741935483871;1
806;109,750602576292;97,8779265347937;0,967741935483871;0,967741935483871
807;111,204219227551;120,279395601543;0,967741935483871;1
808;117,442520048382;116,462521484842;0,967741935483871;0,967741935483871
809;116,120932723007;108,509327601314;0,967741935483871;1
810;113,24662803211;105,322953111543;0,967741935483871;0,967741935483871
811;111,889054603356;90,2224475360156;0,967741935483871;0,967741935483871
812;110,258451443346;117,454830338254;0,967741935483871;1
813;112,805673730561;94,9300532209071;0,967741935483871;1
814;113,032994590077;138,247996527679;0,967741935483871;0,967741935483871
815;111,421349487493;97,7089776822583;0,967741935483871;0,967741935483871
816;113,577117850146;132,708027004195;0,967741935483871;1
817;110,763418170658;101,43285547334;0,967741935483871;0,967741935483871
818;113,75234093368;113,756515399363;0,967741935483871;1
819;114,684900747279;88,3702504197091;0,967741935483871;1
820;112,622978357098;119,323714557039;0,967741935483871;1
821;115,601754402273;118,689046630143;0,967741935483871;0,967741935483871
822;111,424607713314;80,4439788136489;0,967741935483871;1
823;114,547305051038;143,767831842217;0,967741935483871;1
824;116,322541011601;111,412126290141;0,967741935483871;0,967741935483871
825;113,828312598723;101,243070570279;0,967741935483871;1
826;112,329310265791;95,0358658303311;0,967741935483871;1
827;115,274384630113;115,457692017045;0,967741935483871;1
828;115,340617634664;104,165308752735;0,967741935483871;0,967741935483871
829;116,24093790843;104,34120551145;0,967741935483871;0,967741935483871
830;110,763889850665;101,822386996955;0,967741935483871;1
831;111,991609452375;88,0398285902384;0,967741935483871;1
832;111,917356444988;114,203451885017;0,967741935483871;1
833;111,603006326925;92,6987464093266;0,967741935483871;1
834;112,906057806216;98,8656637107195;0,967741935483871;0,967741935483871
835;117,33347621231;115,75580842058;0,967741935483871;0,967741935483871
836;110,892979900595;72,4776645149527;0,967741935483871;0,967741935483871
837;111,388776417198;101,837203985082;0,967741935483871;1
838;114,373967164743;98,7622539201162;0,967741935483871;0,967741935483871
839;112,847344823956;100,269795253165;0,967741935483871;1
840;112,688544260122;109,779701706195;0,967741935483871;0,967741935483871
841;113,672977203758;109,789203398577;0,967741935483871;1
842;110,569866724292;100,516217186925;0,967741935483871;1
843;109,795032417681;79,7566477097052;0,967741935483871;1
844;114,354528014299;102,96875146712;0,967741935483871;1
845;111,365722382037;107,073276968388;0,967741935483871;0,967741935483871
846;111,274555496944;125,45579088983;0,967741935483871;0,967741935483871
847;115,848976285399;134,212947384399;0,967741935483871;0,967741935483871
848;114,053102552787;123,046356583907;0,967741935483871;1
849;113,904802466284;114,862591583214;0,967741935483871;0,967741935483871
850;109,133698927443;98,3564563424454;0,967741935483871;0,967741935483871
851;111,945816327463;94,1973887286005;0,967741935483871;0,967741935483871
852;112,399565381377;87,0554838414829;0,967741935483871;0,967741935483871
853;110,74285778708;80,0777661817069;0,967741935483871;1
854;112,738786931533;98,3704072831124;0,967741935483871;1
855;114,492554278004;110,57230725393;0,967741935483871;0,967741935483871
856;112,301824525731;97,22925117526;0,967741935483871;0,967741935483871
857;111,544245676626;103,127337257283;0,967741935483871;1
858;113,797597383569;76,477859002247;0,967741935483871;0,967741935483871
859;110,004902060465;91,9870114536068;0,967741935483871;1
860;111,969728813584;105,063308114469;0,967741935483871;0,967741935483871
861;116,398368251003;123,674802214745;0,967741935483871;1
862;112,772384136863;91,2801220417615;0,967741935483871;1
863;112,741071672749;103,363189563551;0,967741935483871;1
864;114,580133519519;93,402978548914;0,967741935483871;1
865;112,017314820734;81,6981420635523;0,967741935483871;0,967741935483871
866;112,997189342556;92,8245095455596;0,967741935483871;1
867;113,084792149766;95,2452953364458;0,967741935483871;1
868;112,851098748328;83,6451720090596;0,967741935483871;0,967741935483871
869;114,930854032435;117,275469662451;0,967741935483871;0,967741935483871
870;111,027909824633;97,0475464479222;0,967741935483871;1
871;113,110675013619;86,7186254058909;0,967741935483871;1
872;110,513408508489;82,6818917668165;0,967741935483871;1
873;112,536293631823;80,7775451576446;0,967741935483871;0,967741935483871
874;114,01660947434;106,409545232189;0,967741935483871;0,967741935483871
875;110,287736522274;86,0071856809188;0,967741935483871;1
876;110,552012624777;94,6256863039777;0,967741935483871;1
877;112,653576019702;94,4930371256551;0,967741935483871;0,967741935483871
878;115,421470743774;94,2430747682389;0,967741935483871;1
879;111,236280292395;106,735291052456;0,967741935483871;0,967741935483871
880;115,162578509065;107,826199601565;0,967741935483871;0,967741935483871
881;115,631904661571;114,988995113573;0,967741935483871;0,967741935483871
882;110,981946301925;94,9728937542348;0,967741935483871;0,967741935483871
883;111,654382098956;99,5738355118984;0,967741935483871;1
884;114,544269628018;99,8699696548434;0,967741935483871;0,967741935483871
885;114,367115125752;119,095070793233;0,967741935483871;1
886;110,820624335164;88,7103165734029;0,967741935483871;0,967741935483871
887;112,895498004067;100,125856544226;0,967741935483871;1
888;113,440521449384;113,985237545941;0,967741935483871;1
889;113,193977228924;120,731400280482;0,967741935483871;1
890;112,152354267447;103,051596171498;0,967741935483871;1
891;111,722693639495;99,2961295174933;0,967741935483871;0,967741935483871
892;112,022936291934;87,7479897673557;0,967741935483871;0,967741935483871
893;111,771423793214;92,5764927244876;0,967741935483871;0,967741935483871
894;116,316977167571;131,513425234031;0,967741935483871;0,967741935483871
895;113,427654062562;125,478324158681;0,967741935483871;0,967741935483871
896;111,900455086698;107,229235923258;0,967741935483871;1
897;112,812867988412;117,696372555298;0,967741935483871;1
898;110,962018949784;92,8233131267005;0,967741935483871;1
899;112,759939683876;95,1952999388902;0,967741935483871;0,967741935483871
900;111,313935634006;98,7158383653219;0,967741935483871;1
901;111,61959663382;89,4526061128248;0,967741935483871;0,967741935483871
902;113,535213086496;82,8080130999368;0,967741935483871;0,967741935483871
903;113,347626805325;122,471484219107;0,967741935483871;1
904;113,699172695409;97,4927303139742;0,967741935483871;0,967741935483871
905;111,129144251111;92,7262162565891;0,967741935483871;0,967741935483871
906;110,415184491834;100,840551065973;0,967741935483871;0,967741935483871
907;111,002385003716;120,640174945216;0,967741935483871;0,967741935483871
908;112,425445343914;119,943743080009;0,967741935483871;0,967741935483871
909;115,757360685811;112,168573534567;0,967741935483871;1
910;112,380448569544;102,519370769104;0,967741935483871;1
911;113,119845514494;98,7728002087384;0,967741935483871;0,967741935483871
912;111,463171223059;95,4081056906385;0,967741935483871;0,967741935483871
913;114,695490260675;129,538993866569;0,967741935483871;1
914;109,730902375652;101,933471175911;0,967741935483871;1
915;110,739889521777;102,218473043194;0,967741935483871;0,967741935483871
916;111,468442874857;101,131557461491;0,967741935483871;1
917;111,772436417728;118,630828501758;0,967741935483871;1
918;113,891100972891;80,3571328120358;0,967741935483871;1
919;111,227195468483;114,127973712586;0,967741935483871;1
920;110,786268265031;103,578274088753;0,967741935483871;0,967741935483871
921;113,485047180948;100,166079627375;0,967741935483871;0,967741935483871
922;112,178663922162;76,0895735739465;0,967741935483871;1
923;112,206232279631;100,608996586287;0,967741935483871;1
924;111,817768901733;89,6568920516245;0,967741935483871;0,967741935483871
925;114,555590682282;119,622645377963;0,967741935483871;1
926;110,608812839482;99,7517222844562;0,967741935483871;0,967741935483871
927;115,721493340374;110,080100003242;0,967741935483871;1
928;111,415766510138;100,014126520444;0,967741935483871;1
929;111,217440405598;106,392244854156;0,967741935483871;0,967741935483871
930;114,170820015331;101,964383064563;0,967741935483871;0,967741935483871
931;114,346406034125;80,3757110248607;0,967741935483871;1
932;109,78026776838;102,702913071496;0,967741935483871;0,967741935483871
933;112,262042283734;82,1385486670417;0,967741935483871;1
934;110,973611529033;99,7315326172251;0,967741935483871;0,967741935483871
935;110,903870100047;81,5798520503027;0,967741935483871;1
936;112,116562797709;88,5129363535968;0,967741935483871;1
937;116,635448365399;107,272840712535;0,967741935483871;0,967741935483871
938;117,521340413338;124,29137208924;0,967741935483871;1
939;109,297266436314;82,6970162407947;0,967741935483871;0,967741935483871
940;112,010092685367;76,5549745889019;0,967741935483871;1
941;113,977731385249;123,349497764803;0,967741935483871;0,967741935483871
942;113,311438347641;132,541881746966;0,967741935483871;0,967741935483871
943;112,180591716911;117,854423992489;0,967741935483871;1
944;114,213362668896;97,7377691128796;0,967741935483871;1
945;112,867020312111;107,76049036545;0,967741935483871;0,967741935483871
946;112,110262609615;91,4613675200169;0,967741935483871;1
947;110,672907797397;109,867444384744;0,967741935483871;0,967741935483871
948;112,419313901313;115,984240065949;0,967741935483871;0,967741935483871
949;114,645122660376;108,691972901713;0,967741935483871;0,967741935483871
950;111,350629734936;94,8079030320613;0,967741935483871;1
951;116,546328237612;90,0006480175048;0,967741935483871;0,967741935483871
952;115,498133219755;110,685656755198;0,967741935483871;0,967741935483871
953;113,482882645936;91,9989873236207;0,967741935483871;1
954;112,492025184271;114,372067138931;0,967741935483871;1
955;110,415092283056;94,5283389355718;0,967741935483871;0,967741935483871
956;112,05754273553;82,5513784399636;0,967741935483871;1
957;112,78591416286;109,061447400442;0,967741935483871;1
958;114,583352362845;109,873248836215;0,967741935483871;0,967741935483871
959;113,035801995497;113,789915710147;0,967741935483871;1
960;111,303580733059;108,954491058824;0,967741935483871;0,967741935483871
961;110,870204347695;113,984464744244;0,967741935483871;1
962;112,328864236988;114,803922301547;0,967741935483871;1
963;115,538491775336;99,2941537104621;0,967741935483871;1
964;111,129647299833;105,597518997506;0,967741935483871;0,967741935483871
965;111,537850045134;96,5854086194819;0,967741935483871;0,967741935483871
966;111,308727743957;83,6193194944243;0,967741935483871;1
967;109,383130672344;110,629855610247;0,967741935483871;1
968;118,206065777094;148,283001441216;0,967741935483871;0,967741935483871
969;112,237110995669;103,296815865159;0,967741935483871;0,967741935483871
970;110,833354796695;111,742892014218;0,967741935483871;0,967741935483871
971;112,804799988179;85,5006534821874;0,967741935483871;1
972;112,614411169604;79,8330417977713;0,967741935483871;0,967741935483871
973;111,163351640888;106,781942481217;0,967741935483871;0,967741935483871
974;112,594302355737;89,3689862431617;0,967741935483871;1
975;113,881092501297;110,663204175506;0,967741935483871;1
976;113,539549743216;97,4542650921764;0,967741935483871;1
977;112,361112320562;91,2188119561823;0,967741935483871;0,967741935483871
978;114,206859360642;91,6326570201406;0,967741935483871;0,967741935483871
979;110,604525043436;91,9992443671499;0,967741935483871;0,967741935483871
980;116,040555181066;104,980764039406;0,967741935483871;0,967741935483871
981;112,741707822587;107,691464352813;0,967741935483871;0,967741935483871
982;114,401241070498;93,3259458847885;0,967741935483871;0,967741935483871
983;112,739441066094;103,917876380554;0,967741935483871;1
984;113,825363822012;96,764323091463;0,967741935483871;1
985;113,999728481399;100,836006056423;0,967741935483871;0,967741935483871
986;114,737958814984;117,681931450946;0,967741935483871;0,967741935483871
987;109,895926829939;95,8011552201661;0,967741935483871;1
988;110,568457135215;75,9762856424591;0,967741935483871;1
989;112,416434606514;96,38951581212;0,967741935483871;1
990;115,398800002015;108,197707808393;0,967741935483871;1
991;113,04809805945;114,667788896927;0,967741935483871;1
992;110,848234127825;121,067748594698;0,967741935483871;1
993;109,837099140512;101,366487391911;0,967741935483871;1
994;113,784860281769;106,073111141714;0,967741935483871;0,967741935483871
995;110,549745265317;109,021312564781;0,967741935483871;0,967741935483871
996;113,386449693814;103,595760961097;0,967741935483871;1
997;110,38847920627;81,8195334243888;0,967741935483871;1
998;113,952671967399;102,665031931044;0,967741935483871;1
999;111,518315978377;77,2419733362382;0,967741935483871;0,967741935483871
