0;107,745723295063;66,3859450877315;0,935483870967742;1
1;110,989486243811;81,0213774277279;0,935483870967742;0,967741935483871
2;106,510771189605;61,2849193702458;0,935483870967742;0,967741935483871
3;105,256457647521;52,5965745569764;0,935483870967742;0,967741935483871
4;105,869026079984;61,6274165878658;0,935483870967742;1
5;107,107494701883;46,2195592542615;0,935483870967742;0,967741935483871
6;109,977902401871;98,9800430130578;0,935483870967742;1
7;107,625435243271;47,1422107422712;0,935483870967742;1
8;109,96349970759;120,542816046537;0,935483870967742;1
9;104,554387275312;57,6882966014065;0,935483870967742;1
10;107,281818594232;44,4566455081819;0,935483870967742;1
11;107,168601711927;90,5707115853486;0,935483870967742;0,967741935483871
12;107,65110284597;55,0103220481151;0,935483870967742;1
13;106,450103399001;57,3416490938474;0,935483870967742;1
14;105,921731053046;67,248402965785;0,935483870967742;0,967741935483871
15;106,019973618048;56,714305474697;0,935483870967742;0,967741935483871
16;106,637047757424;51,0555622511364;0,935483870967742;1
17;108,785958400598;110,944936141744;0,935483870967742;1
18;105,7261689188;59,8213479825726;0,935483870967742;1
19;106,928823661771;59,2473088376371;0,935483870967742;1
20;107,260380841358;54,5180679586941;0,935483870967742;0,967741935483871
21;108,931327081928;58,3861264520011;0,935483870967742;1
22;105,023981694064;44,902200182869;0,935483870967742;0,967741935483871
23;105,292020666784;56,4777212008302;0,935483870967742;1
24;110,09033667138;65,6423077272862;0,935483870967742;0,967741935483871
25;110,503057373545;55,4450582100683;0,935483870967742;0,967741935483871
26;107,713320127494;57,6646740526752;0,935483870967742;1
27;110,587574635525;81,8246677641447;0,935483870967742;0,967741935483871
28;106,524504416112;80,804589974022;0,935483870967742;1
29;106,742147942603;44,9557263719013;0,935483870967742;0,967741935483871
30;105,509470933282;54,3300848405811;0,935483870967742;1
31;106,984922892632;85,5094304609376;0,935483870967742;1
32;107,160478703651;41,2771124426268;0,935483870967742;0,967741935483871
33;112,728639145586;149,588578645228;0,935483870967742;1
34;108,270929771065;54,9246954078244;0,935483870967742;1
35;106,718564837686;52,8919082169503;0,935483870967742;0,967741935483871
36;110,447096949473;63,2637684785441;0,935483870967742;0,967741935483871
37;107,370000933729;41,7537616040271;0,935483870967742;1
38;111,551794245989;85,4016047062621;0,935483870967742;1
39;110,890841019338;67,4976613310399;0,935483870967742;0,967741935483871
40;108,300533417913;72,6370399035089;0,935483870967742;0,967741935483871
41;106,478250029164;42,8852013085578;0,935483870967742;1
42;107,152267669381;71,683659047065;0,935483870967742;0,967741935483871
43;108,519291803496;53,6090424298769;0,935483870967742;1
44;110,250016994403;75,7234800192722;0,935483870967742;1
45;108,897573476041;98,8544270076579;0,935483870967742;1
46;107,472467278559;59,0491230278358;0,935483870967742;1
47;106,601369087401;54,1627192641041;0,935483870967742;1
48;106,325881417227;69,1559984174327;0,935483870967742;0,967741935483871
49;107,853327506384;72,6952854542344;0,935483870967742;0,967741935483871
50;109,206238049566;66,1320184642964;0,935483870967742;0,967741935483871
51;106,374738040143;77,7955252616228;0,935483870967742;0,967741935483871
52;106,689140449086;59,1824261023215;0,935483870967742;0,967741935483871
53;107,677340964086;58,2801107375771;0,935483870967742;0,967741935483871
54;107,137307443135;48,9983375844374;0,935483870967742;1
55;107,733296714384;72,160598710681;0,935483870967742;0,967741935483871
56;106,460589415293;48,3105691850054;0,935483870967742;0,967741935483871
57;111,183388649255;100,818715424338;0,935483870967742;0,967741935483871
58;108,140718440488;80,1964290313223;0,935483870967742;0,967741935483871
59;107,609471261675;93,7205898503295;0,935483870967742;1
60;107,263545999822;112,766363101305;0,935483870967742;0,967741935483871
61;108,568150913409;74,0940810839713;0,935483870967742;0,967741935483871
62;108,707646582431;86,5751772292575;0,935483870967742;0,967741935483871
63;109,895830038226;107,141887955104;0,935483870967742;0,967741935483871
64;105,849770925029;54,2856825534224;0,935483870967742;0,967741935483871
65;106,960702459017;52,3913010700908;0,935483870967742;1
66;106,495302598278;63,1067677652137;0,935483870967742;0,967741935483871
67;107,008025345152;59,9430437631045;0,935483870967742;1
68;110,945676844262;99,149594364015;0,935483870967742;0,967741935483871
69;105,194824253303;54,4914996219938;0,935483870967742;0,967741935483871
70;105,7984990316;57,7681959570686;0,935483870967742;1
71;107,921540997806;80,3607444708107;0,935483870967742;1
72;106,585836807379;47,4157208683718;0,935483870967742;1
73;105,923640022751;51,1206146127969;0,935483870967742;1
74;110,573274300103;120,40409205232;0,935483870967742;1
75;107,690978770563;81,6530844753207;0,935483870967742;1
76;106,407919820271;64,0876855012674;0,935483870967742;0,967741935483871
77;110,116681355651;83,6710105435357;0,935483870967742;0,967741935483871
78;106,836566840246;46,2528500533601;0,935483870967742;0,967741935483871
79;107,535557173224;49,9686249038031;0,935483870967742;1
80;109,407527176323;68,6181755828591;0,935483870967742;0,967741935483871
81;109,336028551009;52,6671479816961;0,935483870967742;1
82;109,843155597377;52,9911494168918;0,935483870967742;0,967741935483871
83;104,478677521662;51,0319300034979;0,935483870967742;1
84;107,011704648209;90,9640134979815;0,935483870967742;0,967741935483871
85;109,549331503686;74,8388200996888;0,935483870967742;0,967741935483871
86;108,101010922351;63,9395412010245;0,935483870967742;0,967741935483871
87;107,642177696206;53,9850322543835;0,935483870967742;0,967741935483871
88;107,752079400938;63,0027988232559;0,935483870967742;1
89;109,294676385387;84,7687235833817;0,935483870967742;1
90;110,246428301741;73,5684215552783;0,935483870967742;0,967741935483871
91;106,080503353501;76,560064953261;0,935483870967742;0,967741935483871
92;106,665142705503;46,4511323171886;0,935483870967742;1
93;109,835278685543;91,8809323983205;0,935483870967742;1
94;109,0304850752;82,223487693371;0,935483870967742;1
95;112,369786733644;59,2049064387549;0,935483870967742;0,967741935483871
96;107,026653794478;59,7392055516441;0,935483870967742;1
97;108,310697013451;83,0757586139733;0,935483870967742;1
98;109,76435988469;109,422731832635;0,935483870967742;1
99;108,607073489894;70,5490718985478;0,935483870967742;0,967741935483871
100;107,93946817616;91,1094772703066;0,935483870967742;1
101;108,728596525921;52,5937045532377;0,935483870967742;0,967741935483871
102;108,843475141586;69,7693142688574;0,935483870967742;0,967741935483871
103;109,078318008509;79,2206116381261;0,935483870967742;0,967741935483871
104;107,921083360171;57,3662568182948;0,935483870967742;0,967741935483871
105;108,736349977964;60,0510527319388;0,935483870967742;0,967741935483871
106;110,142994884406;70,378111268252;0,935483870967742;1
107;105,640129094727;54,9301235021763;0,935483870967742;0,967741935483871
108;111,146880551529;64,5627737459468;0,935483870967742;1
109;107,978150639364;45,2013786824817;0,935483870967742;0,967741935483871
110;105,705995181835;44,7466328267422;0,935483870967742;1
111;109,103161971435;50,2662180662387;0,935483870967742;0,967741935483871
112;107,442792319642;103,100327886779;0,935483870967742;0,967741935483871
113;106,19946902801;47,0676322323983;0,935483870967742;0,967741935483871
114;106,321104010482;55,9874502515542;0,935483870967742;1
115;105,392525451283;50,076095432993;0,935483870967742;1
116;107,94777845969;75,8059679392182;0,935483870967742;0,967741935483871
117;112,950299990558;165,973066857882;0,935483870967742;1
118;108,681608440558;81,7587563196734;0,935483870967742;0,967741935483871
119;105,205637970038;50,2466233052105;0,935483870967742;0,967741935483871
120;106,043245577762;50,9654235846119;0,935483870967742;1
121;107,903316735113;64,5768508553031;0,935483870967742;0,967741935483871
122;116,24066479276;161,884921456669;0,935483870967742;1
123;110,235468210242;94,3050842253964;0,935483870967742;1
124;110,584246967636;69,026609489333;0,935483870967742;0,967741935483871
125;108,947255895173;67,1769087021952;0,935483870967742;1
126;105,735137715061;51,5522339031841;0,935483870967742;1
127;106,788572819072;43,4082724740459;0,935483870967742;1
128;107,623531288423;75,8781675166122;0,935483870967742;0,967741935483871
129;106,542841601323;48,6128299957169;0,935483870967742;1
130;105,401738394079;58,4909732969701;0,935483870967742;0,967741935483871
131;108,141398698223;48,1937297777537;0,935483870967742;0,967741935483871
132;108,384125530274;68,8974817942128;0,935483870967742;1
133;108,450442835978;63,1240296114369;0,935483870967742;0,967741935483871
134;108,012951254405;66,5469767455595;0,935483870967742;0,967741935483871
135;107,880207180411;50,9059095623492;0,935483870967742;1
136;105,766041080495;41,5436190527577;0,935483870967742;1
137;107,717965755974;56,84754117725;0,935483870967742;1
138;105,035232658871;48,4247228521516;0,935483870967742;0,967741935483871
139;106,619141585103;74,5579586615009;0,935483870967742;1
140;110,10045384289;76,5512034222301;0,935483870967742;0,967741935483871
141;105,757706015448;46,5247758070647;0,935483870967742;1
142;106,996860638072;72,4250773885728;0,935483870967742;1
143;105,777422861673;62,2815463392003;0,935483870967742;1
144;104,982226868373;64,5675399831575;0,935483870967742;1
145;110,177531962614;63,0426279090639;0,935483870967742;1
146;109,417232376114;96,4239520203188;0,935483870967742;0,967741935483871
147;108,686589010062;66,2805629715604;0,935483870967742;0,967741935483871
148;110,441011988479;56,9909856988302;0,935483870967742;0,967741935483871
149;108,02800136323;64,3044148948558;0,935483870967742;0,967741935483871
150;108,810644503721;101,900521838371;0,935483870967742;0,967741935483871
151;112,73749891324;77,5792091337093;0,935483870967742;1
152;109,867272250461;82,3113865572663;0,935483870967742;0,967741935483871
153;106,190826307615;57,2164592921718;0,935483870967742;1
154;107,524236722536;61,5982918160688;0,935483870967742;0,967741935483871
155;106,965417024736;51,6747162921844;0,935483870967742;0,967741935483871
156;105,057399746697;52,825758579422;0,935483870967742;0,967741935483871
157;106,730122712845;84,4200630758119;0,935483870967742;0,967741935483871
158;108,290262474646;72,0483532405641;0,935483870967742;0,967741935483871
159;107,014960534102;49,0968203636208;0,935483870967742;1
160;108,53857959277;47,2642956416247;0,935483870967742;0,967741935483871
161;110,652168466526;111,36293025343;0,935483870967742;0,967741935483871
162;107,488703895209;44,9705883126419;0,935483870967742;1
163;106,417891651103;48,4491929382231;0,935483870967742;1
164;108,265718093392;82,6920751621541;0,935483870967742;1
165;108,147652141751;64,62733530767;0,935483870967742;0,967741935483871
166;106,42380800964;48,1620498311296;0,935483870967742;1
167;105,583586835209;47,1025889455199;0,935483870967742;1
168;112,876490140818;138,046853580981;0,935483870967742;1
169;105,968339196729;51,1616724698037;0,935483870967742;0,967741935483871
170;108,618696362902;65,5574527584326;0,935483870967742;0,967741935483871
171;105,321219564421;59,7130631471269;0,935483870967742;0,967741935483871
172;108,246234304697;61,0026044296313;0,935483870967742;1
173;108,15025719497;66,7521439734406;0,935483870967742;0,967741935483871
174;105,649926480014;61,0507989100872;0,935483870967742;0,967741935483871
175;109,201896489353;78,9034377908046;0,935483870967742;0,967741935483871
176;106,101641035453;52,7766895111095;0,935483870967742;0,967741935483871
177;108,986869139845;96,613639912552;0,935483870967742;0,967741935483871
178;105,629452951277;48,503515552193;0,935483870967742;0,967741935483871
179;108,605368575817;61,7016932051389;0,935483870967742;0,967741935483871
180;105,090645749325;56,7959693258487;0,935483870967742;0,967741935483871
181;106,550675143464;48,3130014723618;0,935483870967742;0,967741935483871
182;107,443333126213;54,3838378329547;0,935483870967742;0,967741935483871
183;107,138378561094;58,6762069841743;0,935483870967742;1
184;106,149709953647;77,7779415673297;0,935483870967742;0,967741935483871
185;108,855191532195;89,3139289853089;0,935483870967742;1
186;108,614488284747;84,3627456579829;0,935483870967742;0,967741935483871
187;105,921238231016;44,3596498875301;0,935483870967742;1
188;107,365620436642;86,9230843549151;0,935483870967742;0,967741935483871
189;104,876067520316;48,0588565740584;0,935483870967742;0,967741935483871
190;110,928761478322;70,8018234567366;0,935483870967742;1
191;105,092167569129;43,1276482556737;0,935483870967742;0,967741935483871
192;107,099141430655;44,9358664565694;0,935483870967742;0,967741935483871
193;109,181809271051;64,8196382747452;0,935483870967742;0,967741935483871
194;111,866890212031;60,2605560788836;0,935483870967742;1
195;105,661010068279;57,4553688824886;0,935483870967742;1
196;105,631318953126;70,8596041374869;0,935483870967742;1
197;107,085826964971;54,0772353930395;0,935483870967742;1
198;107,599726161395;52,7535575543184;0,935483870967742;1
199;109,077317088205;83,0874506612666;0,935483870967742;0,967741935483871
200;106,540502228072;72,3640062551975;0,935483870967742;0,967741935483871
201;104,985731720049;48,096250502434;0,935483870967742;1
202;105,152281827268;43,6893531285419;0,935483870967742;1
203;107,829003498172;54,8000249987663;0,935483870967742;0,967741935483871
204;111,298867808398;101,504449854561;0,935483870967742;1
205;108,100778785017;53,6626465153268;0,935483870967742;1
206;107,691486231981;102,861662986138;0,935483870967742;1
207;109,679640568661;67,3322159622032;0,935483870967742;1
208;108,592123190404;61,7452875846943;0,935483870967742;0,967741935483871
209;105,004966554167;52,2148411629429;0,935483870967742;1
210;108,826050795031;49,7993762334501;0,935483870967742;1
211;108,126754323732;72,5770956048841;0,935483870967742;1
212;106,335539684223;63,887636563212;0,935483870967742;0,967741935483871
213;105,353775718102;68,122220813053;0,935483870967742;1
214;108,300408422307;73,6270917391864;0,935483870967742;1
215;106,789863719503;71,2495044606361;0,935483870967742;0,967741935483871
216;105,432680931491;66,11449724365;0,935483870967742;0,967741935483871
217;109,353949330411;66,1204309754183;0,935483870967742;1
218;108,435749459555;58,9644994526737;0,935483870967742;0,967741935483871
219;107,058444742771;55,4911791085363;0,935483870967742;0,967741935483871
220;108,40145147877;78,8668756684359;0,935483870967742;0,967741935483871
221;110,849083525942;75,0424688110618;0,935483870967742;0,967741935483871
222;107,293417525259;73,9035975151287;0,935483870967742;1
223;106,521749258251;57,6329416845084;0,935483870967742;0,967741935483871
224;107,624698939685;51,9892221858559;0,935483870967742;1
225;107,257255824425;49,5032672141071;0,935483870967742;1
226;107,544262687592;73,5954515799212;0,935483870967742;1
227;105,626549769702;79,7041718659144;0,935483870967742;0,967741935483871
228;109,245788598756;86,549865862469;0,935483870967742;0,967741935483871
229;109,197740955569;61,7631359350644;0,935483870967742;1
230;105,841364773225;71,4044273543334;0,935483870967742;1
231;110,72359395669;86,0144043758782;0,935483870967742;1
232;109,510187791831;107,433493622867;0,935483870967742;1
233;107,413798753469;56,8197641873401;0,935483870967742;1
234;106,36681369427;43,8856675874741;0,935483870967742;1
235;108,644849748423;56,1025650222131;0,935483870967742;0,967741935483871
236;110,264598930906;67,1203289657447;0,935483870967742;1
237;105,46258654171;52,4791012518223;0,935483870967742;0,967741935483871
238;111,391387907901;77,338410974112;0,935483870967742;0,967741935483871
239;107,161841775197;56,281334062753;0,935483870967742;1
240;106,033845506465;68,8975278433313;0,935483870967742;0,967741935483871
241;111,201640625861;55,4947591461183;0,935483870967742;1
242;106,074440249064;48,3517357104888;0,935483870967742;0,967741935483871
243;110,214441858764;61,8845771207064;0,935483870967742;1
244;110,097836773792;86,5547246437287;0,935483870967742;0,967741935483871
245;108,289416715754;43,3097587056406;0,935483870967742;1
246;104,838313740905;71,1578665441348;0,935483870967742;0,967741935483871
247;110,856891423266;77,6710520742211;0,935483870967742;0,967741935483871
248;107,354986226963;65,6029845083764;0,935483870967742;1
249;108,144145142835;65,9022130920138;0,935483870967742;1
250;107,32521539708;56,0397568541463;0,935483870967742;0,967741935483871
251;106,853542387398;75,6135906685427;0,935483870967742;1
252;110,752259132396;64,5260319462213;0,935483870967742;0,967741935483871
253;107,239443215686;53,0243598858248;0,935483870967742;1
254;113,201607889252;142,538814013919;0,935483870967742;1
255;107,756850660819;46,9964985855913;0,935483870967742;1
256;106,401050346557;53,4014233065223;0,935483870967742;1
257;104,984688872718;54,0773033022958;0,935483870967742;1
258;105,787555774682;47,074335492527;0,935483870967742;0,967741935483871
259;106,894863830815;59,1639212858595;0,935483870967742;0,967741935483871
260;110,242246749811;84,6672001973156;0,935483870967742;0,967741935483871
261;113,776483664797;73,2760949995545;0,935483870967742;1
262;106,840562149356;83,7324669810054;0,935483870967742;0,967741935483871
263;109,908704688198;98,7305688416626;0,935483870967742;1
264;107,839189736;72,9064838012741;0,935483870967742;0,967741935483871
265;110,387907954357;76,7061142598082;0,935483870967742;0,967741935483871
266;108,439559210586;45,347663084112;0,935483870967742;1
267;108,219170185516;57,767364578837;0,935483870967742;0,967741935483871
268;107,173165045585;47,5600655224914;0,935483870967742;1
269;108,236891955071;52,0337189871367;0,935483870967742;1
270;109,223482703292;51,8320150239753;0,935483870967742;1
271;106,742808291265;53,6781582266151;0,935483870967742;1
272;107,81528609076;64,1418063257364;0,935483870967742;0,967741935483871
273;109,716330937863;66,9381147986558;0,935483870967742;1
274;107,667932388687;47,2866435656065;0,935483870967742;1
275;105,655939626801;41,2889891438666;0,935483870967742;1
276;105,910191930682;91,3886685777692;0,935483870967742;0,967741935483871
277;107,926867102578;88,5093397566271;0,935483870967742;0,967741935483871
278;107,539289667607;57,8918979989269;0,935483870967742;0,967741935483871
279;107,23698671771;67,4999263405064;0,935483870967742;0,967741935483871
280;109,006994634122;53,9629969470941;0,935483870967742;0,967741935483871
281;105,786304562378;51,6568419322511;0,935483870967742;1
282;108,177419140419;92,1029788400576;0,935483870967742;0,967741935483871
283;106,991748804079;71,2938842614198;0,935483870967742;0,967741935483871
284;105,06819192564;62,2408536694597;0,935483870967742;0,967741935483871
285;107,895141519126;85,1450857426297;0,935483870967742;1
286;109,581532658837;47,0100313508934;0,935483870967742;0,967741935483871
287;107,131898449915;72,9033231269147;0,935483870967742;1
288;109,045983354162;61,5582307161153;0,935483870967742;1
289;108,725183977008;94,738534227021;0,935483870967742;0,967741935483871
290;109,227785058018;55,0287741410819;0,935483870967742;0,967741935483871
291;112,196782602805;120,78778958037;0,935483870967742;0,967741935483871
292;106,432075186224;50,8451794872032;0,935483870967742;0,967741935483871
293;107,516076210118;68,2313334232238;0,935483870967742;0,967741935483871
294;107,092507007871;60,1226583517957;0,935483870967742;0,967741935483871
295;108,418848644462;64,4277863852658;0,935483870967742;1
296;112,064623483166;89,3865503181832;0,935483870967742;1
297;106,288114844928;49,4833730909039;0,935483870967742;1
298;108,309459955363;79,0764658270101;0,935483870967742;0,967741935483871
299;105,853076529071;42,5911867957115;0,935483870967742;1
300;109,245375468443;51,9371526385568;0,935483870967742;0,967741935483871
301;106,086871892994;75,5683983648563;0,935483870967742;1
302;107,468196074125;56,9311988714374;0,935483870967742;0,967741935483871
303;105,500732772206;52,599772622114;0,935483870967742;1
304;110,266634138985;55,3668090067323;0,935483870967742;1
305;107,118305439752;49,5872025946543;0,935483870967742;1
306;107,134045383521;60,1212859488631;0,935483870967742;1
307;108,128274885482;69,4560592808648;0,935483870967742;0,967741935483871
308;105,084960581925;46,4677050735258;0,935483870967742;1
309;108,783751382623;43,7877578758722;0,935483870967742;1
310;105,711108414668;56,5243889627266;0,935483870967742;1
311;106,565032316026;56,2409899026955;0,935483870967742;0,967741935483871
312;109,161771550754;43,9045730367455;0,935483870967742;0,967741935483871
313;106,597748211165;66,9669190103362;0,935483870967742;1
314;109,719432702855;57,2077845043727;0,935483870967742;0,967741935483871
315;109,865790561843;53,6526912584205;0,935483870967742;1
316;106,06159001077;67,4664047185523;0,935483870967742;0,967741935483871
317;106,625469469869;56,2627728568952;0,935483870967742;0,967741935483871
318;106,304711318803;56,1417677973683;0,935483870967742;1
319;106,239148046652;45,8882420787484;0,935483870967742;0,967741935483871
320;107,300492333378;61,6738577328845;0,935483870967742;1
321;109,583156193113;70,6828031624994;0,935483870967742;1
322;106,23157125662;52,2461556039648;0,935483870967742;0,967741935483871
323;106,931037428008;44,7922888001773;0,935483870967742;1
324;107,416367538216;50,5079610531875;0,935483870967742;0,967741935483871
325;110,337878207706;108,129016742415;0,935483870967742;1
326;110,658038508433;67,6650355659467;0,935483870967742;0,967741935483871
327;107,647850295628;54,816681491812;0,935483870967742;1
328;106,37412343263;71,4205558722158;0,935483870967742;0,967741935483871
329;109,178291222761;88,0971794071431;0,935483870967742;0,967741935483871
330;107,642887877407;83,8062603808733;0,935483870967742;1
331;106,806503792368;63,9377506821247;0,935483870967742;1
332;109,556060644253;67,5995506310704;0,935483870967742;1
333;105,689597520294;62,603582837557;0,935483870967742;0,967741935483871
334;104,430698797053;51,4922665367409;0,935483870967742;1
335;105,601845191315;52,6244633389847;0,935483870967742;0,967741935483871
336;108,659522708972;47,3996816929906;0,935483870967742;0,967741935483871
337;106,406633711822;59,3493727104105;0,935483870967742;1
338;106,745688771382;53,3525664971663;0,935483870967742;0,967741935483871
339;107,521706597347;75,2339694117795;0,935483870967742;0,967741935483871
340;111,631049969736;70,9568229264101;0,935483870967742;0,967741935483871
341;107,105003256905;54,6325798005446;0,935483870967742;1
342;112,328612921149;50,6177026482009;0,935483870967742;1
343;106,934783761383;48,1058807063762;0,935483870967742;0,967741935483871
344;113,249472095421;115,432316944827;0,935483870967742;1
345;108,061468660762;59,6565702679564;0,935483870967742;1
346;105,812971420106;55,0774771970527;0,935483870967742;1
347;107,93811568353;66,3048419811479;0,935483870967742;1
348;108,399947819857;62,1935806342041;0,935483870967742;1
349;109,83174082897;81,8885897357559;0,935483870967742;0,967741935483871
350;106,513617217775;69,5979205090253;0,935483870967742;1
351;108,445006683246;51,6556044791889;0,935483870967742;0,967741935483871
352;105,291758673971;52,4972952840614;0,935483870967742;1
353;111,364676104643;91,3476715045035;0,935483870967742;1
354;109,018495121868;63,9889529778166;0,935483870967742;1
355;107,800701772656;73,4883404180152;0,935483870967742;1
356;106,829157537923;56,8440223184073;0,935483870967742;1
357;108,26970802199;58,3809343859945;0,935483870967742;1
358;109,548803546525;60,0491075746809;0,935483870967742;0,967741935483871
359;106,194947810251;46,0095494004594;0,935483870967742;1
360;105,165879772619;75,3613829667021;0,935483870967742;0,967741935483871
361;108,734439434958;141,769044433388;0,935483870967742;1
362;108,163695886195;83,4748616499248;0,935483870967742;1
363;106,871060679432;50,2155071764011;0,935483870967742;1
364;105,265468749015;44,3328805937227;0,935483870967742;1
365;109,202232634703;79,867606232314;0,935483870967742;1
366;108,703232054679;63,3017061030525;0,935483870967742;0,967741935483871
367;108,069774875278;110,228756014206;0,935483870967742;1
368;111,67795643131;68,2396006378204;0,935483870967742;0,967741935483871
369;108,139986778165;53,3019296246387;0,935483870967742;1
370;108,399233685936;54,6665571219889;0,935483870967742;1
371;105,368658508883;58,5776834985241;0,935483870967742;1
372;109,891449128305;81,9347894528059;0,935483870967742;0,967741935483871
373;106,492538226881;47,0559261559482;0,935483870967742;0,967741935483871
374;106,302307277363;49,0541730736165;0,935483870967742;0,967741935483871
375;107,969335288354;59,413488116353;0,935483870967742;0,967741935483871
376;107,308625318521;42,9934445128375;0,935483870967742;1
377;109,983740768906;66,1691681434901;0,935483870967742;0,967741935483871
378;107,794058253586;60,2569743782432;0,935483870967742;1
379;107,477457668465;54,7833335870083;0,935483870967742;0,967741935483871
380;106,526547535526;49,1151464794566;0,935483870967742;1
381;107,54202384909;49,1284703169618;0,935483870967742;0,967741935483871
382;109,53443632615;79,3603383445713;0,935483870967742;0,967741935483871
383;106,185993456787;55,2615556367275;0,935483870967742;0,967741935483871
384;104,417909761565;49,2203475648555;0,935483870967742;1
385;107,210800109049;57,3018395264274;0,935483870967742;1
386;107,931200897118;65,4370642608955;0,935483870967742;1
387;110,276227661971;50,2880290437114;0,935483870967742;0,967741935483871
388;106,598499399971;47,8600001549896;0,935483870967742;0,967741935483871
389;108,820922625933;49,8050262503592;0,935483870967742;1
390;105,930383730931;52,4917114383679;0,935483870967742;0,967741935483871
391;108,162501931178;64,9218965172709;0,935483870967742;0,967741935483871
392;106,217212560792;57,1950676886911;0,935483870967742;0,967741935483871
393;108,331809476914;73,2410343791338;0,935483870967742;1
394;108,824437804179;56,7264421463903;0,935483870967742;0,967741935483871
395;108,85423819978;82,2340017379991;0,935483870967742;1
396;106,262066731705;75,4465775654594;0,935483870967742;1
397;108,575366296683;59,7375154616399;0,935483870967742;1
398;106,947078809386;51,2878339474503;0,935483870967742;1
399;107,465998086745;59,424134924517;0,935483870967742;1
400;107,660902076136;95,6960645098555;0,935483870967742;0,967741935483871
401;105,873281054427;50,4937304400835;0,935483870967742;1
402;107,588108185416;48,1596238141934;0,935483870967742;1
403;109,886142713247;60,2684940311687;0,935483870967742;0,967741935483871
404;107,228637622812;53,7375142618065;0,935483870967742;0,967741935483871
405;108,294639810273;49,7301103866978;0,935483870967742;1
406;107,87252174849;53,6888622986052;0,935483870967742;1
407;106,859675168594;59,0330425257122;0,935483870967742;1
408;106,204827476179;51,3924530354964;0,935483870967742;0,967741935483871
409;107,030431795043;61,6477226946892;0,935483870967742;0,967741935483871
410;105,468464054833;51,7933770336564;0,935483870967742;0,967741935483871
411;108,35324357336;54,4004048316331;0,935483870967742;1
412;107,555018521844;46,5638084511584;0,935483870967742;1
413;110,164931030636;70,6326339813501;0,935483870967742;1
414;104,80766878104;65,4109857697616;0,935483870967742;0,967741935483871
415;109,449324407353;74,7942579034614;0,935483870967742;1
416;106,287100125433;43,6968636804081;0,935483870967742;1
417;107,385452155252;51,642298861036;0,935483870967742;0,967741935483871
418;108,405973688439;68,6135721309751;0,935483870967742;1
419;105,89940814353;48,4153048780552;0,935483870967742;0,967741935483871
420;107,90951619723;68,1293743914089;0,935483870967742;1
421;108,926617963818;81,7995083157874;0,935483870967742;1
422;107,898409669223;43,218017367105;0,935483870967742;0,967741935483871
423;108,06226862034;48,0478688512202;0,935483870967742;1
424;108,606111281647;87,9922366976569;0,935483870967742;0,967741935483871
425;106,941242976357;46,995341778151;0,935483870967742;1
426;108,376439412924;65,4967479556091;0,935483870967742;1
427;106,314373805055;82,8251047963983;0,935483870967742;1
428;110,639313353406;56,164802545717;0,935483870967742;0,967741935483871
429;110,150123587699;81,832284734599;0,935483870967742;0,967741935483871
430;106,617752858368;47,2243009721599;0,935483870967742;1
431;110,741742616409;60,4074260238366;0,935483870967742;1
432;108,613339196269;66,1233851305901;0,935483870967742;0,967741935483871
433;110,783874355384;91,8315543177259;0,935483870967742;1
434;104,489824417361;88,9052176641378;0,935483870967742;1
435;110,382757490936;95,7715841749399;0,935483870967742;1
436;109,047410527508;104,290100905813;0,935483870967742;1
437;107,338780312069;61,8158803303078;0,935483870967742;1
438;106,180285061475;58,7390560205591;0,935483870967742;1
439;109,718318527075;53,2081217489327;0,935483870967742;0,967741935483871
440;105,134119050377;51,6809324877765;0,935483870967742;0,967741935483871
441;106,173356370248;64,8220507244184;0,935483870967742;1
442;105,821010164925;57,424762196888;0,935483870967742;0,967741935483871
443;115,112537858615;100,17764409966;0,935483870967742;1
444;107,318915644953;51,2921945670192;0,935483870967742;1
445;105,50939882413;50,954862832371;0,935483870967742;0,967741935483871
446;109,085697144124;75,9701980436636;0,935483870967742;1
447;107,540103625932;45,7373991770379;0,935483870967742;1
448;106,738082283473;64,3079247888982;0,935483870967742;0,967741935483871
449;105,841042345004;43,7875104914695;0,935483870967742;0,967741935483871
450;107,253084266227;55,5632481322977;0,935483870967742;1
451;107,638831830949;74,1324525703641;0,935483870967742;1
452;106,340393066528;43,8230679638199;0,935483870967742;0,967741935483871
453;108,944138847474;72,5866795546198;0,935483870967742;0,967741935483871
454;106,438536191431;43,1954890926799;0,935483870967742;1
455;110,650069569987;60,4805550146843;0,935483870967742;1
456;109,612519164354;94,8678630708046;0,935483870967742;1
457;105,050977127416;53,1787811739727;0,935483870967742;1
458;112,904641110027;89,0778416798836;0,935483870967742;0,967741935483871
459;106,98345668139;56,4199563298869;0,935483870967742;1
460;105,755717669239;62,5750832944378;0,935483870967742;1
461;108,81933563053;64,8678219564047;0,935483870967742;1
462;110,160058154979;106,116940481175;0,935483870967742;0,967741935483871
463;107,775986844756;79,7276526399072;0,935483870967742;1
464;109,853976596969;124,605475060356;0,935483870967742;0,967741935483871
465;108,922525937574;97,2610036847363;0,935483870967742;0,967741935483871
466;107,001566064973;68,8348216898194;0,935483870967742;0,967741935483871
467;111,62118898733;74,6263157421798;0,935483870967742;1
468;109,178305914261;75,3390185750645;0,935483870967742;1
469;105,309557280942;73,2877811090827;0,935483870967742;0,967741935483871
470;104,555552698056;47,0361576394039;0,935483870967742;1
471;108,509723519138;98,2962809766915;0,935483870967742;0,967741935483871
472;106,923540442421;60,1354461385499;0,935483870967742;1
473;106,560045625403;59,6707671049021;0,935483870967742;0,967741935483871
474;106,191565496988;61,4239894712641;0,935483870967742;0,967741935483871
475;107,025305198677;55,5866697160713;0,935483870967742;0,967741935483871
476;106,448079089667;73,8056308912615;0,935483870967742;1
477;106,343545467333;53,3909018991233;0,935483870967742;1
478;106,672286970041;53,2899812848429;0,935483870967742;1
479;105,593154007725;48,0391506839085;0,935483870967742;0,967741935483871
480;110,336346485426;99,4888459234274;0,935483870967742;0,967741935483871
481;107,826740467939;55,2093068898291;0,935483870967742;1
482;107,682409506441;48,0116706294898;0,935483870967742;1
483;111,000807580886;83,785938333624;0,935483870967742;0,967741935483871
484;110,354433676104;93,1254545819885;0,935483870967742;1
485;107,023046120015;51,5294787252158;0,935483870967742;0,967741935483871
486;109,560766302202;63,0664592484253;0,935483870967742;0,967741935483871
487;107,355204803433;57,5316343231704;0,935483870967742;1
488;110,601047900933;76,4857525823683;0,935483870967742;1
489;110,865786765275;112,855714124722;0,935483870967742;0,967741935483871
490;107,204459491064;46,3345555659018;0,935483870967742;1
491;106,930922412741;69,7199755733989;0,935483870967742;0,967741935483871
492;111,420459582726;70,97444297807;0,935483870967742;1
493;107,379364035406;62,9027904278095;0,935483870967742;0,967741935483871
494;107,551134387933;51,9723434198898;0,935483870967742;1
495;108,041681735741;100,303157216656;0,935483870967742;0,967741935483871
496;108,260874592368;98,5293191386818;0,935483870967742;0,967741935483871
497;107,395497569894;56,7207185832312;0,935483870967742;1
498;107,707606228593;47,0037954053978;0,935483870967742;1
499;108,449243591924;58,8851461624937;0,935483870967742;1
500;105,014824703166;42,7289740697024;0,935483870967742;0,967741935483871
501;105,797963784287;67,1482549716266;0,935483870967742;0,967741935483871
502;107,691348303584;42,4813695119147;0,935483870967742;1
503;109,22972219767;81,8065623516382;0,935483870967742;0,967741935483871
504;105,982689812456;58,3929351047425;0,935483870967742;0,967741935483871
505;107,426333857828;92,2993850450396;0,935483870967742;1
506;107,020105291757;44,9490824173191;0,935483870967742;1
507;107,46072842256;57,1982263172579;0,935483870967742;1
508;110,120283591243;57,7198962887317;0,935483870967742;0,967741935483871
509;107,429941857215;49,9130463172922;0,935483870967742;1
510;107,977403812216;52,3321427858495;0,935483870967742;1
511;109,005483293373;63,2991641187642;0,935483870967742;0,967741935483871
512;109,08983019168;62,271882849423;0,935483870967742;0,967741935483871
513;107,77876423966;51,3660470083264;0,935483870967742;1
514;108,438550752912;54,5538427930388;0,935483870967742;0,967741935483871
515;104,778173836269;52,2608274584086;0,935483870967742;1
516;108,845497202743;49,7382189425526;0,935483870967742;0,967741935483871
517;108,957397886449;65,0684578139293;0,935483870967742;1
518;108,291062573408;46,8438144270006;0,935483870967742;0,967741935483871
519;106,329468575162;51,4851314312193;0,935483870967742;0,967741935483871
520;107,1322295459;83,8792891113371;0,935483870967742;0,967741935483871
521;106,985872597113;47,838360999726;0,935483870967742;1
522;109,333569644335;104,740349745994;0,935483870967742;1
523;106,481884731725;61,0608267397931;0,935483870967742;1
524;106,374905843956;51,9168593764295;0,935483870967742;1
525;110,173212944307;92,1468672460726;0,935483870967742;1
526;107,509573484087;47,3071317813746;0,935483870967742;1
527;107,043110080506;75,1157158963662;0,935483870967742;1
528;108,052468220311;59,7718686968535;0,935483870967742;1
529;108,028850219753;59,4472064252153;0,935483870967742;0,967741935483871
530;104,606421146018;37,9862266457559;0,935483870967742;0,967741935483871
531;104,758014141006;62,4554972108859;0,935483870967742;1
532;105,760670639349;45,1276334666937;0,935483870967742;0,967741935483871
533;106,388828319205;48,181812865179;0,935483870967742;1
534;106,489328477098;53,8365129074987;0,935483870967742;1
535;110,064239564674;57,9130383855158;0,935483870967742;0,967741935483871
536;105,958858232354;45,84883516722;0,935483870967742;0,967741935483871
537;110,530949602884;92,7861292053491;0,935483870967742;0,967741935483871
538;105,424950832048;52,3332462390163;0,935483870967742;0,967741935483871
539;106,510301418549;72,3950088751257;0,935483870967742;0,967741935483871
540;108,161780788377;99,3185700637036;0,935483870967742;1
541;105,220716480441;53,4797183187509;0,935483870967742;0,967741935483871
542;107,587860561336;55,0095974466886;0,935483870967742;0,967741935483871
543;111,292735830435;120,810171627282;0,935483870967742;0,967741935483871
544;111,716340843347;104,17549114751;0,935483870967742;0,967741935483871
545;109,213625148474;65,1206794942767;0,935483870967742;0,967741935483871
546;106,44616619062;100,265495583774;0,935483870967742;1
547;109,14180923711;88,0540963934511;0,935483870967742;0,967741935483871
548;113,639698996416;122,316853690385;0,935483870967742;1
549;107,302078560666;51,290526703275;0,935483870967742;1
550;107,529192584539;53,117075399543;0,935483870967742;0,967741935483871
551;106,682971960969;59,585418984553;0,935483870967742;1
552;105,824460019679;85,7145165378885;0,935483870967742;0,967741935483871
553;106,474284699178;42,3396194097745;0,935483870967742;1
554;106,033077305441;74,1734277929849;0,935483870967742;0,967741935483871
555;109,692886217892;86,2569859861171;0,935483870967742;0,967741935483871
556;105,236877634787;51,3499004524229;0,935483870967742;1
557;107,050299910956;67,559206877726;0,935483870967742;0,967741935483871
558;109,352244724542;152,392332931135;0,935483870967742;1
559;107,447782369603;85,6621399168593;0,935483870967742;1
560;106,833787868841;65,3223581838864;0,935483870967742;1
561;105,738391862833;49,039581422454;0,935483870967742;1
562;106,007389341157;53,5544324984109;0,935483870967742;0,967741935483871
563;107,602941828926;43,6924132354075;0,935483870967742;1
564;109,777526021653;68,7657027291757;0,935483870967742;1
565;109,541441545097;54,2413620709465;0,935483870967742;0,967741935483871
566;104,948617106459;41,7748643515471;0,935483870967742;0,967741935483871
567;107,935552191827;52,031447301285;0,935483870967742;0,967741935483871
568;108,606547633832;96,1056662021174;0,935483870967742;0,967741935483871
569;106,189585251835;46,1721390124801;0,935483870967742;0,967741935483871
570;105,353509534134;80,0771477503301;0,935483870967742;1
571;109,390727574384;54,26474093333;0,935483870967742;0,967741935483871
572;107,481778639436;61,380818894115;0,935483870967742;1
573;107,805197800612;67,8289654962725;0,935483870967742;0,967741935483871
574;106,663196112916;48,4597250298986;0,935483870967742;0,967741935483871
575;108,601048519658;79,4637312261715;0,935483870967742;0,967741935483871
576;107,897557308945;43,2682735736293;0,935483870967742;1
577;106,932142072202;49,8935215021745;0,935483870967742;0,967741935483871
578;108,461463369751;53,2666619930078;0,935483870967742;0,967741935483871
579;108,243814614819;117,714462008932;0,935483870967742;1
580;104,824670759515;51,851105259151;0,935483870967742;1
581;108,077721682861;54,340811893359;0,935483870967742;1
582;108,733086574333;84,6742511966282;0,935483870967742;1
583;103,608842016216;55,6879288122191;0,935483870967742;1
584;106,120096839799;44,7429184638359;0,935483870967742;1
585;107,304391151912;59,9537435889992;0,935483870967742;0,967741935483871
586;106,742110193437;45,7760365637546;0,935483870967742;0,967741935483871
587;105,356633509465;42,5694476335733;0,935483870967742;0,967741935483871
588;111,7615487348;96,7928675069527;0,935483870967742;1
589;107,156353778568;64,8199259964363;0,935483870967742;0,967741935483871
590;109,700548500161;55,9067737246106;0,935483870967742;0,967741935483871
591;110,123929600386;105,39501038477;0,935483870967742;0,967741935483871
592;106,183784462368;72,7175892972071;0,935483870967742;0,967741935483871
593;104,549254356644;50,3527575402275;0,935483870967742;0,967741935483871
594;107,1251052263;61,4639512050734;0,935483870967742;0,967741935483871
595;108,002711101425;70,6514426843444;0,935483870967742;0,967741935483871
596;108,343437166627;106,084342834076;0,935483870967742;0,967741935483871
597;106,644183453647;76,8397189819342;0,935483870967742;0,967741935483871
598;107,130380356704;48,1020623423187;0,935483870967742;0,967741935483871
599;106,027594013139;46,1846784734793;0,935483870967742;0,967741935483871
600;108,329619199544;56,8896493929725;0,935483870967742;1
601;106,78191040347;80,7723773295671;0,935483870967742;0,967741935483871
602;108,339943117645;63,5881177204632;0,935483870967742;0,967741935483871
603;106,13185274652;51,9042673709869;0,935483870967742;1
604;109,362456723808;69,1436422864958;0,935483870967742;1
605;107,973641879092;88,6003762008169;0,935483870967742;0,967741935483871
606;106,477611916668;49,6866503200478;0,935483870967742;1
607;105,924435005983;51,8700038209173;0,935483870967742;0,967741935483871
608;106,374669130464;63,3799910556074;0,935483870967742;0,967741935483871
609;108,963164813831;68,538557298625;0,935483870967742;1
610;105,681894494314;57,5516182924465;0,935483870967742;0,967741935483871
611;108,413101790207;54,104097339349;0,935483870967742;0,967741935483871
612;105,618347340717;61,4903745739461;0,935483870967742;0,967741935483871
613;104,713445814765;90,0110158682923;0,935483870967742;0,967741935483871
614;106,060628903715;44,5172497532684;0,935483870967742;0,967741935483871
615;107,828723973069;53,2573597690227;0,935483870967742;0,967741935483871
616;106,475807071647;48,4530799859375;0,935483870967742;1
617;109,409608642618;65,9045407516046;0,935483870967742;1
618;109,117219892649;104,596514029614;0,935483870967742;0,967741935483871
619;105,950835240516;59,7553307378729;0,935483870967742;1
620;110,359313592983;104,298042422799;0,935483870967742;0,967741935483871
621;107,744426416724;67,8816888903528;0,935483870967742;0,967741935483871
622;108,926541602393;66,5937797222895;0,935483870967742;0,967741935483871
623;106,536218241403;44,1533577392402;0,935483870967742;1
624;105,479133726913;60,5697453403134;0,935483870967742;1
625;111,110624973003;88,1687888028748;0,935483870967742;0,967741935483871
626;110,457396296363;71,5185804481095;0,935483870967742;0,967741935483871
627;105,93805155331;53,1270818699609;0,935483870967742;1
628;107,290546145276;46,5411635142269;0,935483870967742;0,967741935483871
629;105,722993395189;55,8830258765167;0,935483870967742;0,967741935483871
630;105,483985473306;51,8370542652819;0,935483870967742;0,967741935483871
631;107,050264583209;47,4081300371259;0,935483870967742;0,967741935483871
632;112,046520590411;61,847787112508;0,935483870967742;0,967741935483871
633;106,615610460857;50,663661925638;0,935483870967742;0,967741935483871
634;107,874953002882;81,6008849352491;0,935483870967742;0,967741935483871
635;110,910565465866;96,3688523656885;0,935483870967742;0,967741935483871
636;105,515857221906;53,7643583774925;0,935483870967742;1
637;107,798538851763;51,6138314820741;0,935483870967742;0,967741935483871
638;105,087512108823;59,7677378336152;0,935483870967742;0,967741935483871
639;106,692504687011;49,6983201870313;0,935483870967742;0,967741935483871
640;106,760008658651;69,1676083322364;0,935483870967742;0,967741935483871
641;108,636230124617;52,0875592375186;0,935483870967742;1
642;106,088397668367;56,353367542153;0,935483870967742;0,967741935483871
643;108,970932642333;69,4278144619231;0,935483870967742;0,967741935483871
644;106,654413656179;51,0189407117679;0,935483870967742;1
645;113,116943411785;77,2294377901101;0,935483870967742;1
646;107,645813215322;51,0302747101654;0,935483870967742;0,967741935483871
647;109,153292323197;117,708317087624;0,935483870967742;0,967741935483871
648;106,608487344005;78,4861749768056;0,935483870967742;0,967741935483871
649;106,204976480957;43,9127654169898;0,935483870967742;0,967741935483871
650;109,54128970759;61,8598962713249;0,935483870967742;0,967741935483871
651;109,046683281394;97,8438735882751;0,935483870967742;0,967741935483871
652;109,010531983059;55,2996255451631;0,935483870967742;0,967741935483871
653;106,278717656078;82,0750595770604;0,935483870967742;1
654;105,060287331348;46,185280532082;0,935483870967742;0,967741935483871
655;109,088228887145;78,1747225497632;0,935483870967742;0,967741935483871
656;108,025791645735;92,3159476018788;0,935483870967742;1
657;108,548626521832;71,0510687308771;0,935483870967742;0,967741935483871
658;107,512447380455;51,0889047246889;0,935483870967742;1
659;108,952335134861;61,8850269024538;0,935483870967742;0,967741935483871
660;106,319036529099;56,0187710417692;0,935483870967742;0,967741935483871
661;113,263528548084;118,827030313565;0,935483870967742;1
662;108,093181636668;60,21601477734;0,935483870967742;1
663;112,145112897921;92,5595596679818;0,935483870967742;1
664;107,779618627116;83,3132049584772;0,935483870967742;0,967741935483871
665;104,292255583114;84,8529410543958;0,935483870967742;1
666;106,401579074289;63,4872080665839;0,935483870967742;1
667;110,744060567038;89,1777930884447;0,935483870967742;0,967741935483871
668;109,312098616557;83,2107518253694;0,935483870967742;0,967741935483871
669;104,986950454146;45,1883524261223;0,935483870967742;1
670;105,710586916212;46,60589877059;0,935483870967742;1
671;108,935724616178;103,294342536843;0,935483870967742;1
672;108,448834916852;68,5716192743996;0,935483870967742;1
673;109,032457157404;53,451805285312;0,935483870967742;0,967741935483871
674;105,236613034653;55,5781338819968;0,935483870967742;1
675;107,559968523918;51,8694524233395;0,935483870967742;0,967741935483871
676;106,898272529165;61,7504858666321;0,935483870967742;1
677;108,791741314335;45,9169698817666;0,935483870967742;0,967741935483871
678;105,226067037452;60,7150329186106;0,935483870967742;1
679;111,817902019478;136,688505394854;0,935483870967742;0,967741935483871
680;107,483948579181;109,816859768049;0,935483870967742;0,967741935483871
681;109,466244534187;58,5593176061003;0,935483870967742;0,967741935483871
682;106,961930978035;55,8620804465258;0,935483870967742;0,967741935483871
683;106,524398394853;63,6666588565938;0,935483870967742;0,967741935483871
684;108,304556608752;54,0096459052099;0,935483870967742;0,967741935483871
685;107,401424602292;45,9270975855382;0,935483870967742;0,967741935483871
686;109,637602577325;60,7448062837889;0,935483870967742;1
687;107,64096434145;74,3161880115569;0,935483870967742;0,967741935483871
688;108,188449616196;51,0722628405775;0,935483870967742;0,967741935483871
689;106,204603211026;60,6918035255098;0,935483870967742;0,967741935483871
690;109,470370456602;75,1325253700458;0,935483870967742;1
691;106,59562415821;62,9260585096964;0,935483870967742;0,967741935483871
692;105,573883116504;60,0522167732399;0,935483870967742;1
693;106,429782597517;48,5957528272816;0,935483870967742;0,967741935483871
694;108,122959570447;62,5308096689952;0,870967741935484;0,935483870967742
695;105,533221132826;48,408977741976;0,935483870967742;0,967741935483871
696;105,691114705762;47,9700562534002;0,935483870967742;1
697;106,876836022483;52,2093532342261;0,935483870967742;0,967741935483871
698;110,324424512811;59,328090682501;0,935483870967742;0,967741935483871
699;110,699226490591;116,889979988766;0,935483870967742;1
700;107,402580298861;69,9648955182021;0,935483870967742;0,967741935483871
701;104,608297326496;62,0918261903129;0,935483870967742;1
702;106,933778836413;71,8275084468521;0,935483870967742;0,967741935483871
703;107,301622307229;78,8064378344884;0,935483870967742;0,967741935483871
704;104,62693332527;47,7880405642657;0,935483870967742;0,967741935483871
705;106,339160462449;42,6314443681758;0,935483870967742;1
706;106,686888848456;76,3849327753195;0,935483870967742;0,967741935483871
707;109,487114056944;78,4234595533735;0,935483870967742;1
708;107,293603814274;79,517250292964;0,935483870967742;0,967741935483871
709;108,2684125416;79,0055873888243;0,935483870967742;1
710;111,465650867908;99,7359916308625;0,870967741935484;0,935483870967742
711;107,443862268352;71,0990666261467;0,935483870967742;1
712;107,160695645936;47,2338580400414;0,935483870967742;0,967741935483871
713;106,218031183084;43,6125313147713;0,935483870967742;0,967741935483871
714;107,034090384656;48,090758706749;0,935483870967742;0,967741935483871
715;109,471679762947;55,5965393136907;0,935483870967742;0,967741935483871
716;108,801916016254;51,7583061168642;0,935483870967742;1
717;106,754297267134;67,4964471967848;0,935483870967742;1
718;112,627893956716;109,37531874601;0,935483870967742;1
719;105,549920844369;67,1398931842453;0,935483870967742;1
720;106,016445179387;53,5961179344953;0,935483870967742;0,967741935483871
721;107,190935144379;67,3936367385401;0,935483870967742;0,967741935483871
722;107,277358175714;77,4187591791082;0,935483870967742;0,967741935483871
723;106,475927110058;52,5721506991339;0,935483870967742;1
724;107,054272097397;57,4243660814887;0,935483870967742;0,967741935483871
725;106,676166180086;65,1717718472044;0,935483870967742;0,967741935483871
726;107,633202202751;80,13112024843;0,935483870967742;0,967741935483871
727;107,526931186385;51,6198674650577;0,935483870967742;0,967741935483871
728;107,945788132009;56,3946370525512;0,935483870967742;1
729;108,614049724368;51,0543039487562;0,935483870967742;0,967741935483871
730;109,6083242745;83,9489362635359;0,870967741935484;0,903225806451613
731;110,353009711231;83,298915122835;0,935483870967742;1
732;109,600855050296;94,9229566454358;0,935483870967742;1
733;106,808967705972;91,0066449312523;0,935483870967742;0,967741935483871
734;107,647108228318;50,9212028073343;0,935483870967742;0,967741935483871
735;110,792796978098;75,9348017477183;0,935483870967742;1
736;104,694632998581;49,5835146456259;0,935483870967742;1
737;106,180740494301;44,7302951243321;0,935483870967742;1
738;106,198410449053;50,1325363566822;0,935483870967742;0,967741935483871
739;111,639149142117;113,972614230185;0,935483870967742;0,967741935483871
740;107,875382755323;69,4150372773939;0,935483870967742;0,967741935483871
741;105,103946399821;47,1881672981581;0,935483870967742;1
742;107,156871690076;63,799311985685;0,935483870967742;1
743;107,504989219544;51,3031544433996;0,935483870967742;1
744;105,628727960399;47,4169225005858;0,935483870967742;1
745;108,485713583309;59,5871462464442;0,935483870967742;0,967741935483871
746;107,520196726648;57,7271715283781;0,935483870967742;0,967741935483871
747;110,258327789767;108,616977201421;0,935483870967742;1
748;105,838144544912;76,0199089982928;0,935483870967742;1
749;109,329935332943;66,9968764758213;0,935483870967742;1
750;105,230787870519;57,9327845102772;0,935483870967742;1
751;104,329199429067;56,9315576459611;0,935483870967742;1
752;107,853868397709;57,865117434131;0,935483870967742;0,967741935483871
753;106,703941153893;59,2670818877074;0,935483870967742;0,967741935483871
754;107,509157777823;62,1411364065868;0,935483870967742;0,967741935483871
755;105,423429850494;51,7783224820429;0,935483870967742;1
756;106,021450995963;51,0886881727535;0,935483870967742;1
757;107,677920084294;58,426431485332;0,935483870967742;0,967741935483871
758;105,395036197061;52,9864461565294;0,935483870967742;0,967741935483871
759;111,579407846702;84,3015369256801;0,935483870967742;0,967741935483871
760;112,334811973015;128,776787887832;0,935483870967742;1
761;106,581002280412;47,4548042258712;0,935483870967742;1
762;106,792297986977;54,3514902860773;0,935483870967742;1
763;107,548570755267;64,9883143940643;0,935483870967742;0,967741935483871
764;106,33197639933;46,1455101490356;0,935483870967742;1
765;106,578215555839;50,0431075649609;0,935483870967742;0,967741935483871
766;110,423325523321;150,365635372617;0,935483870967742;1
767;108,926963161652;77,628275110796;0,935483870967742;1
768;107,158593912354;44,4923591747028;0,935483870967742;1
769;107,348392009364;42,5103312357576;0,935483870967742;1
770;107,578404182336;60,8744606801377;0,935483870967742;1
771;108,310034599917;83,0068177326878;0,935483870967742;0,967741935483871
772;105,888766610085;56,7363920158336;0,935483870967742;1
773;105,582930637842;68,7713010770215;0,935483870967742;0,967741935483871
774;107,902138157757;50,7789481381293;0,935483870967742;1
775;108,022288676314;56,6328163978505;0,935483870967742;1
776;109,478773115923;71,0262890944097;0,935483870967742;0,967741935483871
777;106,418993389064;45,1050433931901;0,935483870967742;1
778;106,077377096696;56,0480988081673;0,935483870967742;0,967741935483871
779;104,98849839675;46,0228399165894;0,935483870967742;1
780;106,479558833995;64,7426260685314;0,935483870967742;1
781;106,594342662099;57,8450888153435;0,935483870967742;1
782;109,853079958267;131,616495975851;0,935483870967742;0,967741935483871
783;108,189796621249;67,1159271276802;0,935483870967742;0,967741935483871
784;107,649332424441;51,962702205714;0,935483870967742;0,967741935483871
785;114,740196760329;128,811164386044;0,935483870967742;0,967741935483871
786;111,083965251059;119,449740830694;0,935483870967742;1
787;106,523109961968;68,7776541159985;0,935483870967742;0,967741935483871
788;105,50331254421;50,6837049593165;0,935483870967742;0,967741935483871
789;105,992922168525;87,8193181575267;0,935483870967742;0,967741935483871
790;105,484175968982;64,9943071612648;0,935483870967742;0,967741935483871
791;103,933438000497;50,717644307524;0,935483870967742;0,967741935483871
792;108,197991775452;64,3915828354906;0,935483870967742;1
793;107,555377510182;47,48124011113;0,935483870967742;0,967741935483871
794;107,093010954826;95,1625564441476;0,935483870967742;1
795;109,03702833469;49,2480519155449;0,935483870967742;0,967741935483871
796;107,132658979341;78,304932285141;0,935483870967742;0,967741935483871
797;111,316806812733;86,0695354872095;0,935483870967742;1
798;108,225618822581;85,9208290642293;0,935483870967742;1
799;107,93421995533;44,551644640621;0,935483870967742;1
800;110,67092388003;74,9314930971989;0,935483870967742;0,967741935483871
801;107,611461957697;45,1935209543561;0,935483870967742;0,967741935483871
802;104,450176672022;58,3413678167841;0,935483870967742;1
803;106,059845451665;47,9157478165907;0,935483870967742;1
804;107,095380137821;43,3524223043899;0,935483870967742;0,967741935483871
805;108,036473799404;102,464492123831;0,935483870967742;1
806;104,323666835916;46,9174809584793;0,935483870967742;0,967741935483871
807;107,917975193493;56,2684169226255;0,935483870967742;1
808;107,179213782086;45,0889564291053;0,935483870967742;1
809;108,331969212865;70,9468612805024;0,935483870967742;1
810;106,352004278342;54,616490149896;0,935483870967742;1
811;111,011714714845;113,559793146293;0,935483870967742;1
812;106,770004930591;47,7645186412182;0,935483870967742;1
813;108,296256102444;52,2825788182902;0,935483870967742;0,967741935483871
814;108,284509812627;85,1239157250591;0,935483870967742;1
815;107,997737476531;51,0343143016259;0,935483870967742;1
816;111,022023205673;63,1863694717843;0,935483870967742;1
817;109,402016773415;81,8409986442527;0,935483870967742;1
818;107,141900128511;41,6116300168903;0,935483870967742;1
819;105,981487856493;71,8862887854937;0,935483870967742;1
820;111,774257522822;86,7823542706408;0,935483870967742;1
821;106,568266891329;57,6099384221841;0,935483870967742;1
822;106,434616916106;80,6863902954299;0,935483870967742;1
823;108,351180756104;85,5378465988211;0,935483870967742;1
824;107,150763020594;47,1891078157642;0,935483870967742;0,967741935483871
825;109,194637068621;64,9761325165002;0,935483870967742;1
826;106,940198379669;51,0998048227538;0,935483870967742;1
827;109,356804955352;77,7910756473853;0,935483870967742;0,967741935483871
828;111,066709756496;66,7161781126313;0,935483870967742;0,967741935483871
829;106,844554286296;43,2560215371678;0,935483870967742;1
830;112,452804909015;114,405435106323;0,935483870967742;0,967741935483871
831;106,367553125931;89,3872490378707;0,935483870967742;1
832;105,203907579276;46,3136784033237;0,935483870967742;1
833;106,734701494115;136,829690049204;0,935483870967742;0,967741935483871
834;109,535333080355;75,393728691411;0,935483870967742;0,967741935483871
835;109,910684470182;54,4817509740706;0,935483870967742;1
836;106,985907621999;55,5705708787389;0,935483870967742;1
837;106,762637152028;84,9630066790008;0,935483870967742;1
838;110,468240321661;88,0230113683363;0,935483870967742;0,967741935483871
839;105,346501549394;48,8520333587008;0,935483870967742;0,967741935483871
840;109,992168104339;89,3504887248214;0,935483870967742;1
841;109,948856884081;95,6269569591103;0,935483870967742;1
842;106,066367767905;49,3167363807257;0,935483870967742;0,967741935483871
843;106,018718951468;50,6814456781493;0,935483870967742;0,967741935483871
844;106,407653185344;50,4850390569394;0,935483870967742;1
845;107,524296532462;74,9176024292837;0,935483870967742;0,967741935483871
846;106,29474115083;98,2363905839409;0,935483870967742;0,967741935483871
847;109,407472271989;79,5346470263747;0,935483870967742;1
848;109,729126078646;61,8215830905603;0,935483870967742;0,967741935483871
849;107,847082240525;52,3997915245677;0,935483870967742;1
850;108,666670127079;96,1597403544708;0,935483870967742;0,967741935483871
851;105,615789716959;75,6418338708747;0,935483870967742;1
852;111,959123708583;83,4999143999045;0,935483870967742;0,967741935483871
853;109,259949620099;54,8702090410679;0,935483870967742;1
854;108,252536174566;58,2586880530273;0,935483870967742;0,967741935483871
855;106,821886683738;66,7044739684336;0,935483870967742;0,967741935483871
856;104,889541112612;58,0185610869003;0,935483870967742;1
857;107,806376840515;50,3649423448744;0,935483870967742;0,967741935483871
858;106,707789889299;40,052460445048;0,935483870967742;1
859;107,557429136519;83,3399975655559;0,935483870967742;1
860;108,303204129249;48,3916258299731;0,935483870967742;0,967741935483871
861;106,411773049014;68,7645316189453;0,935483870967742;1
862;108,045849432661;66,7865712490241;0,935483870967742;1
863;104,749089039285;48,8124153687491;0,935483870967742;1
864;108,646913757035;68,4978986484589;0,935483870967742;0,967741935483871
865;104,849280421859;44,9949981914776;0,935483870967742;1
866;109,356755920235;56,0449229005622;0,935483870967742;1
867;107,25445566836;52,8676241438856;0,935483870967742;0,967741935483871
868;108,360946200277;52,3451663955291;0,935483870967742;0,967741935483871
869;106,039504651427;49,7647144404722;0,935483870967742;1
870;106,374753796261;65,3657459848502;0,935483870967742;0,967741935483871
871;108,140371209385;61,6368674810895;0,935483870967742;0,967741935483871
872;105,481755700677;48,5939957826753;0,935483870967742;1
873;105,171710244869;57,3838504572415;0,935483870967742;0,967741935483871
874;108,120892293014;54,8951237067026;0,935483870967742;1
875;105,259472159968;57,4400040581789;0,935483870967742;1
876;109,081253855119;51,6076691773698;0,935483870967742;1
877;111,392870476594;94,5066572714275;0,935483870967742;0,967741935483871
878;110,797087896958;85,0478766634282;0,935483870967742;0,967741935483871
879;105,927935201716;52,1114098506265;0,935483870967742;1
880;105,674816473362;51,183375928667;0,935483870967742;0,967741935483871
881;106,030725651111;45,0052287773512;0,935483870967742;1
882;107,259599244553;54,1917456611335;0,935483870967742;1
883;107,941760600293;66,1306325984719;0,935483870967742;0,967741935483871
884;109,360370872228;69,7307618928823;0,935483870967742;0,967741935483871
885;107,216740506104;57,3940226371584;0,935483870967742;1
886;107,453279785641;75,7154303802039;0,935483870967742;1
887;107,624458592861;54,16747741222;0,935483870967742;0,967741935483871
888;107,178571229671;52,0657281891606;0,935483870967742;1
889;107,706747580851;88,4475818764865;0,935483870967742;0,967741935483871
890;106,301721698919;51,4818202918534;0,935483870967742;0,967741935483871
891;109,21887406701;64,8817379064127;0,935483870967742;1
892;106,232768830382;59,4299315163928;0,935483870967742;1
893;106,687640471118;51,8773949582301;0,935483870967742;1
894;106,646771023524;61,9646708853001;0,935483870967742;1
895;106,006354442725;53,4582854252556;0,935483870967742;0,967741935483871
896;104,243388038336;69,2726844841485;0,935483870967742;0,967741935483871
897;106,927877417291;47,6387325336949;0,935483870967742;1
898;108,806270240425;71,5836566385795;0,935483870967742;0,967741935483871
899;108,903250582719;68,1244118036373;0,935483870967742;1
900;107,407022189219;64,7906649665081;0,935483870967742;1
901;106,927283786509;49,7169840045329;0,935483870967742;1
902;111,86559158732;49,1839758548738;0,935483870967742;0,967741935483871
903;105,969809314974;56,9365167192599;0,935483870967742;0,967741935483871
904;108,752815774086;91,7989441338411;0,935483870967742;0,967741935483871
905;105,803012812448;53,4737989327506;0,935483870967742;1
906;105,141628414012;55,335499299433;0,935483870967742;1
907;109,121085171442;88,0303316876449;0,935483870967742;0,967741935483871
908;108,060815186524;76,9387311557744;0,935483870967742;1
909;107,695049890577;56,340480537284;0,935483870967742;1
910;111,219861030688;91,9942645451223;0,935483870967742;1
911;106,181910014638;69,3900548936683;0,935483870967742;1
912;107,135692159942;47,7948635209376;0,935483870967742;1
913;107,587135005425;77,11783395206;0,935483870967742;0,967741935483871
914;106,361837921697;57,4174949085293;0,935483870967742;1
915;109,949974270091;122,105610429176;0,935483870967742;0,967741935483871
916;106,11679848094;49,9238822138446;0,935483870967742;0,967741935483871
917;107,257361039423;44,6333067507033;0,935483870967742;1
918;107,103567582591;66,5506862052509;0,935483870967742;0,967741935483871
919;104,825281972337;44,7924091402376;0,935483870967742;1
920;113,146491712129;108,276115555078;0,935483870967742;0,967741935483871
921;106,51610959821;47,849747697077;0,935483870967742;0,967741935483871
922;106,151770587007;69,0490312669325;0,935483870967742;1
923;106,17449674254;66,2807220618615;0,935483870967742;1
924;110,105154133087;77,0969500057998;0,935483870967742;1
925;107,42469978959;60,2960946793394;0,935483870967742;1
926;111,576481668041;100,516300564988;0,935483870967742;0,967741935483871
927;106,013912674225;65,8046386231341;0,935483870967742;0,967741935483871
928;112,797421732338;137,632483356911;0,935483870967742;1
929;106,166715559405;78,8913996882892;0,935483870967742;1
930;107,283285242156;60,2014456276423;0,935483870967742;0,967741935483871
931;105,230509001286;60,7539936069507;0,935483870967742;1
932;108,327966262848;53,6079036044402;0,935483870967742;1
933;110,194825968901;85,4496305030588;0,935483870967742;1
934;112,897767301404;141,595816395104;0,935483870967742;0,967741935483871
935;107,136215748669;49,1710529589776;0,935483870967742;1
936;110,39355937668;75,6586207550375;0,935483870967742;0,967741935483871
937;108,204015731507;47,8067270392386;0,935483870967742;0,967741935483871
938;104,82959433282;54,1479232160247;0,935483870967742;1
939;104,949677253815;56,4310228708859;0,935483870967742;1
940;105,518213332797;68,6067174850681;0,935483870967742;0,967741935483871
941;104,799509755675;43,8711442873479;0,870967741935484;0,935483870967742
942;108,432797529902;59,1988410215266;0,935483870967742;1
943;109,406651288102;139,638596370386;0,935483870967742;1
944;107,965758784679;71,5901494772971;0,935483870967742;0,967741935483871
945;107,784321660307;48,9736921634028;0,935483870967742;1
946;106,69318780752;40,2214929573947;0,935483870967742;1
947;107,503441006337;50,4077121471144;0,935483870967742;1
948;107,080752446966;59,6210919870414;0,935483870967742;0,967741935483871
949;106,726889711732;53,3962030957057;0,935483870967742;0,967741935483871
950;106,905027483903;53,9673270458125;0,935483870967742;0,967741935483871
951;107,084747513742;57,9547318061377;0,935483870967742;0,967741935483871
952;103,582140909626;49,8893180636048;0,935483870967742;0,967741935483871
953;107,798459451675;57,579240926125;0,935483870967742;0,967741935483871
954;107,790910608347;59,8569490218918;0,935483870967742;0,967741935483871
955;105,212065584015;57,2955878092041;0,935483870967742;1
956;107,60902715597;57,9738459803214;0,935483870967742;1
957;106,355232727311;42,9197715181767;0,935483870967742;1
958;107,656884663158;52,7539483132543;0,935483870967742;0,967741935483871
959;107,920192401133;42,2067854771047;0,935483870967742;1
960;107,349470277045;67,5035362817118;0,935483870967742;1
961;107,481874146414;56,8558032706075;0,935483870967742;0,967741935483871
962;104,995696491875;54,1902570072774;0,935483870967742;0,967741935483871
963;105,184899636424;72,8466634565167;0,935483870967742;1
964;111,968786488618;103,799796300859;0,935483870967742;1
965;105,661495677337;53,2817214028198;0,935483870967742;0,967741935483871
966;109,064243462809;84,8555025027628;0,935483870967742;0,967741935483871
967;111,631955415954;119,423556456984;0,935483870967742;1
968;115,755973631201;175,528487576704;0,935483870967742;1
969;107,722159313429;67,5471803482266;0,935483870967742;0,967741935483871
970;105,954799668584;51,7836744541944;0,935483870967742;0,967741935483871
971;110,20592180655;124,881681167698;0,935483870967742;0,967741935483871
972;108,70486241842;75,3917889305015;0,935483870967742;0,967741935483871
973;109,701126037221;59,2449096608872;0,935483870967742;0,967741935483871
974;111,036481106238;75,5057158803321;0,935483870967742;1
975;105,119794394235;51,7633706879124;0,935483870967742;1
976;111,84138363711;103,068995564409;0,935483870967742;1
977;105,007548459287;60,3666143574001;0,935483870967742;1
978;107,1457778073;55,5311839836256;0,935483870967742;1
979;111,554372902042;104,471675260124;0,935483870967742;0,967741935483871
980;106,544750661194;44,0498247114044;0,935483870967742;1
981;105,336375349832;53,7574957603243;0,935483870967742;1
982;107,742179157379;74,2779134303532;0,935483870967742;1
983;110,022503993029;142,740376703587;0,935483870967742;1
984;105,863619734979;50,8121780644823;0,935483870967742;0,967741935483871
985;109,219719998677;50,5310362849292;0,935483870967742;0,967741935483871
986;106,732747866647;50,790105369241;0,935483870967742;1
987;106,985261600769;67,0831580699847;0,935483870967742;0,967741935483871
988;108,410175990422;69,8121505059989;0,935483870967742;1
989;106,057689967913;54,8449900032277;0,935483870967742;1
990;106,505157918109;47,045319640997;0,935483870967742;1
991;105,385532530097;43,7633045326965;0,935483870967742;1
992;110,835759932285;85,0011096312602;0,935483870967742;1
993;110,677814348803;82,4775879201789;0,935483870967742;1
994;110,290257510696;122,029675293329;0,935483870967742;0,967741935483871
995;106,418880610816;74,2865603137711;0,935483870967742;0,967741935483871
996;109,612180479861;63,4840508007918;0,935483870967742;1
997;105,23472970941;57,3106750754631;0,935483870967742;0,967741935483871
998;109,568082109759;59,0776745100167;0,935483870967742;0,967741935483871
999;105,987964341667;51,3962212407473;0,935483870967742;0,967741935483871
