0;127,856812842609;112,839472405818;0,935483870967742;0,967741935483871
1;111;15,1005734325135;0,225806451612903;0,258064516129032
2;121,889397356108;43,7112846543738;0,935483870967742;0,967741935483871
3;121,465717908377;19,9677776449734;0,935483870967742;0,967741935483871
4;121,381249741045;23,4878223148233;0,935483870967742;0,967741935483871
5;128,615951784312;176,484423467663;0,935483870967742;0,967741935483871
6;124,965879935535;82,9328957230586;0,935483870967742;0,967741935483871
7;126,474874245422;107,459599463273;0,935483870967742;0,967741935483871
8;124,007460351168;52,5061661395927;0,935483870967742;0,967741935483871
9;121,10419520221;43,572556169538;0,935483870967742;0,967741935483871
10;111;6,96639438320448;0,225806451612903;0,258064516129032
11;126,77453917081;130,583838212101;0,935483870967742;0,967741935483871
12;111;16,2622325323843;0,225806451612903;0,258064516129032
13;111;23,6279744945995;0,225806451612903;0,258064516129032
14;124,049745774616;32,995451776031;0,935483870967742;0,967741935483871
15;111;12,5952722608013;0,225806451612903;0,258064516129032
16;111;10,6348360849302;0,225806451612903;0,258064516129032
17;111;14,5903365519083;0,225806451612903;0,258064516129032
18;121,954657514502;22,7651684379915;0,935483870967742;0,967741935483871
19;111;15,1183291973224;0,225806451612903;0,258064516129032
20;111;23,8459577571078;0,225806451612903;0,258064516129032
21;127,741892359125;123,20388672348;0,935483870967742;0,967741935483871
22;111;17,293092786066;0,225806451612903;0,258064516129032
23;125,469091744114;79,7679886146355;0,935483870967742;0,967741935483871
24;128,010179818668;141,816758908996;0,935483870967742;0,967741935483871
25;126,634479846855;105,73268820272;0,935483870967742;0,967741935483871
26;111;17,7093572095262;0,225806451612903;0,258064516129032
27;111;18,629429084295;0,225806451612903;0,258064516129032
28;123,153337587227;71,5898839924758;0,935483870967742;0,967741935483871
29;120,455888366302;13,9699604660292;0,935483870967742;0,967741935483871
30;111;22,2230699346143;0,225806451612903;0,258064516129032
31;124,298041427048;28,361307112462;0,935483870967742;0,967741935483871
32;111;11,6302969259928;0,225806451612903;0,258064516129032
33;124,473621782907;105,315255727345;0,935483870967742;0,967741935483871
34;121,863002571067;25,2246298855524;0,935483870967742;0,967741935483871
35;121,91052086935;78,532673876417;0,935483870967742;0,967741935483871
36;111;12,0180281404481;0,225806451612903;0,258064516129032
37;126,054314486465;88,2151779389347;0,935483870967742;0,967741935483871
38;124,957655409328;52,7299835644661;0,935483870967742;0,967741935483871
39;111;16,2235594483951;0,225806451612903;0,258064516129032
40;111;20,4020708222136;0,225806451612903;0,258064516129032
41;111;4,60799781693874;0,225806451612903;0,258064516129032
42;120,815168656786;59,3384502767827;0,935483870967742;0,967741935483871
43;111;11,6570630835766;0,225806451612903;0,258064516129032
44;126,149846123005;96,8849841007091;0,935483870967742;0,967741935483871
45;124,432925473685;63,5553237571068;0,935483870967742;0,967741935483871
46;127,861573372094;120,016412596721;0,935483870967742;0,967741935483871
47;122,484447843316;83,0825549831593;0,935483870967742;0,967741935483871
48;125,983830079956;124,708639553612;0,935483870967742;0,967741935483871
49;111;13,3407029544785;0,225806451612903;0,258064516129032
50;111;20,4350520807745;0,225806451612903;0,258064516129032
51;111;18,9394771398286;0,225806451612903;0,258064516129032
52;128,193153399114;111,308225724915;0,935483870967742;0,967741935483871
53;123,42965571004;64,3585073599356;0,935483870967742;0,967741935483871
54;125,067492052708;103,162899871968;0,935483870967742;0,967741935483871
55;125,699807302785;46,0509673836757;0,935483870967742;0,967741935483871
56;125,531988988236;102,017131975553;0,935483870967742;0,967741935483871
57;124,249079936885;61,0598227985931;0,935483870967742;0,967741935483871
58;121,331812850399;16,450767289547;0,935483870967742;0,967741935483871
59;111;12,7856057644442;0,225806451612903;0,258064516129032
60;111;14,2303729894197;0,225806451612903;0,258064516129032
61;124,908526628205;117,282630111497;0,935483870967742;0,967741935483871
62;111;14,2499608185448;0,225806451612903;0,258064516129032
63;126,029384520435;65,0550674958762;0,935483870967742;0,967741935483871
64;111;9,67691888905813;0,225806451612903;0,258064516129032
65;111;13,1658245103006;0,225806451612903;0,258064516129032
66;121,927485689649;25,9380473611712;0,935483870967742;0,967741935483871
67;128,711579705143;173,013072328489;0,935483870967742;0,967741935483871
68;111;5,78163592158632;0,225806451612903;0,258064516129032
69;124,945738859968;169,963753253388;0,935483870967742;0,967741935483871
70;111;6,60895142479163;0,225806451612903;0,258064516129032
71;111;7,7820114236683;0,225806451612903;0,258064516129032
72;121,824317147957;30,7986208753953;0,935483870967742;0,967741935483871
73;133,809309261305;162,891692533877;0,935483870967742;0,967741935483871
74;128,275783335526;135,735671755783;0,935483870967742;0,967741935483871
75;125,603787604579;87,2410027000761;0,935483870967742;0,967741935483871
76;122,508369187458;74,4674185542364;0,935483870967742;0,967741935483871
77;123,961912472191;70,6602747656773;0,935483870967742;0,967741935483871
78;111;12,2322207573928;0,225806451612903;0,258064516129032
79;111;14,9276499877574;0,225806451612903;0,258064516129032
80;111;14,8942727930205;0,225806451612903;0,258064516129032
81;126,878025566056;64,3827869593425;0,935483870967742;0,967741935483871
82;111;16,1082033382427;0,225806451612903;0,258064516129032
83;111;10,4009628781769;0,225806451612903;0,258064516129032
84;124,887528729116;82,3646557731843;0,935483870967742;0,967741935483871
85;111;25,0672181787148;0,225806451612903;0,258064516129032
86;125,485544257502;96,7963603077922;0,935483870967742;0,967741935483871
87;127,612275607078;125,450428657335;0,935483870967742;0,967741935483871
88;122,823425132908;89,0222373790531;0,935483870967742;0,967741935483871
89;122,829624563233;46,7268306054498;0,935483870967742;0,967741935483871
90;111;12,6058683694227;0,225806451612903;0,258064516129032
91;126,731083342051;108,685984418334;0,935483870967742;0,967741935483871
92;111;21,2476927858978;0,225806451612903;0,258064516129032
93;129,326585553277;134,28480688464;0,935483870967742;0,967741935483871
94;126,345811852324;85,6048956597008;0,935483870967742;0,967741935483871
95;121,902113907786;36,1065086723848;0,935483870967742;0,967741935483871
96;111;14,48969793438;0,225806451612903;0,258064516129032
97;125,149465600956;56,297496985331;0,935483870967742;0,967741935483871
98;124,074989330225;99,9409200598184;0,935483870967742;0,967741935483871
99;127,486648080691;75,8148511629945;0,935483870967742;0,967741935483871
100;111;25,0655711982739;0,225806451612903;0,258064516129032
101;121,244563119746;33,7699298768211;0,935483870967742;0,967741935483871
102;111;18,4369196005297;0,225806451612903;0,258064516129032
103;125,599638517018;91,7793136602584;0,935483870967742;0,967741935483871
104;120,684633043133;65,8570446980447;0,935483870967742;0,967741935483871
105;127,587313579514;104,919819369514;0,935483870967742;0,967741935483871
106;111;6,2412285364755;0,225806451612903;0,258064516129032
107;111;3,73693459824754;0,225806451612903;0,258064516129032
108;122,417960591581;31,2308755279452;0,935483870967742;0,967741935483871
109;125,48841245947;86,3214035612867;0,935483870967742;0,967741935483871
110;111;20,9539569192301;0,225806451612903;0,258064516129032
111;111;19,7532302181249;0,225806451612903;0,258064516129032
112;124,796865161071;72,0529182103996;0,935483870967742;0,967741935483871
113;111;10,2562010039061;0,225806451612903;0,258064516129032
114;111;13,792322595209;0,225806451612903;0,258064516129032
115;127,659055260957;91,7284518394948;0,935483870967742;0,967741935483871
116;111;8,81795840492138;0,225806451612903;0,258064516129032
117;123,660583416171;41,3840809050831;0,935483870967742;0,967741935483871
118;125,647459776193;43,6222260008837;0,935483870967742;0,967741935483871
119;124,11444058446;100,866406132099;0,935483870967742;0,967741935483871
120;128,084965139032;112,626729230804;0,935483870967742;0,967741935483871
121;111;6,75449146909751;0,225806451612903;0,258064516129032
122;111;13,9994379718225;0,225806451612903;0,258064516129032
123;111;14,5010139711117;0,225806451612903;0,258064516129032
124;128,060690651763;140,708129226262;0,935483870967742;0,967741935483871
125;125,668355546481;100,931544644017;0,935483870967742;0,967741935483871
126;127,815464006484;148,22662269337;0,935483870967742;0,967741935483871
127;121,721118505761;14,8594481949159;0,935483870967742;0,967741935483871
128;111;5,51581218915202;0,225806451612903;0,258064516129032
129;111;13,4519325066149;0,225806451612903;0,258064516129032
130;124,172982523705;112,55321144473;0,935483870967742;0,967741935483871
131;111;8,37988192006832;0,225806451612903;0,258064516129032
132;111;13,5537533458829;0,225806451612903;0,258064516129032
133;123,978762482185;62,8734844173894;0,935483870967742;0,967741935483871
134;111;11,2483379756568;0,225806451612903;0,258064516129032
135;111;14,5455722075377;0,225806451612903;0,258064516129032
136;128,752863960399;90,113903497621;0,935483870967742;0,967741935483871
137;111;33,1755530159692;0,225806451612903;0,258064516129032
138;111;19,7106752250547;0,225806451612903;0,258064516129032
139;121,949656179099;70,1888833202887;0,935483870967742;0,967741935483871
140;111;14,3884730674191;0,225806451612903;0,258064516129032
141;111;15,9639843047964;0,225806451612903;0,258064516129032
142;111;14,6313717605498;0,225806451612903;0,258064516129032
143;124,521994138348;41,27930424092;0,935483870967742;0,967741935483871
144;122,69568574428;38,9079053614675;0,935483870967742;0,967741935483871
145;124,319982992869;95,0180591173892;0,935483870967742;0,967741935483871
146;125,441340980555;88,2131839675607;0,935483870967742;0,967741935483871
147;111;13,8434776489901;0,225806451612903;0,258064516129032
148;111;20,3785236040605;0,225806451612903;0,258064516129032
149;121,023763932219;26,6036739067525;0,935483870967742;0,967741935483871
150;127,56419822382;78,9043939585798;0,935483870967742;0,967741935483871
151;111;8,76263158584986;0,225806451612903;0,258064516129032
152;111;10,5881833217392;0,225806451612903;0,258064516129032
153;111;22,4068880447128;0,225806451612903;0,258064516129032
154;111;18,4404703746306;0,225806451612903;0,258064516129032
155;111;13,3399954091766;0,225806451612903;0,258064516129032
156;111;18,7547914611426;0,225806451612903;0,258064516129032
157;126,388631880817;108,830105376556;0,935483870967742;0,967741935483871
158;126,107162573529;88,1513537680528;0,935483870967742;0,967741935483871
159;125,385519357201;61,8751043897957;0,935483870967742;0,967741935483871
160;127,798128746686;98,1979670576892;0,935483870967742;0,967741935483871
161;120,172620518375;42,8466814478804;0,935483870967742;0,967741935483871
162;111;16,3399036332187;0,225806451612903;0,258064516129032
163;111;10,6524413934323;0,225806451612903;0,258064516129032
164;111;3,79877277946988;0,225806451612903;0,258064516129032
165;111;20,2924221074003;0,225806451612903;0,258064516129032
166;111;14,3283231360652;0,225806451612903;0,258064516129032
167;111;18,4769823277461;0,225806451612903;0,258064516129032
168;111;9,90179991331453;0,225806451612903;0,258064516129032
169;124,349593223977;69,9903697650352;0,935483870967742;0,967741935483871
170;111;14,4176197252079;0,225806451612903;0,258064516129032
171;111;14,5611919702688;0,225806451612903;0,258064516129032
172;111;20,1606886338446;0,225806451612903;0,258064516129032
173;111;13,3302455238731;0,225806451612903;0,258064516129032
174;111;21,353396937952;0,225806451612903;0,258064516129032
175;130,195259662802;145,325767256755;0,935483870967742;0,967741935483871
176;111;18,9040950170163;0,225806451612903;0,258064516129032
177;130,907338505175;226,432366252192;0,935483870967742;0,967741935483871
178;111;4,29159483191343;0,225806451612903;0,258064516129032
179;111;12,972547526232;0,225806451612903;0,258064516129032
180;111;14,3015034434724;0,225806451612903;0,258064516129032
181;121,762916728333;42,4683334610277;0,935483870967742;0,967741935483871
182;121,634382670767;49,2707107475968;0,935483870967742;0,967741935483871
183;123,638939796161;121,109982376218;0,935483870967742;0,967741935483871
184;124,052605200146;47,444070241175;0,935483870967742;0,967741935483871
185;127,464921375036;104,332378151676;0,935483870967742;0,967741935483871
186;111;17,9866544355053;0,225806451612903;0,258064516129032
187;122,189115910254;32,3084073820998;0,935483870967742;0,967741935483871
188;123,914451244135;80,888591234566;0,935483870967742;0,967741935483871
189;111;8,99296976568764;0,225806451612903;0,258064516129032
190;121,939718564865;64,3617064175705;0,935483870967742;0,967741935483871
191;111;15,6646853992126;0,225806451612903;0,258064516129032
192;111;15,5733884835719;0,225806451612903;0,258064516129032
193;124,325002525201;93,4568247215254;0,935483870967742;0,967741935483871
194;127,51803847621;154,715406194933;0,935483870967742;0,967741935483871
195;122,194970461463;63,0106169115075;0,935483870967742;0,967741935483871
196;123,847569285511;46,4976382642552;0,935483870967742;0,967741935483871
197;111;24,1851510570562;0,225806451612903;0,258064516129032
198;126,06460285332;124,431159432571;0,935483870967742;0,967741935483871
199;111;16,708772781401;0,225806451612903;0,258064516129032
200;123,043944486369;77,3836492861065;0,935483870967742;0,967741935483871
201;125,432564182704;65,3268690343977;0,935483870967742;0,967741935483871
202;126,663191264249;43,5408585297109;0,935483870967742;0,967741935483871
203;121,209585799836;105,667073382995;0,935483870967742;0,967741935483871
204;111;16,313551379611;0,225806451612903;0,258064516129032
205;128,701014515057;130,291361170091;0,935483870967742;0,967741935483871
206;121,634492040997;37,7171615300529;0,935483870967742;0,967741935483871
207;122,962587468964;39,6600287464166;0,935483870967742;0,967741935483871
208;123,668403068502;86,3797989794809;0,935483870967742;0,967741935483871
209;111;15,9840226841697;0,225806451612903;0,258064516129032
210;122,745631522585;61,7829368741206;0,935483870967742;0,967741935483871
211;121,731753681769;74,4297959103198;0,935483870967742;0,967741935483871
212;111;15,1840251489877;0,225806451612903;0,258064516129032
213;111;25,3770295236362;0,225806451612903;0,258064516129032
214;121,973090221015;56,134931354109;0,935483870967742;0,967741935483871
215;121,71189575382;12,3740706960248;0,935483870967742;0,967741935483871
216;111;11,956508126438;0,225806451612903;0,258064516129032
217;111;17,1637586229679;0,225806451612903;0,258064516129032
218;111;14,2734921940364;0,225806451612903;0,258064516129032
219;122,23937465313;94,1883351954375;0,935483870967742;0,967741935483871
220;111;20,7393868687963;0,225806451612903;0,258064516129032
221;128,053250000587;130,805231328974;0,935483870967742;0,967741935483871
222;111;18,0682235280553;0,225806451612903;0,258064516129032
223;122,155661825972;28,2606471744207;0,935483870967742;0,967741935483871
224;121,618917589261;64,541181800851;0,935483870967742;0,967741935483871
225;111;13,9031996029226;0,225806451612903;0,258064516129032
226;121,989638137663;114,284782146019;0,935483870967742;0,967741935483871
227;111;16,8529827143067;0,225806451612903;0,258064516129032
228;111;21,4001374424996;0,225806451612903;0,258064516129032
229;122,477949293736;38,345271026287;0,935483870967742;0,967741935483871
230;122,085837686807;67,037252054368;0,935483870967742;0,967741935483871
231;111;16,0151338129049;0,225806451612903;0,258064516129032
232;111;15,0641022979008;0,225806451612903;0,258064516129032
233;111;14,2914423770868;0,225806451612903;0,258064516129032
234;111;20,8706409291611;0,225806451612903;0,258064516129032
235;127,447414776491;127,828659213517;0,935483870967742;0,967741935483871
236;126,313716194884;107,269944937177;0,935483870967742;0,967741935483871
237;111;16,5423948234793;0,225806451612903;0,258064516129032
238;111;16,7431537833859;0,225806451612903;0,258064516129032
239;125,272592674991;94,5390802115603;0,935483870967742;0,967741935483871
240;126,133514735179;182,640549427037;0,935483870967742;0,967741935483871
241;124,719655800723;140,674798326398;0,935483870967742;0,967741935483871
242;120,98049717972;57,818489063418;0,935483870967742;0,967741935483871
243;126,623438081066;147,066424706709;0,935483870967742;0,967741935483871
244;120,591014965425;22,7188562076392;0,935483870967742;0,967741935483871
245;130,545201144942;134,378455853981;0,935483870967742;0,967741935483871
246;121,908810062755;15,5778926650712;0,935483870967742;0,967741935483871
247;123,646005624826;60,3697514651078;0,935483870967742;0,967741935483871
248;111;20,2727503067772;0,225806451612903;0,258064516129032
249;121,805544825851;35,5980887388537;0,935483870967742;0,967741935483871
250;111;14,9228668893607;0,225806451612903;0,258064516129032
251;111;9,95501632170741;0,225806451612903;0,258064516129032
252;127,471260641408;88,135980886808;0,935483870967742;0,967741935483871
253;111;20,4217967015328;0,225806451612903;0,258064516129032
254;122,960854819295;52,2805913000955;0,935483870967742;0,967741935483871
255;111;15,5227044853992;0,225806451612903;0,258064516129032
256;111;22,0710405043182;0,225806451612903;0,258064516129032
257;121,368727740956;15,5381637792109;0,935483870967742;0,967741935483871
258;121,852482239345;17,6943740424458;0,935483870967742;0,967741935483871
259;111;8,37478968780778;0,225806451612903;0,258064516129032
260;126,647215786778;99,920196859381;0,935483870967742;0,967741935483871
261;111;14,375328971226;0,225806451612903;0,258064516129032
262;126,289933315437;135,299271296461;0,935483870967742;0,967741935483871
263;129,257980110531;135,036474038817;0,935483870967742;0,967741935483871
264;126,769014134144;77,8258521432793;0,935483870967742;0,967741935483871
265;111;9,18788827295697;0,225806451612903;0,258064516129032
266;111;14,7422229336366;0,225806451612903;0,258064516129032
267;111;10,9511992571443;0,225806451612903;0,258064516129032
268;125,207999617571;141,622919014485;0,935483870967742;0,967741935483871
269;111;5,24674670580478;0,225806451612903;0,258064516129032
270;127,089824376606;56,7050834914406;0,935483870967742;0,967741935483871
271;111;16,0157658383315;0,225806451612903;0,258064516129032
272;123,178081231199;45,5393853371575;0,935483870967742;0,967741935483871
273;111;21,9860982578259;0,225806451612903;0,258064516129032
274;111;12,1090407491645;0,225806451612903;0,258064516129032
275;130,814588291087;148,028815591922;0,935483870967742;0,967741935483871
276;125,181621258078;143,872063103922;0,935483870967742;0,967741935483871
277;111;13,5123851229214;0,225806451612903;0,258064516129032
278;111;16,3020898841637;0,225806451612903;0,258064516129032
279;111;17,7342726610652;0,225806451612903;0,258064516129032
280;111;21,6885255042998;0,225806451612903;0,258064516129032
281;121,540423518148;51,8706055511237;0,935483870967742;0,967741935483871
282;122,668959681342;25,137220022359;0,935483870967742;0,967741935483871
283;120,141967608492;24,0751608308065;0,935483870967742;0,967741935483871
284;123,479170582459;39,9462031633111;0,935483870967742;0,967741935483871
285;124,493269716345;84,5019905942928;0,935483870967742;0,967741935483871
286;130,128366436622;112,244877505496;0,935483870967742;0,967741935483871
287;111;13,0609136131696;0,225806451612903;0,258064516129032
288;111;15,4910327974067;0,225806451612903;0,258064516129032
289;128,048431613468;123,723994435984;0,935483870967742;0,967741935483871
290;111;13,0676180624838;0,225806451612903;0,258064516129032
291;123,623294710895;57,7263031100201;0,935483870967742;0,967741935483871
292;125,374605655217;96,2949306732218;0,935483870967742;0,967741935483871
293;111;23,8566122113991;0,225806451612903;0,258064516129032
294;124,076014337366;74,6050253580975;0,935483870967742;0,967741935483871
295;124,95009056289;112,575805225674;0,935483870967742;0,967741935483871
296;111;18,6656907384196;0,225806451612903;0,258064516129032
297;111;23,5435721345664;0,225806451612903;0,258064516129032
298;111;19,4018703040425;0,225806451612903;0,258064516129032
299;111;11,3457745971742;0,225806451612903;0,258064516129032
300;130,35968113738;114,551273314959;0,935483870967742;0,967741935483871
301;125,483462307099;71,3960145522414;0,935483870967742;0,967741935483871
302;126,991834983018;148,664910009952;0,935483870967742;0,967741935483871
303;126,117564944336;98,4708324320521;0,935483870967742;0,967741935483871
304;128,693050933812;140,937621807828;0,935483870967742;0,967741935483871
305;122,015131562757;35,4831273163386;0,935483870967742;0,967741935483871
306;111;8,11495052037229;0,225806451612903;0,258064516129032
307;111;14,939906756052;0,225806451612903;0,258064516129032
308;111;12,7779245546459;0,225806451612903;0,258064516129032
309;111;8,38246635661582;0,225806451612903;0,258064516129032
310;111;12,0480199543453;0,225806451612903;0,258064516129032
311;129,7236184351;128,039754669251;0,935483870967742;0,967741935483871
312;123,25272631196;35,4695435195287;0,935483870967742;0,967741935483871
313;126,09668936041;118,60806870351;0,935483870967742;0,967741935483871
314;127,701906006111;128,262229492406;0,935483870967742;0,967741935483871
315;124,187887195334;64,1697126341426;0,935483870967742;0,967741935483871
316;111;8,05756955573581;0,225806451612903;0,258064516129032
317;126,899597144849;109,175739570392;0,935483870967742;0,967741935483871
318;126,133313997161;34,7122946529949;0,935483870967742;0,967741935483871
319;111;15,5529649887041;0,225806451612903;0,258064516129032
320;111;27,3760458489598;0,225806451612903;0,258064516129032
321;121,799241292094;40,9705788899677;0,935483870967742;0,967741935483871
322;121,023331306109;39,3613391559008;0,935483870967742;0,967741935483871
323;124,630913818206;64,0425950881932;0,935483870967742;0,967741935483871
324;111;20,3007551862639;0,225806451612903;0,258064516129032
325;124,05347926278;78,1338500142652;0,935483870967742;0,967741935483871
326;111;25,1991338891175;0,225806451612903;0,258064516129032
327;123,277135599299;62,8021978093705;0,935483870967742;0,967741935483871
328;122,91871925855;46,1853827551906;0,935483870967742;0,967741935483871
329;121,560729303811;43,4239467821987;0,935483870967742;0,967741935483871
330;111;10,4504569270986;0,225806451612903;0,258064516129032
331;123,432310976139;65,4345465813629;0,935483870967742;0,967741935483871
332;121,752161881301;13,6547708800084;0,935483870967742;0,967741935483871
333;111;23,1247669433577;0,225806451612903;0,258064516129032
334;121,418653604859;36,2027811283716;0,935483870967742;0,967741935483871
335;111;7,65450537262534;0,225806451612903;0,258064516129032
336;111;8,13497836602625;0,225806451612903;0,258064516129032
337;111;14,5361823918035;0,225806451612903;0,258064516129032
338;125,183866847229;88,8725861923982;0,935483870967742;0,967741935483871
339;111;19,6746518307369;0,225806451612903;0,258064516129032
340;123,162195273962;74,1306283691794;0,935483870967742;0,967741935483871
341;128,138763606248;150,280119178512;0,935483870967742;0,967741935483871
342;122,84351806003;91,5657826630576;0,935483870967742;0,967741935483871
343;125,128057856151;102,118375040811;0,935483870967742;0,967741935483871
344;111;13,079448407101;0,225806451612903;0,258064516129032
345;128,745048186668;69,8965112204873;0,935483870967742;0,967741935483871
346;111;21,0758361134583;0,225806451612903;0,258064516129032
347;111;15,5996779288033;0,225806451612903;0,258064516129032
348;111;15,6562541752036;0,225806451612903;0,258064516129032
349;111;26,9250971710364;0,225806451612903;0,258064516129032
350;111;15,6233853221973;0,225806451612903;0,258064516129032
351;111;6,34420473172607;0,225806451612903;0,258064516129032
352;111;16,5592829162343;0,225806451612903;0,258064516129032
353;111;12,8732636339693;0,225806451612903;0,258064516129032
354;111;17,5338476952718;0,225806451612903;0,258064516129032
355;111;18,367987003196;0,225806451612903;0,258064516129032
356;111;8,48250779530968;0,225806451612903;0,258064516129032
357;121,214188928078;8,66530859300486;0,935483870967742;0,967741935483871
358;123,538929098005;71,3440836644553;0,935483870967742;0,967741935483871
359;111;21,5473188577219;0,225806451612903;0,258064516129032
360;126,418653466702;132,371201606682;0,935483870967742;0,967741935483871
361;122,823229559739;65,103860363037;0,935483870967742;0,967741935483871
362;122,567615617903;85,9579296521963;0,935483870967742;0,967741935483871
363;111;9,18524095641835;0,225806451612903;0,258064516129032
364;120,750381106377;28,5978691422907;0,935483870967742;0,967741935483871
365;111;18,5442218964764;0,225806451612903;0,258064516129032
366;126,693331209703;66,904599261234;0,935483870967742;0,967741935483871
367;122,400163856346;43,7500222876025;0,935483870967742;0,967741935483871
368;129,648828268842;133,888450520882;0,935483870967742;0,967741935483871
369;111;18,7844927676302;0,225806451612903;0,258064516129032
370;123,418043901926;36,3597215550235;0,935483870967742;0,967741935483871
371;111;15,1066705121398;0,225806451612903;0,258064516129032
372;127,823602257736;149,445929703091;0,935483870967742;0,967741935483871
373;111;8,16274235670902;0,225806451612903;0,258064516129032
374;129,759254695668;138,379140975193;0,935483870967742;0,967741935483871
375;111;16,7806218973426;0,225806451612903;0,258064516129032
376;111;17,3386066061736;0,225806451612903;0,258064516129032
377;123,511424113152;116,137214089073;0,935483870967742;0,967741935483871
378;121,943812208189;71,9637768347952;0,935483870967742;0,967741935483871
379;126,699095157343;71,1038517431786;0,935483870967742;0,967741935483871
380;123,512493253585;52,4237577221881;0,935483870967742;0,967741935483871
381;125,132021645072;56,6356265872711;0,935483870967742;0,967741935483871
382;130,410565906719;164,924943224313;0,935483870967742;0,967741935483871
383;124,856106125476;92,9153954887246;0,935483870967742;0,967741935483871
384;122,20290999433;31,7817486657158;0,935483870967742;0,967741935483871
385;111;5,13387459456948;0,225806451612903;0,258064516129032
386;127,530513487674;136,969286672842;0,935483870967742;0,967741935483871
387;111;15,1352618388907;0,225806451612903;0,258064516129032
388;111;16,1718387902529;0,225806451612903;0,258064516129032
389;111;21,2070833576795;0,225806451612903;0,258064516129032
390;111;19,3261748805411;0,225806451612903;0,258064516129032
391;111;10,6247161169741;0,225806451612903;0,258064516129032
392;111;19,7566952066881;0,225806451612903;0,258064516129032
393;124,317945245097;47,8122021789409;0,935483870967742;0,967741935483871
394;111;17,0696996094287;0,225806451612903;0,258064516129032
395;111;11,7086721284284;0,225806451612903;0,258064516129032
396;111;21,8560924354713;0,225806451612903;0,258064516129032
397;123,363514749098;49,7315621330071;0,935483870967742;0,967741935483871
398;129,592605140186;136,548447909206;0,935483870967742;0,967741935483871
399;111;14,9866980014896;0,225806451612903;0,258064516129032
400;111;15,3781980584009;0,225806451612903;0,258064516129032
401;122,993761266626;35,5207714132566;0,935483870967742;0,967741935483871
402;122,405352350009;13,0135366357693;0,935483870967742;0,967741935483871
403;111;8,55190841749451;0,225806451612903;0,258064516129032
404;121,779782849785;63,3197926733193;0,935483870967742;0,967741935483871
405;111;12,2989046714548;0,225806451612903;0,258064516129032
406;123,187581494806;112,750046392362;0,935483870967742;0,967741935483871
407;126,549396406713;71,7911419443961;0,935483870967742;0,967741935483871
408;126,821754648184;104,644611727974;0,935483870967742;0,967741935483871
409;128,167505061932;196,183465735141;0,935483870967742;0,967741935483871
410;111;11,5902627409402;0,225806451612903;0,258064516129032
411;111;17,9891158091374;0,225806451612903;0,258064516129032
412;111;14,1043911729064;0,225806451612903;0,258064516129032
413;111;9,13081676988588;0,225806451612903;0,258064516129032
414;111;8,64518659356473;0,225806451612903;0,258064516129032
415;111;19,1127835738315;0,225806451612903;0,258064516129032
416;121,245383642364;19,265379634275;0,935483870967742;0,967741935483871
417;111;14,9739334766382;0,225806451612903;0,258064516129032
418;121,006531323617;28,1791132168327;0,935483870967742;0,967741935483871
419;111;15,4848755842167;0,225806451612903;0,258064516129032
420;123,434508555381;20,4117754041657;0,935483870967742;0,967741935483871
421;123,582003833712;88,2623798673152;0,935483870967742;0,967741935483871
422;111;22,0378879118025;0,225806451612903;0,258064516129032
423;111;9,03316592602023;0,225806451612903;0,258064516129032
424;122,029818387531;16,2342313298333;0,935483870967742;0,967741935483871
425;111;11,7951558199244;0,225806451612903;0,258064516129032
426;111;8,93226853471017;0,225806451612903;0,258064516129032
427;121,585714416128;57,6629209891368;0,935483870967742;0,967741935483871
428;126,537301341439;112,967265608176;0,935483870967742;0,967741935483871
429;111;7,9221213062992;0,225806451612903;0,258064516129032
430;111;17,4142899471696;0,225806451612903;0,258064516129032
431;124,825107393967;51,1974055749898;0,935483870967742;0,967741935483871
432;121,635529157199;19,6592566794285;0,935483870967742;0,967741935483871
433;121,243279332889;26,4035130169205;0,935483870967742;0,967741935483871
434;111;3,7019936441075;0,225806451612903;0,258064516129032
435;111;6,12173192221716;0,225806451612903;0,258064516129032
436;111;15,5735394394278;0,225806451612903;0,258064516129032
437;111;15,8267286023343;0,225806451612903;0,258064516129032
438;123,948271873547;47,1020654661903;0,935483870967742;0,967741935483871
439;123,221005385636;85,816671283486;0,935483870967742;0,967741935483871
440;111;16,2551174951589;0,225806451612903;0,258064516129032
441;127,164423614132;113,701067735812;0,935483870967742;0,967741935483871
442;122,061422071559;49,7359942773118;0,935483870967742;0,967741935483871
443;111;8,46789193209528;0,225806451612903;0,258064516129032
444;111;11,5547397004015;0,225806451612903;0,258064516129032
445;111;19,7118618093187;0,225806451612903;0,258064516129032
446;124,03570702529;37,4719199205968;0,935483870967742;0,967741935483871
447;111;15,3939506952931;0,225806451612903;0,258064516129032
448;129,630254203366;181,52669324443;0,935483870967742;0,967741935483871
449;111;7,92858981045837;0,225806451612903;0,258064516129032
450;122,400752749418;51,6821577897604;0,935483870967742;0,967741935483871
451;124,581010082255;120,976428748166;0,935483870967742;0,967741935483871
452;111;20,0034115512554;0,225806451612903;0,258064516129032
453;121,352147659863;31,3382194872325;0,935483870967742;0,967741935483871
454;111;13,4057433189371;0,225806451612903;0,258064516129032
455;111;16,2824401154312;0,225806451612903;0,258064516129032
456;111;13,4678168969888;0,225806451612903;0,258064516129032
457;111;15,367130040235;0,225806451612903;0,258064516129032
458;123,375053278918;65,045985963166;0,935483870967742;0,967741935483871
459;121,713959182488;35,0746223030649;0,935483870967742;0,967741935483871
460;124,393980082101;114,489604499857;0,935483870967742;0,967741935483871
461;122,128832623048;63,4853844468193;0,935483870967742;0,967741935483871
462;111;21,7029420645511;0,225806451612903;0,258064516129032
463;128,391817993284;142,770296283513;0,935483870967742;0,967741935483871
464;111;17,7544232769041;0,225806451612903;0,258064516129032
465;111;16,712302643551;0,225806451612903;0,258064516129032
466;125,559271019176;155,237698269453;0,935483870967742;0,967741935483871
467;111;30,0236966066773;0,225806451612903;0,258064516129032
468;111;13,2197574678532;0,225806451612903;0,258064516129032
469;111;23,4215103042386;0,225806451612903;0,258064516129032
470;123,142969419438;70,3395364907795;0,935483870967742;0,967741935483871
471;126,335784734328;126,186102454901;0,935483870967742;0,967741935483871
472;125,241217861183;107,580124477805;0,935483870967742;0,967741935483871
473;111;12,6273204452698;0,225806451612903;0,258064516129032
474;123,049380113258;39,8172320873132;0,935483870967742;0,967741935483871
475;111;19,0639518537889;0,225806451612903;0,258064516129032
476;111;17,0608926877595;0,225806451612903;0,258064516129032
477;111;18,9876113466188;0,225806451612903;0,258064516129032
478;111;24,294316327972;0,225806451612903;0,258064516129032
479;111;3,47261838703373;0,225806451612903;0,258064516129032
480;126,976724857954;79,0986381494064;0,935483870967742;0,967741935483871
481;111;13,6044238493104;0,225806451612903;0,258064516129032
482;111;18,9964119920967;0,225806451612903;0,258064516129032
483;130,942857843121;162,910525789419;0,935483870967742;0,967741935483871
484;124,680076275775;111,961546594688;0,935483870967742;0,967741935483871
485;124,667234115767;65,1861274543526;0,935483870967742;0,967741935483871
486;111;13,3788131644646;0,225806451612903;0,258064516129032
487;111;16,9004831537613;0,225806451612903;0,258064516129032
488;111;19,1390575706693;0,225806451612903;0,258064516129032
489;121,980321803329;50,8851653394862;0,935483870967742;0,967741935483871
490;111;7,2748716199779;0,225806451612903;0,258064516129032
491;111;10,2914851785515;0,225806451612903;0,258064516129032
492;122,346816543208;72,203627986215;0,935483870967742;0,967741935483871
493;111;18,2564147784783;0,225806451612903;0,258064516129032
494;111;20,225050305036;0,225806451612903;0,258064516129032
495;123,590711353855;87,7252355263175;0,935483870967742;0,967741935483871
496;111;9,26425481213704;0,225806451612903;0,258064516129032
497;111;10,7607107247426;0,225806451612903;0,258064516129032
498;111;25,0276267436062;0,225806451612903;0,258064516129032
499;120,848487543948;41,6318888648979;0,935483870967742;0,967741935483871
500;130,828404168397;171,623874149259;0,935483870967742;0,967741935483871
501;124,103045289187;120,401046393168;0,935483870967742;0,967741935483871
502;121,512585639754;35,9543306935226;0,935483870967742;0,967741935483871
503;124,439977673677;99,2242315480469;0,935483870967742;0,967741935483871
504;111;8,9523556748963;0,225806451612903;0,258064516129032
505;126,800798927788;144,380757741002;0,935483870967742;0,967741935483871
506;111;6,69372600410143;0,225806451612903;0,258064516129032
507;128,80324042497;125,465089166753;0,935483870967742;0,967741935483871
508;111;11,9491313229237;0,225806451612903;0,258064516129032
509;121,270418777008;42,5066690621419;0,935483870967742;0,967741935483871
510;125,148827625984;83,1037004923703;0,935483870967742;0,967741935483871
511;111;11,2003108987748;0,225806451612903;0,258064516129032
512;126,32567941348;117,743703126069;0,935483870967742;0,967741935483871
513;124,026884232675;104,713952465257;0,935483870967742;0,967741935483871
514;111;14,9375714381822;0,225806451612903;0,258064516129032
515;120,202485594986;58,2371433769016;0,935483870967742;0,967741935483871
516;111;25,0313481145545;0,225806451612903;0,258064516129032
517;111;21,9260377063321;0,225806451612903;0,258064516129032
518;127,859667929991;105,558997482793;0,935483870967742;0,967741935483871
519;126,357517672168;85,3436449328504;0,935483870967742;0,967741935483871
520;111;15,656948815529;0,225806451612903;0,258064516129032
521;122,76019300757;51,0616622774931;0,935483870967742;0,967741935483871
522;132,269955777778;125,123294552574;0,935483870967742;0,967741935483871
523;111;15,9417554536474;0,225806451612903;0,258064516129032
524;111;16,5909843079073;0,225806451612903;0,258064516129032
525;126,973645992806;115,20348841592;0,935483870967742;0,967741935483871
526;111;23,311823774853;0,225806451612903;0,258064516129032
527;111;18,6365182840756;0,225806451612903;0,258064516129032
528;123,658701236735;101,204390934994;0,935483870967742;0,967741935483871
529;128,306629233385;143,491291911134;0,935483870967742;0,967741935483871
530;122,843994162712;62,954108996011;0,935483870967742;0,967741935483871
531;111;13,8839409616027;0,225806451612903;0,258064516129032
532;111;16,2198317593858;0,225806451612903;0,258064516129032
533;126,821123941039;106,617729602149;0,935483870967742;0,967741935483871
534;111;25,1846264332784;0,225806451612903;0,258064516129032
535;111;4,79123874050786;0,225806451612903;0,258064516129032
536;129,274036474239;116,336626691801;0,935483870967742;0,967741935483871
537;123,991481569425;44,0533626392153;0,935483870967742;0,967741935483871
538;111;11,1642722491921;0,225806451612903;0,258064516129032
539;122,735856988345;46,1192620502262;0,935483870967742;0,967741935483871
540;111;15,1182678201236;0,225806451612903;0,258064516129032
541;122,53230779603;88,4534975711557;0,935483870967742;0,967741935483871
542;111;16,3214066000927;0,225806451612903;0,258064516129032
543;111;13,5416233382893;0,225806451612903;0,258064516129032
544;111;11,696180882301;0,225806451612903;0,258064516129032
545;125,823723608929;142,029647919152;0,935483870967742;0,967741935483871
546;111;5,25444165331086;0,225806451612903;0,258064516129032
547;122,689225111539;35,1008783492199;0,935483870967742;0,967741935483871
548;111;13,8658755014072;0,225806451612903;0,258064516129032
549;128,387648471426;111,106389852747;0,935483870967742;0,967741935483871
550;111;8,18030612194202;0,225806451612903;0,258064516129032
551;111;16,1386829900372;0,225806451612903;0,258064516129032
552;120,446024366552;26,3618066777549;0,935483870967742;0,967741935483871
553;111;13,7521430799058;0,225806451612903;0,258064516129032
554;111;9,6788425926886;0,225806451612903;0,258064516129032
555;131,280141583531;142,056278800707;0,935483870967742;0,967741935483871
556;124,555267322249;96,1012560346678;0,935483870967742;0,967741935483871
557;111;12,8089686188945;0,225806451612903;0,258064516129032
558;122,4128735803;43,5781857794718;0,935483870967742;0,967741935483871
559;111;13,5444286649019;0,225806451612903;0,258064516129032
560;111;14,3227827251797;0,225806451612903;0,258064516129032
561;111;14,2397272525893;0,225806451612903;0,258064516129032
562;124,558603938567;108,949357667335;0,935483870967742;0,967741935483871
563;123,805950267528;54,9739875969503;0,935483870967742;0,967741935483871
564;119,823853759239;22,5339655139471;0,935483870967742;0,967741935483871
565;111;17,6290058789915;0,225806451612903;0,258064516129032
566;122,29816777997;67,5537904091563;0,935483870967742;0,967741935483871
567;126,416034740578;44,8162782867761;0,935483870967742;0,967741935483871
568;111;12,7913023496016;0,225806451612903;0,258064516129032
569;111;19,3099373515602;0,225806451612903;0,258064516129032
570;122,066180991153;26,5257010060802;0,935483870967742;0,967741935483871
571;111;6,61497853539407;0,225806451612903;0,258064516129032
572;121,449219703005;47,1070130240861;0,935483870967742;0,967741935483871
573;111;18,4630160294397;0,225806451612903;0,258064516129032
574;111;10,4511550964608;0,225806451612903;0,258064516129032
575;124,219909416032;87,4968719972421;0,935483870967742;0,967741935483871
576;121,709224396225;17,6730890418729;0,935483870967742;0,967741935483871
577;121,378958513151;9,41603722011781;0,935483870967742;0,967741935483871
578;122,042691599591;23,5867946678173;0,935483870967742;0,967741935483871
579;125,395423746803;49,6293592701674;0,935483870967742;0,967741935483871
580;127,156048866365;96,9765850877679;0,935483870967742;0,967741935483871
581;111;16,7844149410254;0,225806451612903;0,258064516129032
582;111;16,7679527128169;0,225806451612903;0,258064516129032
583;111;17,9953298188992;0,225806451612903;0,258064516129032
584;111;25,3003682677211;0,225806451612903;0,258064516129032
585;122,179233253922;47,8367149574134;0,935483870967742;0,967741935483871
586;111;21,3775002028763;0,225806451612903;0,258064516129032
587;111;12,1397288067161;0,225806451612903;0,258064516129032
588;111;15,3344750012173;0,225806451612903;0,258064516129032
589;121,205657613157;122,293196585979;0,935483870967742;0,967741935483871
590;122,81603419399;60,1054586888868;0,935483870967742;0,967741935483871
591;111;7,42965442388552;0,225806451612903;0,258064516129032
592;111;20,1219570153749;0,225806451612903;0,258064516129032
593;121,935673969152;68,7209395176484;0,935483870967742;0,967741935483871
594;111;12,0609373638949;0,225806451612903;0,258064516129032
595;111;17,8122003178947;0,225806451612903;0,258064516129032
596;126,141307482783;85,2025298353991;0,935483870967742;0,967741935483871
597;111;19,3022807871462;0,225806451612903;0,258064516129032
598;120,786778106966;37,8047158674211;0,935483870967742;0,967741935483871
599;126,441665778255;47,1920250697872;0,935483870967742;0,967741935483871
600;111;20,1512902918987;0,225806451612903;0,258064516129032
601;111;17,7937879235749;0,225806451612903;0,258064516129032
602;125,375235495447;116,615438989509;0,935483870967742;0,967741935483871
603;111;14,1405374022253;0,225806451612903;0,258064516129032
604;126,75491742326;102,593201975932;0,935483870967742;0,967741935483871
605;111;9,54165214754305;0,225806451612903;0,258064516129032
606;111;11,6178068181376;0,225806451612903;0,258064516129032
607;123,351580136855;70,1335269926567;0,935483870967742;0,967741935483871
608;125,951158285949;112,122622086852;0,935483870967742;0,967741935483871
609;111;20,0019812862058;0,225806451612903;0,258064516129032
610;111;4,12080166277916;0,225806451612903;0,258064516129032
611;111;12,7818000896732;0,225806451612903;0,258064516129032
612;111;18,524495765624;0,225806451612903;0,258064516129032
613;126,382714752004;89,5279890010468;0,935483870967742;0,967741935483871
614;111;18,0766933192109;0,225806451612903;0,258064516129032
615;111;17,0076202717486;0,225806451612903;0,258064516129032
616;111;20,3020356943061;0,225806451612903;0,258064516129032
617;124,411673540626;70,8227113533329;0,935483870967742;0,967741935483871
618;121,760765364557;34,8960630403932;0,935483870967742;0,967741935483871
619;130,721982228817;117,124106613073;0,935483870967742;0,967741935483871
620;111;17,1453492052036;0,225806451612903;0,258064516129032
621;121,67202950901;34,5935554486565;0,935483870967742;0,967741935483871
622;111;17,3872844233956;0,225806451612903;0,258064516129032
623;122,00567082394;14,5758431837032;0,935483870967742;0,967741935483871
624;122,862734663619;74,0916056117405;0,935483870967742;0,967741935483871
625;129,261102866379;106,363620375445;0,935483870967742;0,967741935483871
626;125,078298975217;113,302421299619;0,935483870967742;0,967741935483871
627;111;13,5320933977205;0,225806451612903;0,258064516129032
628;124,644658690508;58,837210314517;0,935483870967742;0,967741935483871
629;122,547130747257;33,6427608905093;0,935483870967742;0,967741935483871
630;126,345194832826;101,620684995512;0,935483870967742;0,967741935483871
631;111;17,0616507666076;0,225806451612903;0,258064516129032
632;111;15,7151055789418;0,225806451612903;0,258064516129032
633;122,970277166671;75,128172488924;0,935483870967742;0,967741935483871
634;122,595881779432;47,6565110328427;0,935483870967742;0,967741935483871
635;124,792537371321;60,8210521988819;0,935483870967742;0,967741935483871
636;121,368877207325;27,7284017272687;0,935483870967742;0,967741935483871
637;125,314806316539;92,8303981949693;0,935483870967742;0,967741935483871
638;111;10,5393975777193;0,225806451612903;0,258064516129032
639;122,164753416882;53,0655062845011;0,935483870967742;0,967741935483871
640;128,308840796428;124,154637861854;0,935483870967742;0,967741935483871
641;126,741118822787;123,272326902845;0,935483870967742;0,967741935483871
642;111;16,814742979381;0,225806451612903;0,258064516129032
643;126,334461074641;93,4276073065726;0,935483870967742;0,967741935483871
644;123,232540961601;68,0043187681302;0,935483870967742;0,967741935483871
645;123,327435942906;32,8156337951178;0,935483870967742;0,967741935483871
646;128,438037246581;131,339327228984;0,935483870967742;0,967741935483871
647;111;7,56120098081994;0,225806451612903;0,258064516129032
648;127,117398724203;87,0194253372495;0,935483870967742;0,967741935483871
649;121,582779416376;24,9713451541546;0,935483870967742;0,967741935483871
650;127,278387612878;39,5226571865753;0,935483870967742;0,967741935483871
651;111;15,5094958666345;0,225806451612903;0,258064516129032
652;111;21,3384734672368;0,225806451612903;0,258064516129032
653;111;14,6183931772807;0,225806451612903;0,258064516129032
654;111;11,5571314787812;0,225806451612903;0,258064516129032
655;111;18,6538862646101;0,225806451612903;0,258064516129032
656;122,896002818298;94,6394582512541;0,935483870967742;0,967741935483871
657;125,131860490086;114,339047829765;0,935483870967742;0,967741935483871
658;111;27,1960548159006;0,225806451612903;0,258064516129032
659;124,221782713168;86,2477755961105;0,935483870967742;0,967741935483871
660;111;6,56715678105629;0,225806451612903;0,258064516129032
661;123,172017134593;118,071995571771;0,935483870967742;0,967741935483871
662;111;11,1760335914683;0,225806451612903;0,258064516129032
663;111;17,810835420792;0,225806451612903;0,258064516129032
664;111;13,1474676014546;0,225806451612903;0,258064516129032
665;124,913699021085;67,6067422684458;0,935483870967742;0,967741935483871
666;111;15,1992702787892;0,225806451612903;0,258064516129032
667;125,349579603888;98,0810822724883;0,935483870967742;0,967741935483871
668;121,713687863927;81,3391597980545;0,935483870967742;0,967741935483871
669;111;7,16575765932034;0,225806451612903;0,258064516129032
670;121,527471324026;20,9431196620693;0,935483870967742;0,967741935483871
671;111;9,10009485992029;0,225806451612903;0,258064516129032
672;111;6,08293415106479;0,225806451612903;0,258064516129032
673;126,777754742212;116,542962143172;0,935483870967742;0,967741935483871
674;122,339534643538;13,8848905775223;0,935483870967742;0,967741935483871
675;111;26,3969631681498;0,225806451612903;0,258064516129032
676;111;22,4827418940749;0,225806451612903;0,258064516129032
677;121,932230364229;18,7199142101184;0,935483870967742;0,967741935483871
678;111;10,2065315623546;0,225806451612903;0,258064516129032
679;111;15,5194831369299;0,225806451612903;0,258064516129032
680;121,368321570073;33,6644074637731;0,935483870967742;0,967741935483871
681;127,175884822511;43,4593238226459;0,935483870967742;0,967741935483871
682;122,830399523726;61,0387865481795;0,935483870967742;0,967741935483871
683;130,028694439369;201,997024282694;0,935483870967742;0,967741935483871
684;129,888323697758;178,131072212046;0,935483870967742;0,967741935483871
685;111;9,45279565765241;0,225806451612903;0,258064516129032
686;127,413741565121;118,151024969291;0,935483870967742;0,967741935483871
687;111;23,1133332457009;0,225806451612903;0,258064516129032
688;123,531763769476;51,3210873918675;0,935483870967742;0,967741935483871
689;111;18,4188059287524;0,225806451612903;0,258064516129032
690;111;10,2769729616573;0,225806451612903;0,258064516129032
691;111;17,1774379772935;0,225806451612903;0,258064516129032
692;123,896414760559;30,5270506334253;0,935483870967742;0,967741935483871
693;127,352071380219;94,6069032416446;0,935483870967742;0,967741935483871
694;121,330011189475;24,7217033888801;0,935483870967742;0,967741935483871
695;120,447003406969;13,5293638557382;0,935483870967742;0,967741935483871
696;126,654747395629;91,5679937424992;0,935483870967742;0,967741935483871
697;126,968876540032;109,894331352296;0,935483870967742;0,967741935483871
698;111;7,63132609599695;0,225806451612903;0,258064516129032
699;124,999139724666;56,728284076979;0,935483870967742;0,967741935483871
700;128,798486227857;100,868172138349;0,935483870967742;0,967741935483871
701;111;10,1542468099489;0,225806451612903;0,258064516129032
702;111;12,4604854519756;0,225806451612903;0,258064516129032
703;127,536380300079;98,5550454442968;0,935483870967742;0,967741935483871
704;111;6,85914766338502;0,225806451612903;0,258064516129032
705;111;23,7435211532616;0,225806451612903;0,258064516129032
706;126,100533514673;95,1795620566163;0,935483870967742;0,967741935483871
707;123,616661979328;27,0275263491214;0,935483870967742;0,967741935483871
708;111;14,6110443210031;0,225806451612903;0,258064516129032
709;111;10,1531369117317;0,225806451612903;0,258064516129032
710;111;9,02514671008267;0,225806451612903;0,258064516129032
711;126,507892533021;72,3741489481896;0,935483870967742;0,967741935483871
712;123,473976860311;50,3957684178823;0,935483870967742;0,967741935483871
713;121,018108736876;19,3880406757212;0,935483870967742;0,967741935483871
714;111;12,6777409634673;0,225806451612903;0,258064516129032
715;111;12,1287007482631;0,225806451612903;0,258064516129032
716;126,03041900781;146,240209455521;0,935483870967742;0,967741935483871
717;125,835650000417;79,418239436776;0,935483870967742;0,967741935483871
718;123,015741967226;53,6956328283921;0,935483870967742;0,967741935483871
719;111;9,48714472283733;0,225806451612903;0,258064516129032
720;128,802822348241;171,917968394025;0,935483870967742;0,967741935483871
721;122,299967640289;108,048408525423;0,935483870967742;0,967741935483871
722;127,804639224915;71,5713867130926;0,935483870967742;0,967741935483871
723;111;20,4624032358929;0,225806451612903;0,258064516129032
724;111;17,8851298596017;0,225806451612903;0,258064516129032
725;111;18,3283893520913;0,225806451612903;0,258064516129032
726;127,660844695501;78,0244019653745;0,935483870967742;0,967741935483871
727;111;6,18046112591041;0,225806451612903;0,258064516129032
728;111;22,4574371787741;0,225806451612903;0,258064516129032
729;111;21,399420506922;0,225806451612903;0,258064516129032
730;123,082546640442;103,159307926262;0,935483870967742;0,967741935483871
731;124,407526586973;63,54210446096;0,935483870967742;0,967741935483871
732;126,839639803681;55,1589058109753;0,935483870967742;0,967741935483871
733;111;19,5837999203353;0,225806451612903;0,258064516129032
734;122,634293188825;61,6919407858399;0,935483870967742;0,967741935483871
735;111;16,6968743801595;0,225806451612903;0,258064516129032
736;122,33452594766;58,80256709535;0,935483870967742;0,967741935483871
737;111;13,9394398772743;0,225806451612903;0,258064516129032
738;111;9,45328931189195;0,225806451612903;0,258064516129032
739;111;11,1302042908761;0,225806451612903;0,258064516129032
740;111;11,2534476976565;0,225806451612903;0,258064516129032
741;126,964184161642;97,591743155375;0,935483870967742;0,967741935483871
742;111;4,50286911196076;0,225806451612903;0,258064516129032
743;130,080272515473;121,602599594354;0,935483870967742;0,967741935483871
744;111;15,8946342984501;0,225806451612903;0,258064516129032
745;111;13,4503336143375;0,225806451612903;0,258064516129032
746;111;17,4379150482752;0,225806451612903;0,258064516129032
747;123,098320268225;92,4733423142891;0,935483870967742;0,967741935483871
748;111;17,0198822167402;0,225806451612903;0,258064516129032
749;125,547011547685;110,360972437914;0,935483870967742;0,967741935483871
750;128,769503560852;140,318027764213;0,935483870967742;0,967741935483871
751;111;11,2702383345388;0,225806451612903;0,258064516129032
752;111;17,4937945205508;0,225806451612903;0,258064516129032
753;122,198746508894;79,9108189196515;0,935483870967742;0,967741935483871
754;122,521734204394;45,3218422902118;0,935483870967742;0,967741935483871
755;111;15,2861529581812;0,225806451612903;0,258064516129032
756;111;16,3552840124128;0,225806451612903;0,258064516129032
757;111;16,7910430755954;0,225806451612903;0,258064516129032
758;111;19,478714229945;0,225806451612903;0,258064516129032
759;111;11,8681566549237;0,225806451612903;0,258064516129032
760;111;14,8722625275209;0,225806451612903;0,258064516129032
761;111;13,502019188437;0,225806451612903;0,258064516129032
762;111;22,5217194090452;0,225806451612903;0,258064516129032
763;123,272504641052;33,9072868456582;0,935483870967742;0,967741935483871
764;111;10,4503578547565;0,225806451612903;0,258064516129032
765;111;25,1708142790146;0,225806451612903;0,258064516129032
766;111;17,8081662700952;0,225806451612903;0,258064516129032
767;127,142851904387;105,528465148234;0,935483870967742;0,967741935483871
768;124,222993355835;31,6351554147684;0,935483870967742;0,967741935483871
769;111;7,7987290648671;0,225806451612903;0,258064516129032
770;122,786800227222;85,1511734660092;0,935483870967742;0,967741935483871
771;120,864896341829;24,7168221965058;0,935483870967742;0,967741935483871
772;125,407766441124;119,582255527573;0,935483870967742;0,967741935483871
773;122,873882400846;39,0934630201324;0,935483870967742;0,967741935483871
774;122,819809651809;38,8251826833118;0,935483870967742;0,967741935483871
775;111;10,607331836612;0,225806451612903;0,258064516129032
776;122,965695866504;27,3842995517111;0,935483870967742;0,967741935483871
777;111;14,2353037450249;0,225806451612903;0,258064516129032
778;124,661659268214;83,1810744579731;0,935483870967742;0,967741935483871
779;123,890405148169;89,5470559203153;0,935483870967742;0,967741935483871
780;125,054857062113;91,5080140922824;0,935483870967742;0,967741935483871
781;111;9,3026165534412;0,225806451612903;0,258064516129032
782;125,647733178986;45,527652262792;0,935483870967742;0,967741935483871
783;126,964892242322;124,10604374888;0,935483870967742;0,967741935483871
784;127,42779035382;106,094614715614;0,935483870967742;0,967741935483871
785;111;13,0488969811166;0,225806451612903;0,258064516129032
786;111;16,3518213692562;0,225806451612903;0,258064516129032
787;111;21,5368730495364;0,225806451612903;0,258064516129032
788;111;16,042931517137;0,225806451612903;0,258064516129032
789;121,062987780576;48,8474577276045;0,935483870967742;0,967741935483871
790;111;13,1068236153384;0,225806451612903;0,258064516129032
791;111;8,96231741036431;0,225806451612903;0,258064516129032
792;122,235352486949;51,4278542544587;0,935483870967742;0,967741935483871
793;111;14,0724309390259;0,225806451612903;0,258064516129032
794;111;5,1714566689721;0,225806451612903;0,258064516129032
795;111;19,6175861398966;0,225806451612903;0,258064516129032
796;111;22,3036095520961;0,225806451612903;0,258064516129032
797;111;22,3983131317377;0,225806451612903;0,258064516129032
798;111;15,410884841228;0,225806451612903;0,258064516129032
799;121,309788843536;37,3814272528162;0,935483870967742;0,967741935483871
800;122,101913964488;36,9684781621459;0,935483870967742;0,967741935483871
801;124,268521764729;39,3221800716947;0,935483870967742;0,967741935483871
802;121,426605353109;23,2030360974564;0,935483870967742;0,967741935483871
803;111;18,1438373796817;0,225806451612903;0,258064516129032
804;121,914969970574;27,6770616035944;0,935483870967742;0,967741935483871
805;111;20,9796991253691;0,225806451612903;0,258064516129032
806;126,229332714137;107,288681713787;0,935483870967742;0,967741935483871
807;120,958678749493;33,9846092675948;0,935483870967742;0,967741935483871
808;111;12,002452859981;0,225806451612903;0,258064516129032
809;125,16394265333;20,8320050360387;0,935483870967742;0,967741935483871
810;123,150647610737;60,8973484915597;0,935483870967742;0,967741935483871
811;123,847873495558;73,144927514915;0,935483870967742;0,967741935483871
812;122,58194235759;62,2359025943472;0,935483870967742;0,967741935483871
813;128,029614850443;137,522242126829;0,935483870967742;0,967741935483871
814;111;4,93390217979346;0,225806451612903;0,258064516129032
815;111;20,0294752650055;0,225806451612903;0,258064516129032
816;126,87706538005;136,023689570894;0,935483870967742;0,967741935483871
817;124,486450273245;85,0270540919127;0,935483870967742;0,967741935483871
818;111;25,730965404043;0,225806451612903;0,258064516129032
819;111;16,843862331976;0,225806451612903;0,258064516129032
820;111;19,5580527318599;0,225806451612903;0,258064516129032
821;121,035474009108;54,4847634565739;0,935483870967742;0,967741935483871
822;111;14,3732871808732;0,225806451612903;0,258064516129032
823;111;11,9142370208988;0,225806451612903;0,258064516129032
824;111;9,00231627629854;0,225806451612903;0,258064516129032
825;123,865184643598;85,5996352715001;0,935483870967742;0,967741935483871
826;121,014251163762;54,0854203514875;0,935483870967742;0,967741935483871
827;111;14,6455779113822;0,225806451612903;0,258064516129032
828;111;12,9531841254829;0,225806451612903;0,258064516129032
829;125,091664275924;98,5009622927793;0,935483870967742;0,967741935483871
830;125,444359418087;100,143216512293;0,935483870967742;0,967741935483871
831;111;15,7588190950904;0,225806451612903;0,258064516129032
832;125,70181332279;89,7895334453901;0,935483870967742;0,967741935483871
833;123,096506255679;49,4275388070622;0,935483870967742;0,967741935483871
834;111;17,4277531394299;0,225806451612903;0,258064516129032
835;124,002672763728;75,2958069945832;0,935483870967742;0,967741935483871
836;128,31398420698;129,511211814395;0,935483870967742;0,967741935483871
837;111;8,91961747106786;0,225806451612903;0,258064516129032
838;111;20,6037208622113;0,225806451612903;0,258064516129032
839;127,348480830434;68,6887388495125;0,935483870967742;0,967741935483871
840;111;12,4363594027823;0,225806451612903;0,258064516129032
841;127,798520765141;67,7755913517478;0,935483870967742;0,967741935483871
842;111;17,1273919546527;0,225806451612903;0,258064516129032
843;124,173118938445;62,2853258078853;0,935483870967742;0,967741935483871
844;121,611215436516;21,6561753634366;0,935483870967742;0,967741935483871
845;111;21,8469776149533;0,225806451612903;0,258064516129032
846;111;9,78649685207892;0,225806451612903;0,258064516129032
847;127,837188080653;101,288881766746;0,935483870967742;0,967741935483871
848;111;24,2756475772807;0,225806451612903;0,258064516129032
849;126,31255181684;109,46787236495;0,935483870967742;0,967741935483871
850;120,008271595489;32,2655334574087;0,935483870967742;0,967741935483871
851;111;16,6005127563473;0,225806451612903;0,258064516129032
852;111;9,86960718299137;0,225806451612903;0,258064516129032
853;124,335878988751;78,7117318603027;0,935483870967742;0,967741935483871
854;111;9,80524206007055;0,225806451612903;0,258064516129032
855;127,868183017359;68,3559111730369;0,935483870967742;0,967741935483871
856;127,900905546288;158,73109188816;0,935483870967742;0,967741935483871
857;125,363168428977;102,704902520062;0,935483870967742;0,967741935483871
858;111;14,9307113998524;0,225806451612903;0,258064516129032
859;125,706881099108;113,280510293369;0,935483870967742;0,967741935483871
860;111;4,84417184431243;0,225806451612903;0,258064516129032
861;111;10,2913303967387;0,225806451612903;0,258064516129032
862;124,383586725103;86,9209298569876;0,935483870967742;0,967741935483871
863;122,208433071542;18,3440605057974;0,935483870967742;0,967741935483871
864;124,514883788824;46,5242640633329;0,935483870967742;0,967741935483871
865;120,45936563319;9,5558163707432;0,935483870967742;0,967741935483871
866;121,056878276624;36,7001887964696;0,935483870967742;0,967741935483871
867;111;21,9756750788499;0,225806451612903;0,258064516129032
868;123,23304062797;42,4826336493709;0,935483870967742;0,967741935483871
869;111;19,9205307525191;0,225806451612903;0,258064516129032
870;111;24,4753504767568;0,225806451612903;0,258064516129032
871;127,503965110293;143,413958436342;0,935483870967742;0,967741935483871
872;111;9,87335916963911;0,225806451612903;0,258064516129032
873;127,625479762371;78,1061362299229;0,935483870967742;0,967741935483871
874;121,399408840351;67,5508753395397;0,935483870967742;0,967741935483871
875;111;17,5632716900596;0,225806451612903;0,258064516129032
876;126,360531533687;107,891608683628;0,935483870967742;0,967741935483871
877;111;13,6873320107099;0,225806451612903;0,258064516129032
878;111;22,7305693316248;0,225806451612903;0,258064516129032
879;124,897178502094;115,142044643954;0,935483870967742;0,967741935483871
880;111;18,4346820063374;0,225806451612903;0,258064516129032
881;111;21,2520577523311;0,225806451612903;0,258064516129032
882;127,592052382971;130,432854891211;0,935483870967742;0,967741935483871
883;124,838196919299;102,536353397555;0,935483870967742;0,967741935483871
884;111;14,1690682356379;0,225806451612903;0,258064516129032
885;111;19,3648444805902;0,225806451612903;0,258064516129032
886;111;9,91022112619558;0,225806451612903;0,258064516129032
887;111;10,3832695930401;0,225806451612903;0,258064516129032
888;111;16,2815374541927;0,225806451612903;0,258064516129032
889;125,612442571842;109,594766803028;0,935483870967742;0,967741935483871
890;111;9,14467627941707;0,225806451612903;0,258064516129032
891;124,388590740353;69,6963344561215;0,935483870967742;0,967741935483871
892;122,878452313897;27,6269992664695;0,935483870967742;0,967741935483871
893;125,878953801754;79,4816386173889;0,935483870967742;0,967741935483871
894;111;18,6263012169099;0,225806451612903;0,258064516129032
895;124,791145373645;55,6397457785186;0,935483870967742;0,967741935483871
896;122,946798023442;74,2612790925705;0,935483870967742;0,967741935483871
897;126,877190726273;91,0700550680452;0,935483870967742;0,967741935483871
898;111;8,41616220224874;0,225806451612903;0,258064516129032
899;127,585629174769;105,194543654108;0,935483870967742;0,967741935483871
900;111;17,3879899878354;0,225806451612903;0,258064516129032
901;111;10,0974324569045;0,225806451612903;0,258064516129032
902;111;18,5544702080724;0,225806451612903;0,258064516129032
903;111;12,046235625971;0,225806451612903;0,258064516129032
904;127,254623207954;88,2467160069699;0,935483870967742;0,967741935483871
905;111;10,5451870248883;0,225806451612903;0,258064516129032
906;121,139695259475;12,6564550927232;0,935483870967742;0,967741935483871
907;124,004006339507;32,7315906397083;0,935483870967742;0,967741935483871
908;126,572387278535;115,235374086865;0,935483870967742;0,967741935483871
909;111;19,8048856877635;0,225806451612903;0,258064516129032
910;111;9,74898328118167;0,225806451612903;0,258064516129032
911;111;16,4042382404827;0,225806451612903;0,258064516129032
912;125,245285012348;61,6290912721273;0,935483870967742;0,967741935483871
913;111;9,72677776417183;0,225806451612903;0,258064516129032
914;123,420033402706;73,3809644871096;0,935483870967742;0,967741935483871
915;111;5,06933530844824;0,225806451612903;0,258064516129032
916;111;12,8583159984379;0,225806451612903;0,258064516129032
917;123,376750744546;97,1385625162708;0,935483870967742;0,967741935483871
918;111;8,50163013545529;0,225806451612903;0,258064516129032
919;126,818029740201;132,461719041889;0,935483870967742;0,967741935483871
920;124,81276191176;101,468335113657;0,935483870967742;0,967741935483871
921;111;20,1337226797865;0,225806451612903;0,258064516129032
922;111;15,3947788150169;0,225806451612903;0,258064516129032
923;123,429496803065;38,3115128253188;0,935483870967742;0,967741935483871
924;111;15,8059618799986;0,225806451612903;0,258064516129032
925;122,595540304455;45,9955434713147;0,935483870967742;0,967741935483871
926;111;6,5366607800401;0,225806451612903;0,258064516129032
927;111;16,4514903206844;0,225806451612903;0,258064516129032
928;111;12,6600737107153;0,225806451612903;0,258064516129032
929;111;14,6649739204636;0,225806451612903;0,258064516129032
930;128,363653372149;114,901206528792;0,935483870967742;0,967741935483871
931;111;18,2461569898554;0,225806451612903;0,258064516129032
932;111;21,7421069379273;0,225806451612903;0,258064516129032
933;127,778173739031;118,653534150741;0,935483870967742;0,967741935483871
934;111;24,5190828535118;0,225806451612903;0,258064516129032
935;125,725940719648;107,864276881033;0,935483870967742;0,967741935483871
936;111;7,18822623140558;0,225806451612903;0,258064516129032
937;111;18,9929009554726;0,225806451612903;0,258064516129032
938;124,338465128193;26,4884178175062;0,935483870967742;0,967741935483871
939;111;17,3752547126153;0,225806451612903;0,258064516129032
940;111;25,5820074477681;0,225806451612903;0,258064516129032
941;120,639392686759;14,9699304960337;0,935483870967742;0,967741935483871
942;111;15,0580172223278;0,225806451612903;0,258064516129032
943;111;15,9702548463568;0,225806451612903;0,258064516129032
944;111;7,44255761243839;0,225806451612903;0,258064516129032
945;123,78231770612;111,038585245577;0,935483870967742;0,967741935483871
946;124,602739302615;84,7013518747942;0,935483870967742;0,967741935483871
947;121,820257186634;64,9833966287631;0,935483870967742;0,967741935483871
948;121,038429183817;73,8043647623144;0,935483870967742;0,967741935483871
949;124,080017128013;106,899383455524;0,935483870967742;0,967741935483871
950;122,614273930927;46,884329909258;0,935483870967742;0,967741935483871
951;122,172230326896;84,6633492486876;0,935483870967742;0,967741935483871
952;124,915548322365;77,1419095772447;0,935483870967742;0,967741935483871
953;111;11,0969173996947;0,225806451612903;0,258064516129032
954;125,140775938662;70,2664531851258;0,935483870967742;0,967741935483871
955;122,875516544775;42,76596499674;0,935483870967742;0,967741935483871
956;111;7,23246030919956;0,225806451612903;0,258064516129032
957;126,012017665695;129,100597384411;0,935483870967742;0,967741935483871
958;121,540002183332;11,5074649732633;0,935483870967742;0,967741935483871
959;128,632074639545;152,390497696967;0,935483870967742;0,967741935483871
960;111;15,2502986619554;0,225806451612903;0,258064516129032
961;111;7,38108080579142;0,225806451612903;0,258064516129032
962;127,562690717013;137,599038342679;0,935483870967742;0,967741935483871
963;123,365398480431;45,7414151799214;0,935483870967742;0,967741935483871
964;123,45686827441;52,7135207083615;0,935483870967742;0,967741935483871
965;121,65195373175;60,3382961754251;0,935483870967742;0,967741935483871
966;127,357463975013;75,1490597698966;0,935483870967742;0,967741935483871
967;111;18,7257054482498;0,225806451612903;0,258064516129032
968;128,799957303178;124,125713620297;0,935483870967742;0,967741935483871
969;127,332573860243;116,929453637877;0,935483870967742;0,967741935483871
970;111;22,2868246448797;0,225806451612903;0,258064516129032
971;129,383723544524;153,231004783945;0,935483870967742;0,967741935483871
972;111;15,6401981537709;0,225806451612903;0,258064516129032
973;111;10,7603196676296;0,225806451612903;0,258064516129032
974;122,400432835477;48,2792121788229;0,935483870967742;0,967741935483871
975;111;10,1115088780732;0,225806451612903;0,258064516129032
976;111;15,0142987940449;0,225806451612903;0,258064516129032
977;123,115894119717;54,3217900090987;0,935483870967742;0,967741935483871
978;111;18,4709102362766;0,225806451612903;0,258064516129032
979;121,95635038766;68,0885077481336;0,935483870967742;0,967741935483871
980;122,988675104483;38,0089978926251;0,935483870967742;0,967741935483871
981;111;16,6184125678161;0,225806451612903;0,258064516129032
982;122,073264179563;43,6305656269915;0,935483870967742;0,967741935483871
983;111;6,03212067340199;0,225806451612903;0,258064516129032
984;111;29,8058179921305;0,225806451612903;0,258064516129032
985;121,773493127575;39,9670055546464;0,935483870967742;0,967741935483871
986;111;20,8772237450758;0,225806451612903;0,258064516129032
987;123,589931889109;89,0311045538701;0,935483870967742;0,967741935483871
988;111;19,9837287875985;0,225806451612903;0,258064516129032
989;111;15,5554968590386;0,225806451612903;0,258064516129032
990;126,894703126117;86,1908686200514;0,935483870967742;0,967741935483871
991;125,438079022864;101,206839044354;0,935483870967742;0,967741935483871
992;111;11,7220005688643;0,225806451612903;0,258064516129032
993;129,5315378554;113,14506524142;0,935483870967742;0,967741935483871
994;124,717242153415;64,4153649379218;0,935483870967742;0,967741935483871
995;111;13,7058528267271;0,225806451612903;0,258064516129032
996;111;14,716215184639;0,225806451612903;0,258064516129032
997;111;9,37131959579629;0,225806451612903;0,258064516129032
998;111;8,52692586912132;0,225806451612903;0,258064516129032
999;125,433286948032;75,4396459401102;0,935483870967742;0,967741935483871
