0;263,861908449892;516,29744972036;0,99009900990099;1
1;266,410261514522;661,41685681105;0,99009900990099;0,99009900990099
2;265,844018236388;590,414634948907;0,99009900990099;0,99009900990099
3;265,317356806828;629,573090498485;0,99009900990099;0,99009900990099
4;262,900960104094;534,784314128137;0,99009900990099;0,99009900990099
5;262,284276473851;583,85953294304;0,99009900990099;1
6;262,342364738472;580,045123677281;0,99009900990099;0,99009900990099
7;265,459546982958;626,446278610032;0,99009900990099;0,99009900990099
8;266,810781401058;591,923354191116;0,99009900990099;1
9;266,408331587096;657,935682715942;0,99009900990099;1
10;269,02962309695;597,057802955501;0,99009900990099;1
11;262,907376820878;563,453436843932;0,99009900990099;0,99009900990099
12;269,462524997159;630,7057928287;0,99009900990099;0,99009900990099
13;264,65264721652;591,271163630846;0,99009900990099;0,99009900990099
14;263,473162743966;567,876593875025;0,99009900990099;0,99009900990099
15;262,586218180895;555,527559315412;0,99009900990099;0,99009900990099
16;263,121980723587;526,570740006809;0,99009900990099;0,99009900990099
17;263,51874072974;534,57583037106;0,99009900990099;0,99009900990099
18;264,15691116337;548,433630145386;0,99009900990099;0,99009900990099
19;264,31175228789;508,777981004738;0,99009900990099;0,99009900990099
20;263,93420185271;584,989839812719;0,99009900990099;1
21;262,645546774765;560,376949269586;0,99009900990099;0,99009900990099
22;265,318515365917;705,568369284206;0,99009900990099;1
23;266,045017617041;757,441551902592;0,99009900990099;0,99009900990099
24;267,870198096623;638,899744687235;0,99009900990099;0,99009900990099
25;266,146746031644;521,890283760074;0,99009900990099;0,99009900990099
26;268,549531125502;609,345173804413;0,99009900990099;0,99009900990099
27;272,396975503922;827,96762778397;0,99009900990099;0,99009900990099
28;263,162946749237;556,861027477532;0,99009900990099;0,99009900990099
29;265,431731094759;551,846335076518;0,99009900990099;1
30;261,92322206777;545,74396593302;0,99009900990099;0,99009900990099
31;262,434288484337;580,48777789384;0,99009900990099;0,99009900990099
32;262,936950580914;615,124157334855;0,99009900990099;0,99009900990099
33;266,138458795211;562,751985494072;0,99009900990099;1
34;250;525,462240140642;0,811881188118812;0,811881188118812
35;263,995796040947;647,457842910187;0,99009900990099;1
36;265,555691227208;649,038475839243;0,99009900990099;1
37;264,493245006543;543,882706697708;0,99009900990099;1
38;265,407025900235;560,828766022258;0,99009900990099;0,99009900990099
39;262,774639528144;637,682353119337;0,99009900990099;0,99009900990099
40;264,801633302007;529,3341439081;0,99009900990099;0,99009900990099
41;263,12330311095;582,523861163886;0,99009900990099;1
42;265,326189747606;509,243786831116;0,99009900990099;1
43;263,218756436178;608,107995386032;0,99009900990099;1
44;264,22731004385;553,39426286441;0,99009900990099;0,99009900990099
45;264,146363062053;685,673123624351;0,99009900990099;0,99009900990099
46;262,927173177027;559,477051037686;0,99009900990099;0,99009900990099
47;262,774010040382;509,724271745185;0,99009900990099;1
48;263,505446510974;585,933185053577;0,99009900990099;1
49;266,619862690665;533,503759330855;0,99009900990099;1
50;266,252098818679;570,810313141919;0,99009900990099;1
51;267,899241883915;565,010418081096;0,99009900990099;1
52;262,966728881286;544,686819081375;0,99009900990099;0,99009900990099
53;264,441757082792;635,194512989445;0,99009900990099;1
54;267,239313910805;697,804151327632;0,99009900990099;0,99009900990099
55;263,44127101347;637,109964340989;0,99009900990099;1
56;265,795749266574;618,93412414237;0,99009900990099;0,99009900990099
57;263,174482549785;622,083646764148;0,99009900990099;0,99009900990099
58;265,363074718567;607,555282820924;0,99009900990099;0,99009900990099
59;268,518255060097;878,707179331306;0,99009900990099;0,99009900990099
60;266,334184799039;637,28640413816;0,99009900990099;0,99009900990099
61;264,121352641598;514,7563266839;0,99009900990099;0,99009900990099
62;264,447965068644;580,473823503713;0,99009900990099;1
63;262,417371220502;510,105771743791;0,99009900990099;1
64;263,180090226191;501,112389122913;0,99009900990099;1
65;261,935984344618;609,567153758426;0,99009900990099;0,99009900990099
66;266,275794933816;650,37968139213;0,99009900990099;0,99009900990099
67;266,041548535546;570,38383946064;0,99009900990099;1
68;264,256608039215;552,329043985168;0,99009900990099;1
69;262,144860739607;553,143836904319;0,99009900990099;1
70;270,590961326235;580,454175336372;0,99009900990099;1
71;262,006690527235;525,480148333515;0,99009900990099;1
72;264,284113937104;715,666250860273;0,99009900990099;0,99009900990099
73;268,218345752449;568,687370351542;0,99009900990099;1
74;269,133302945686;731,802394417895;0,99009900990099;1
75;267,150469194383;568,512925086914;0,99009900990099;0,99009900990099
76;265,804725554383;542,703486275572;0,99009900990099;0,99009900990099
77;264,96585864445;597,177420170189;0,99009900990099;0,99009900990099
78;266,720211697716;552,998374437996;0,99009900990099;0,99009900990099
79;262,340341031601;531,866598250362;0,99009900990099;0,99009900990099
80;263,749095363106;554,417768492311;0,99009900990099;1
81;264,431168516884;555,104429005934;0,99009900990099;1
82;263,423790201852;602,892290400169;0,99009900990099;1
83;269,285401619847;740,259453722062;0,99009900990099;0,99009900990099
84;266,621470196978;598,120555019641;0,99009900990099;0,99009900990099
85;262,200590931543;539,891672391263;0,99009900990099;0,99009900990099
86;264,943644587059;591,399302245802;0,99009900990099;0,99009900990099
87;264,098403421949;640,047023087164;0,99009900990099;1
88;264,10286393758;606,066040892932;0,99009900990099;1
89;267,448021097279;660,274894692342;0,99009900990099;0,99009900990099
90;263,909661960893;592,516143517832;0,99009900990099;0,99009900990099
91;264,116288559878;751,396968590582;0,99009900990099;1
92;262,471441449494;490,940651942955;0,99009900990099;0,99009900990099
93;269,298340120727;704,818951369585;0,99009900990099;1
94;265,826363106998;713,138123175467;0,99009900990099;0,99009900990099
95;264,430744238935;540,356180346542;0,99009900990099;1
96;265,6129153733;617,129569364442;0,99009900990099;0,99009900990099
97;264,23398373941;493,178866329576;0,99009900990099;1
98;265,141424791127;586,50243072009;0,99009900990099;1
99;263,900837395806;538,133056585146;0,99009900990099;0,99009900990099
100;266,496975406725;609,894036655833;0,99009900990099;0,99009900990099
101;264,540021660626;520,68718874263;0,99009900990099;1
102;270,19322395246;618,398336961586;0,99009900990099;1
103;262,208834783326;579,565986743737;0,99009900990099;0,99009900990099
104;265,162638655799;586,718955766436;0,99009900990099;1
105;262,227460988424;564,292973084791;0,99009900990099;1
106;261,494006767115;509,192615692276;0,99009900990099;0,99009900990099
107;265,436851841541;634,19182421625;0,99009900990099;1
108;269,924878233981;621,219377748363;0,99009900990099;1
109;268,67478944514;652,710102150875;0,99009900990099;1
110;261,802901899942;590,575987376025;0,99009900990099;1
111;264,054655260812;583,869338915938;0,99009900990099;0,99009900990099
112;266,590373885916;563,799748658429;0,99009900990099;1
113;266,61871551207;671,042846503214;0,99009900990099;1
114;265,992891572758;608,694156750801;0,99009900990099;1
115;260,95002196507;542,626067715555;0,99009900990099;1
116;266,786936100536;732,049922271947;0,99009900990099;0,99009900990099
117;265,666338164305;536,417059281612;0,99009900990099;0,99009900990099
118;268,235174551419;649,262424108113;0,99009900990099;1
119;266,545752697554;578,027772245235;0,99009900990099;0,99009900990099
120;262,563927653023;556,422452700838;0,99009900990099;0,99009900990099
121;266,836053948744;577,862178162689;0,99009900990099;0,99009900990099
122;261,308165234318;561,760298545823;0,99009900990099;0,99009900990099
123;263,54567222878;615,745432618694;0,99009900990099;1
124;266,137045283666;527,976355414341;0,99009900990099;0,99009900990099
125;263,925552714047;575,667597033082;0,99009900990099;1
126;262,438789972413;501,990844911468;0,99009900990099;0,99009900990099
127;263,939624728313;521,823760887276;0,99009900990099;1
128;264,818270442843;485,496919570345;0,99009900990099;0,99009900990099
129;261,92848283058;636,491774187454;0,99009900990099;1
130;262,042932404626;550,283011673427;0,99009900990099;1
131;260,325243526254;498,653990142444;0,99009900990099;1
132;266,901066087649;663,632775625885;0,99009900990099;0,99009900990099
133;263,428845013362;578,722849993182;0,99009900990099;0,99009900990099
134;261,942230791934;612,685590783346;0,99009900990099;1
135;262,082404085511;551,704144995276;0,99009900990099;1
136;267,065852456423;650,357356017023;0,99009900990099;0,99009900990099
137;266,703439152159;628,54663728766;0,99009900990099;0,99009900990099
138;263,407880627939;574,08266043074;0,99009900990099;1
139;266,28297712106;639,234205778182;0,99009900990099;0,99009900990099
140;265,050859614997;582,205173756504;0,99009900990099;1
141;273,715373314308;670,138716875672;0,99009900990099;1
142;266,799130985225;795,171592813528;0,99009900990099;0,99009900990099
143;266,808980723825;666,839590916203;0,99009900990099;1
144;260,547956423782;599,053516750523;0,99009900990099;0,99009900990099
145;269,652082332896;595,449020161389;0,99009900990099;1
146;261,606448431998;672,103290202919;0,99009900990099;0,99009900990099
147;259,54632610734;493,785556085685;0,99009900990099;0,99009900990099
148;260,592596059422;544,415446262844;0,99009900990099;0,99009900990099
149;266,162002015872;605,602525040642;0,99009900990099;0,99009900990099
150;264,728816872833;607,882727779476;0,99009900990099;1
151;264,638217309652;535,079895415814;0,99009900990099;0,99009900990099
152;264,845170913557;577,774247765737;0,99009900990099;0,99009900990099
153;266,259234590283;616,285572343435;0,99009900990099;1
154;262,436169505723;503,174138062408;0,99009900990099;0,99009900990099
155;266,547884912374;636,907804157279;0,99009900990099;1
156;264,489502241243;630,104176063654;0,99009900990099;1
157;263,863834522813;586,803984742992;0,99009900990099;1
158;261,360090194334;652,36347295804;0,99009900990099;0,99009900990099
159;264,54175500564;529,655690668729;0,99009900990099;1
160;263,126926464318;547,41489695135;0,99009900990099;0,99009900990099
161;264,907917468784;586,27803774015;0,99009900990099;0,99009900990099
162;265,06501069991;610,053149552422;0,99009900990099;1
163;261,099327240057;565,238696660062;0,99009900990099;1
164;263,976526202917;535,645677440767;0,99009900990099;0,99009900990099
165;263,085180370655;532,406184522668;0,99009900990099;1
166;261,751597159701;526,117503177163;0,99009900990099;1
167;263,175862256032;572,080489584789;0,99009900990099;0,99009900990099
168;263,508550516985;544,499307277503;0,99009900990099;1
169;266,859439236095;581,518293057344;0,99009900990099;0,99009900990099
170;263,232854624278;561,98097671845;0,99009900990099;0,99009900990099
171;262,373231598625;543,085316604248;0,99009900990099;1
172;263,270971683458;531,770505447675;0,99009900990099;0,99009900990099
173;261,518390850455;558,05068124689;0,99009900990099;0,99009900990099
174;262,789879624456;552,054902635016;0,99009900990099;0,99009900990099
175;263,28608670944;545,103799164974;0,99009900990099;0,99009900990099
176;265,467039884664;585,763451803129;0,99009900990099;1
177;261,777354143991;521,842393710377;0,99009900990099;0,99009900990099
178;262,345514165232;626,331464503373;0,99009900990099;1
179;268,865757091668;767,84784727919;0,99009900990099;1
180;262,61147129397;534,040217428274;0,99009900990099;0,99009900990099
181;266,48111088105;658,563938535336;0,99009900990099;1
182;263,537883302953;530,698825320889;0,99009900990099;0,99009900990099
183;262,677162723812;567,379405147378;0,99009900990099;1
184;267,624733247876;563,716336712677;0,99009900990099;1
185;267,806634699312;682,233858787172;0,99009900990099;1
186;267,497773201418;692,021508737118;0,99009900990099;0,99009900990099
187;260,934892829984;575,857948776297;0,99009900990099;0,99009900990099
188;263,868607733222;531,558732625095;0,99009900990099;1
189;261,716998180484;508,864313128817;0,99009900990099;0,99009900990099
190;269,109391848;619,084621014307;0,99009900990099;1
191;263,640406369671;592,039257783525;0,99009900990099;0,99009900990099
192;262,833911460965;592,810814019826;0,99009900990099;0,99009900990099
193;265,621920248483;638,082194686887;0,99009900990099;1
194;260,886734802399;511,738605406832;0,99009900990099;0,99009900990099
195;264,06584607502;605,004897529986;0,99009900990099;1
196;265,252691225819;544,641944920007;0,99009900990099;0,99009900990099
197;261,445852631697;566,457326229474;0,99009900990099;1
198;262,255363870964;584,318606009542;0,99009900990099;0,99009900990099
199;269,446293261482;716,190563061445;0,99009900990099;1
200;264,097936746511;603,504997705936;0,99009900990099;1
201;266,802146753717;598,524719027483;0,99009900990099;0,99009900990099
202;266,109910971777;666,948037697967;0,99009900990099;1
203;264,785954265904;586,05782050561;0,99009900990099;0,99009900990099
204;261,699161223455;589,846807193151;0,99009900990099;0,99009900990099
205;260,878474015412;505,933842251367;0,99009900990099;1
206;261,871742883549;685,727287057414;0,99009900990099;1
207;262,040012158985;574,973741077664;0,99009900990099;0,99009900990099
208;267,238980663111;555,390066467739;0,99009900990099;0,99009900990099
209;269,237696673424;557,185652989444;0,99009900990099;0,99009900990099
210;264,934303536478;732,290605472973;0,99009900990099;0,99009900990099
211;268,405154645111;775,750173254129;0,99009900990099;0,99009900990099
212;264,117089971305;520,971508368949;0,99009900990099;1
213;265,220414317565;623,86140033749;0,99009900990099;0,99009900990099
214;267,14110011839;604,955693659775;0,99009900990099;0,99009900990099
215;264,927845913826;589,974830551307;0,99009900990099;0,99009900990099
216;267,988275566474;781,939905146186;0,99009900990099;1
217;265,528004670892;553,46310382201;0,99009900990099;1
218;264,008694553204;569,336480531745;0,99009900990099;0,99009900990099
219;262,215521650848;536,949091573749;0,99009900990099;1
220;263,592864564566;554,242287556117;0,99009900990099;1
221;267,372630494721;663,34071004533;0,99009900990099;0,99009900990099
222;268,301652989692;614,706152549644;0,99009900990099;0,99009900990099
223;264,393122614148;634,960447657677;0,99009900990099;0,99009900990099
224;262,147888543287;506,502304083498;0,99009900990099;0,99009900990099
225;261,624949884045;547,916985929849;0,99009900990099;0,99009900990099
226;262,258817417552;551,154292130297;0,99009900990099;0,99009900990099
227;261,278973158821;550,24109841088;0,99009900990099;1
228;263,612126681489;586,390043206577;0,99009900990099;0,99009900990099
229;271,62293321441;614,068613094089;0,99009900990099;1
230;264,079711344596;501,500358992281;0,99009900990099;1
231;264,147354778464;543,501026286271;0,99009900990099;0,99009900990099
232;264,585988743248;609,970354022305;0,99009900990099;0,99009900990099
233;265,043960711347;536,340833380597;0,99009900990099;0,99009900990099
234;261,601351002449;536,688300908436;0,99009900990099;1
235;261,01956178025;503,762030771128;0,96039603960396;0,96039603960396
236;263,145580425372;549,675889531498;0,99009900990099;0,99009900990099
237;265,196835970653;556,680218758365;0,99009900990099;1
238;261,729023290489;626,299150509607;0,99009900990099;0,99009900990099
239;268,645031816927;689,671891770419;0,99009900990099;1
240;266,963185070968;631,582254627471;0,99009900990099;1
241;260,741040401827;546,779299287642;0,99009900990099;0,99009900990099
242;262,821385478869;574,22687700876;0,99009900990099;1
243;268,008352343744;701,855657129565;0,99009900990099;1
244;265,307715401957;616,600750516029;0,99009900990099;1
245;267,946778115545;669,772835401399;0,99009900990099;0,99009900990099
246;263,584600647382;547,539017011246;0,99009900990099;0,99009900990099
247;263,456462115746;574,336468164057;0,99009900990099;1
248;261,358069921924;543,28421703203;0,99009900990099;1
249;263,703207319882;555,950274798503;0,99009900990099;1
250;263,48278156891;533,278517333725;0,99009900990099;1
251;260,622127884709;579,751762711404;0,99009900990099;0,99009900990099
252;267,023630910437;563,213291764819;0,99009900990099;0,99009900990099
253;265,778904959029;756,332130906488;0,99009900990099;0,99009900990099
254;261,890538251634;532,819977655873;0,99009900990099;1
255;267,604344082078;694,353507624212;0,99009900990099;0,99009900990099
256;269,011439074712;590,027772899555;0,99009900990099;0,99009900990099
257;266,505073409448;594,742252763951;0,99009900990099;1
258;265,81583133117;619,692565932581;0,99009900990099;0,99009900990099
259;261,876459167362;486,733661458799;0,99009900990099;1
260;262,611907107771;536,743876124392;0,99009900990099;1
261;263,311690338785;550,875102848048;0,99009900990099;0,99009900990099
262;262,51231372187;506,525872761214;0,99009900990099;1
263;265,593862065354;578,408976134027;0,99009900990099;0,99009900990099
264;262,406775965884;527,058291366595;0,99009900990099;0,99009900990099
265;261,925346767946;572,15409372282;0,99009900990099;0,99009900990099
266;262,750529038356;527,640385344124;0,99009900990099;0,99009900990099
267;263,13322743943;511,372733741252;0,99009900990099;1
268;267,832056280932;543,948817189158;0,99009900990099;0,99009900990099
269;263,422016521029;548,630868744345;0,99009900990099;0,99009900990099
270;264,361893933031;513,368599730134;0,99009900990099;0,99009900990099
271;261,036011333782;577,79024547438;0,99009900990099;1
272;264,766577651877;603,626167120108;0,99009900990099;0,99009900990099
273;262,391583601332;572,591903596296;0,99009900990099;1
274;263,071147980452;557,156929484715;0,99009900990099;0,99009900990099
275;266,666066497699;611,321520371066;0,99009900990099;0,99009900990099
276;263,571745916933;588,568039772615;0,99009900990099;1
277;263,461435562208;586,035553511627;0,99009900990099;1
278;266,531897020086;695,4088035787;0,99009900990099;1
279;263,258106835281;619,796279672933;0,99009900990099;0,99009900990099
280;261,264689680378;544,119833948326;0,99009900990099;1
281;263,418362348488;600,548873863297;0,99009900990099;0,99009900990099
282;263,271250693722;520,540858118572;0,99009900990099;1
283;263,481046026739;492,632131530013;0,99009900990099;1
284;261,214176238582;593,288253710785;0,99009900990099;1
285;264,830527693512;530,866869594201;0,99009900990099;1
286;262,697311531335;508,692372818283;0,99009900990099;0,99009900990099
287;268,428400710703;801,125987486336;0,99009900990099;1
288;265,583647681344;775,260615533264;0,99009900990099;1
289;261,496457082315;510,708548956842;0,99009900990099;0,99009900990099
290;263,426836356906;599,451185934453;0,99009900990099;0,99009900990099
291;265,195492328235;638,932813918635;0,99009900990099;0,99009900990099
292;261,910484843593;545,311200013579;0,99009900990099;0,99009900990099
293;262,500859887979;524,653692513431;0,99009900990099;0,99009900990099
294;265,776468233929;641,717483010489;0,99009900990099;0,99009900990099
295;262,327160502984;601,071811260842;0,99009900990099;0,99009900990099
296;267,654092065514;653,942830933439;0,99009900990099;1
297;262,455462960172;587,459198127664;0,99009900990099;0,99009900990099
298;269,634725144726;651,602626163008;0,99009900990099;1
299;265,648236004197;597,354909596315;0,99009900990099;1
300;263,303408558315;516,075809458494;0,99009900990099;0,99009900990099
301;262,011722720392;721,220501914765;0,99009900990099;0,99009900990099
302;265,919907814319;549,65095935781;0,99009900990099;0,99009900990099
303;263,954868877671;699,329171745331;0,99009900990099;1
304;261,960303932287;479,67720130013;0,99009900990099;0,99009900990099
305;262,972791359646;627,111622635211;0,99009900990099;1
306;259,656587581746;506,361689756257;0,99009900990099;1
307;266,500149588676;617,823592604664;0,99009900990099;0,99009900990099
308;264,404005940487;527,643456303131;0,99009900990099;1
309;262,016321827352;616,287462399763;0,99009900990099;0,99009900990099
310;266,986901902882;630,832042274243;0,99009900990099;0,99009900990099
311;265,98178209918;577,820939274357;0,99009900990099;0,99009900990099
312;265,333539696369;567,019721399139;0,99009900990099;0,99009900990099
313;266,418898702212;549,712029195366;0,99009900990099;0,99009900990099
314;262,123062777422;508,859227066041;0,99009900990099;0,99009900990099
315;264,074047245752;572,403688902843;0,99009900990099;0,99009900990099
316;260,799878286802;526,337586567992;0,99009900990099;0,99009900990099
317;265,479825830378;593,894459165474;0,99009900990099;0,99009900990099
318;263,0755939203;557,647146123692;0,99009900990099;0,99009900990099
319;267,719715096973;546,191795961986;0,99009900990099;0,99009900990099
320;262,622960638977;566,442765812599;0,99009900990099;1
321;265,76105648007;647,857805467857;0,99009900990099;1
322;262,434250728943;610,422114274419;0,99009900990099;1
323;266,419484063762;666,223067629973;0,99009900990099;1
324;260,94943315862;564,961390918629;0,99009900990099;1
325;263,843117604735;634,443863837915;0,99009900990099;0,99009900990099
326;268,052733886725;584,292354282824;0,99009900990099;0,99009900990099
327;267,972088842878;692,255356389516;0,99009900990099;0,99009900990099
328;268,369117716349;631,62192329935;0,99009900990099;0,99009900990099
329;265,915403847034;578,744025617844;0,99009900990099;1
330;264,589452278168;615,319450117403;0,99009900990099;0,99009900990099
331;263,013834986523;584,686459463529;0,99009900990099;0,99009900990099
332;261,551618358224;522,58416065924;0,99009900990099;0,99009900990099
333;264,670506376057;536,239998854054;0,99009900990099;1
334;269,675837387103;835,532703397827;0,99009900990099;1
335;262,578230261068;542,704950810433;0,99009900990099;0,99009900990099
336;263,400831594778;607,163706826063;0,99009900990099;1
337;264,89281335476;535,267369970161;0,99009900990099;0,99009900990099
338;264,692745444729;501,209812905657;0,99009900990099;1
339;266,55084625226;713,955950840108;0,99009900990099;0,99009900990099
340;261,330322087555;691,534356148429;0,99009900990099;1
341;262,761709703079;482,535782769709;0,99009900990099;1
342;265,153630830666;596,624106002667;0,99009900990099;0,99009900990099
343;260,385962013474;532,866448086897;0,99009900990099;0,99009900990099
344;265,579065347245;593,229925230764;0,99009900990099;1
345;262,272931610325;530,362619358356;0,99009900990099;1
346;263,672683528699;552,118330290199;0,99009900990099;1
347;264,784104545567;579,23056147782;0,99009900990099;0,99009900990099
348;270,073522510598;736,222485702863;0,99009900990099;1
349;266,381324224646;619,264039041062;0,99009900990099;1
350;262,124641732825;670,781028735414;0,99009900990099;1
351;266,998152608917;663,414084670518;0,99009900990099;0,99009900990099
352;262,215472543328;550,22305542512;0,99009900990099;1
353;261,884498465511;542,683795337331;0,99009900990099;0,99009900990099
354;264,929253156951;561,882970168625;0,99009900990099;0,99009900990099
355;263,472484413887;555,456081312471;0,99009900990099;0,99009900990099
356;263,335831600734;652,670348273016;0,99009900990099;0,99009900990099
357;263,277599663313;600,23433495366;0,99009900990099;0,99009900990099
358;266,2052135118;644,379489611794;0,99009900990099;1
359;263,476598548707;628,34764188528;0,99009900990099;0,99009900990099
360;265,781768426808;723,617711844224;0,99009900990099;1
361;265,084200229279;626,453091883165;0,99009900990099;0,99009900990099
362;265,033746053793;650,961542763792;0,99009900990099;1
363;267,425337299172;734,866385162673;0,99009900990099;0,99009900990099
364;267,387433978385;691,251759703601;0,99009900990099;1
365;270,097171879024;733,4032615472;0,99009900990099;0,99009900990099
366;271,811994899817;677,269932025063;0,99009900990099;1
367;265,360934910233;712,072484014541;0,99009900990099;0,99009900990099
368;269,924408244346;658,226342156086;0,99009900990099;0,99009900990099
369;263,786416488845;653,053375389007;0,99009900990099;1
370;262,291959425604;626,608349174928;0,99009900990099;0,99009900990099
371;265,331685780829;588,58176345569;0,99009900990099;0,99009900990099
372;275,472071423582;891,547724356624;0,99009900990099;1
373;260,274978295638;532,82566132748;0,99009900990099;1
374;261,419363661476;551,888673079506;0,99009900990099;1
375;260,856688217684;613,682418943064;0,99009900990099;0,99009900990099
376;263,573147254079;595,750487558611;0,99009900990099;1
377;263,086570275435;574,308213736286;0,99009900990099;0,99009900990099
378;265,045478307231;712,519646249653;0,99009900990099;1
379;263,354382208761;553,888643960074;0,99009900990099;0,99009900990099
380;264,379435796781;577,638476741492;0,99009900990099;0,99009900990099
381;262,156543139663;537,393316372807;0,99009900990099;1
382;264,588604466525;519,443287373294;0,99009900990099;1
383;267,685756972065;548,994412250834;0,99009900990099;0,99009900990099
384;268,971420404649;651,180073274569;0,99009900990099;1
385;265,591124469174;651,489300542986;0,99009900990099;1
386;265,24115167424;528,894574122852;0,99009900990099;0,99009900990099
387;263,524930483561;555,684361376986;0,99009900990099;0,99009900990099
388;261,134109290656;574,614449807314;0,99009900990099;0,99009900990099
389;264,098265311243;623,805024015268;0,99009900990099;0,99009900990099
390;263,129967102631;564,178495863096;0,99009900990099;0,99009900990099
391;266,028934081817;597,873885618377;0,99009900990099;0,99009900990099
392;265,125362303862;586,071609290583;0,99009900990099;1
393;262,553051984417;606,05615141849;0,99009900990099;0,99009900990099
394;266,37537562854;637,288298250743;0,99009900990099;1
395;263,305616780584;521,744262735685;0,99009900990099;1
396;262,521142182542;558,946237196695;0,99009900990099;0,99009900990099
397;267,256505171857;649,055040141215;0,99009900990099;1
398;267,767995847504;682,341959883289;0,99009900990099;1
399;264,629296260807;600,14087451951;0,99009900990099;0,99009900990099
400;264,46847905114;590,040800499297;0,99009900990099;0,99009900990099
401;266,380411654915;508,35920930881;0,99009900990099;1
402;264,754559774852;501,422247716587;0,99009900990099;1
403;267,163972710784;559,82258023712;0,99009900990099;0,99009900990099
404;268,499991426889;659,322442472908;0,99009900990099;0,99009900990099
405;269,634259873042;717,552707464563;0,99009900990099;0,99009900990099
406;261,59363149277;571,573543920942;0,99009900990099;0,99009900990099
407;264,219949929188;598,125750438341;0,99009900990099;0,99009900990099
408;262,304771901452;565,752620767552;0,99009900990099;0,99009900990099
409;263,613906821071;539,936281111758;0,99009900990099;0,99009900990099
410;268,976107904446;636,964836359029;0,99009900990099;1
411;261,803746967425;652,889086636487;0,930693069306931;0,930693069306931
412;267,919219910912;616,790137863435;0,99009900990099;1
413;267,561010045975;617,717384706716;0,99009900990099;0,99009900990099
414;261,746065589537;598,241186940041;0,99009900990099;0,99009900990099
415;263,398368866682;673,422816555533;0,99009900990099;0,99009900990099
416;262,246849233032;585,046847628293;0,99009900990099;0,99009900990099
417;261,96416509623;556,099153960341;0,99009900990099;1
418;264,313629421018;468,610690713401;0,99009900990099;1
419;263,362358199514;682,895711007187;0,99009900990099;0,99009900990099
420;266,824240714201;662,387086328785;0,99009900990099;0,99009900990099
421;268,405628955413;633,398039619338;0,99009900990099;0,99009900990099
422;261,50893194792;532,235466721129;0,99009900990099;1
423;263,687229808771;570,105285219145;0,99009900990099;1
424;263,986102403759;538,341793548632;0,99009900990099;1
425;269,923455032339;556,858054804569;0,99009900990099;0,99009900990099
426;267,504603844214;594,108072382925;0,99009900990099;1
427;266,860557517485;710,678224012048;0,99009900990099;1
428;262,943941951485;521,811693597086;0,99009900990099;0,99009900990099
429;265,635042381057;513,911520346785;0,99009900990099;0,99009900990099
430;265,924027691414;614,264819008991;0,99009900990099;1
431;260,564863010917;486,491870049298;0,99009900990099;0,99009900990099
432;263,347349416728;554,99483491922;0,99009900990099;0,99009900990099
433;269,281689196963;715,991715179346;0,99009900990099;0,99009900990099
434;262,565131853657;561,591507610455;0,99009900990099;0,99009900990099
435;269,309259189438;783,06820174098;0,99009900990099;0,99009900990099
436;266,310238198602;657,39770136823;0,99009900990099;0,99009900990099
437;264,916751704728;616,979997528701;0,99009900990099;0,99009900990099
438;263,225386807144;569,434234175604;0,99009900990099;1
439;262,485452443205;547,942310977466;0,99009900990099;0,99009900990099
440;261,563115117564;610,360242094525;0,99009900990099;0,99009900990099
441;265,35909263815;619,36875054059;0,99009900990099;1
442;264,431494815595;643,635744456461;0,99009900990099;1
443;275,398718857545;797,655596633364;0,99009900990099;0,99009900990099
444;265,00230708574;592,094921875455;0,99009900990099;1
445;262,560413039566;567,333383979528;0,99009900990099;1
446;261,886716563735;545,454043933027;0,99009900990099;0,99009900990099
447;265,606099458745;611,14116753926;0,99009900990099;1
448;262,657746172535;532,168998796456;0,99009900990099;0,99009900990099
449;267,647844207421;725,631911500875;0,99009900990099;1
450;269,203941392164;676,928987308776;0,99009900990099;0,99009900990099
451;261,834988597316;500,786249969353;0,99009900990099;1
452;262,178743112123;564,894570007359;0,99009900990099;1
453;269,485841040189;800,015809019364;0,99009900990099;1
454;262,636940416521;685,428213128145;0,99009900990099;1
455;261,820677492893;621,11341396238;0,99009900990099;0,99009900990099
456;265,934020899912;562,461258112084;0,99009900990099;0,99009900990099
457;266,250499007209;603,872802220481;0,99009900990099;0,99009900990099
458;265,422497268985;708,644778905552;0,99009900990099;1
459;263,259730945228;651,689367431355;0,99009900990099;0,99009900990099
460;265,294808394838;607,166765545673;0,99009900990099;0,99009900990099
461;262,732390305901;617,280797326973;0,99009900990099;1
462;260,230998306713;531,541035007518;0,99009900990099;1
463;262,577181101266;567,362132859972;0,99009900990099;0,99009900990099
464;270,198696920087;695,899061499342;0,99009900990099;0,99009900990099
465;261,010636901417;517,795925016922;0,99009900990099;0,99009900990099
466;266,569154377942;600,670212414442;0,99009900990099;0,99009900990099
467;264,414980834256;516,88723903204;0,99009900990099;1
468;262,359379375845;721,202504668288;0,99009900990099;1
469;270,13526792667;710,933404925544;0,99009900990099;1
470;269,686072892983;573,703724568403;0,99009900990099;1
471;265,052900460248;535,255676556031;0,99009900990099;1
472;270,324774233597;611,385646350564;0,99009900990099;1
473;260,036722851678;539,673463870243;0,99009900990099;1
474;264,323054364801;538,470960248318;0,99009900990099;0,99009900990099
475;262,550651164348;494,601632703866;0,99009900990099;0,99009900990099
476;268,931483872799;672,806583582606;0,99009900990099;0,99009900990099
477;265,485393123778;704,428695441204;0,99009900990099;0,99009900990099
478;263,818508405309;555,796609978204;0,99009900990099;1
479;268,83618468848;666,639139341547;0,99009900990099;1
480;265,258136940723;510,998611372094;0,99009900990099;0,99009900990099
481;264,115777378347;579,318402093119;0,99009900990099;1
482;263,994722195683;568,697858715407;0,99009900990099;0,99009900990099
483;263,915277193664;517,750032205932;0,99009900990099;1
484;265,142262154285;501,170486453742;0,99009900990099;1
485;264,632057083343;605,906700582218;0,99009900990099;0,99009900990099
486;265,608565933529;575,69303883035;0,99009900990099;0,99009900990099
487;263,928824632012;527,404237936246;0,99009900990099;1
488;264,8828901026;702,473690036577;0,99009900990099;1
489;262,670827430228;546,06190108008;0,99009900990099;0,99009900990099
490;266,705409738752;661,029013497739;0,99009900990099;0,99009900990099
491;261,610638927754;560,115185976509;0,99009900990099;0,99009900990099
492;264,511305553153;592,939664660108;0,99009900990099;0,99009900990099
493;265,608008435911;606,693172661279;0,99009900990099;0,99009900990099
494;257,133104912362;552,347541495143;0,96039603960396;0,96039603960396
495;261,961491326742;508,072243737078;0,99009900990099;0,99009900990099
496;262,60028766198;597,728129675538;0,99009900990099;0,99009900990099
497;259,883396579046;559,801693256582;0,99009900990099;1
498;265,012363112927;665,586669414285;0,99009900990099;1
499;267,389068144412;588,374263120411;0,99009900990099;1
500;262,621488077493;594,474528740953;0,99009900990099;0,99009900990099
501;261,716563390549;502,819430042253;0,99009900990099;0,99009900990099
502;263,813897553794;596,982007373091;0,99009900990099;0,99009900990099
503;263,794214051529;567,698411708921;0,99009900990099;1
504;264,09797602663;593,654670756975;0,99009900990099;0,99009900990099
505;264,929858621681;672,746372043237;0,99009900990099;0,99009900990099
506;260,790275043798;641,06972212867;0,99009900990099;0,99009900990099
507;265,447818484348;585,975484542502;0,99009900990099;0,99009900990099
508;263,656638590876;657,269803683609;0,99009900990099;0,99009900990099
509;266,203960607294;575,584311563806;0,99009900990099;0,99009900990099
510;259,63320559077;611,388395238613;0,99009900990099;1
511;262,524840487854;540,139119315654;0,99009900990099;1
512;267,258077674492;652,464228750522;0,99009900990099;1
513;264,667079794371;573,506970714095;0,99009900990099;0,99009900990099
514;264,902359285183;568,349712545871;0,99009900990099;1
515;260,742114385689;490,418703416414;0,99009900990099;1
516;264,447995750576;637,980999576425;0,99009900990099;1
517;263,667558877972;553,932359830753;0,99009900990099;1
518;261,665488922309;550,088351181655;0,99009900990099;1
519;266,215036443409;753,355869098529;0,99009900990099;0,99009900990099
520;266,293052499731;535,736966502265;0,99009900990099;0,99009900990099
521;264,723576093485;593,042488293323;0,99009900990099;0,99009900990099
522;266,944942709007;621,806550081102;0,99009900990099;1
523;265,039259978866;608,889496784429;0,99009900990099;1
524;262,048926722106;709,140952623825;0,99009900990099;0,99009900990099
525;267,353159163966;757,561675317519;0,99009900990099;0,99009900990099
526;261,119958313426;529,428390532453;0,99009900990099;1
527;265,151895743767;568,627319967107;0,99009900990099;1
528;261,812444749945;529,950087738898;0,99009900990099;1
529;263,083325395788;516,229025615691;0,99009900990099;1
530;265,856465441007;702,822432861184;0,99009900990099;0,99009900990099
531;269,198258311027;563,662087219204;0,99009900990099;1
532;269,112670517549;598,661202740059;0,99009900990099;1
533;263,126003737187;647,074930513114;0,99009900990099;1
534;269,482607233568;634,000214541049;0,99009900990099;0,99009900990099
535;263,739069735634;537,277668986002;0,99009900990099;0,99009900990099
536;262,587197821627;532,178648264822;0,99009900990099;0,99009900990099
537;265,1889891512;565,717673490724;0,99009900990099;1
538;267,658208715105;562,10231476931;0,99009900990099;0,99009900990099
539;265,462644427205;538,118337837393;0,99009900990099;1
540;264,426130309216;590,83191337917;0,99009900990099;1
541;261,799874684474;487,81125232547;0,99009900990099;1
542;265,934151085698;604,498892186368;0,99009900990099;1
543;268,845211319954;665,326879486051;0,99009900990099;0,99009900990099
544;264,078059996339;548,338970437159;0,99009900990099;0,99009900990099
545;264,482913897369;664,961693061704;0,99009900990099;0,99009900990099
546;262,973834266872;542,464178391199;0,99009900990099;1
547;263,437160482433;497,973339654654;0,99009900990099;1
548;265,990521009713;645,161637331602;0,99009900990099;1
549;263,944995184913;619,014747193637;0,99009900990099;0,99009900990099
550;264,828694316892;503,931343060446;0,99009900990099;0,99009900990099
551;261,295978126139;534,713753043138;0,99009900990099;1
552;262,692789588322;555,640849642662;0,99009900990099;1
553;262,599718377024;544,569630984978;0,99009900990099;0,99009900990099
554;265,430860773297;674,423559411794;0,99009900990099;1
555;268,533237229262;639,305167714136;0,99009900990099;1
556;263,469400389115;623,796229562133;0,99009900990099;0,99009900990099
557;267,197769687519;645,688359386498;0,99009900990099;0,99009900990099
558;266,338594324413;540,453956488682;0,99009900990099;0,99009900990099
559;262,237092732342;570,413424446801;0,99009900990099;0,99009900990099
560;261,966260444809;557,191922592163;0,99009900990099;1
561;262,70021861435;564,809027751552;0,99009900990099;1
562;263,084064362252;521,079313841876;0,99009900990099;1
563;263,800478699383;570,681456014963;0,99009900990099;1
564;260,136497803385;551,753458819564;0,99009900990099;0,99009900990099
565;265,991637500211;613,498714862992;0,99009900990099;1
566;264,934999583934;568,796168535699;0,99009900990099;0,99009900990099
567;264,361754719932;586,080531693967;0,99009900990099;0,99009900990099
568;264,745858690878;646,918430389733;0,99009900990099;0,99009900990099
569;261,405374281925;538,610903728391;0,99009900990099;1
570;264,892976086413;578,262247331752;0,99009900990099;1
571;263,989093635559;550,675953220403;0,99009900990099;1
572;262,709378523635;557,847626329363;0,99009900990099;1
573;267,517967171419;683,058855425137;0,99009900990099;0,99009900990099
574;266,099421008815;530,296472499752;0,99009900990099;1
575;261,956245942934;510,86297208613;0,99009900990099;0,99009900990099
576;264,298142703556;596,114354190362;0,99009900990099;0,99009900990099
577;262,193785805391;504,077061919786;0,99009900990099;0,99009900990099
578;262,583575695002;513,730782667884;0,99009900990099;0,99009900990099
579;260,19093163732;561,352244357924;0,99009900990099;0,99009900990099
580;264,729603132271;632,27416243406;0,99009900990099;0,99009900990099
581;262,971830793838;601,750848683957;0,99009900990099;0,99009900990099
582;264,343036312562;543,211757076121;0,99009900990099;0,99009900990099
583;272,391963345336;771,478869145374;0,99009900990099;0,99009900990099
584;263,346374299511;546,062209062373;0,99009900990099;1
585;266,874250520104;628,922984373874;0,99009900990099;1
586;266,910817969509;538,638162033546;0,99009900990099;1
587;268,333711143378;687,824533271702;0,99009900990099;1
588;266,258014717096;722,297843747594;0,99009900990099;1
589;269,393960390224;803,556418462746;0,99009900990099;0,99009900990099
590;262,606913776123;629,057299625978;0,99009900990099;1
591;265,966185956265;589,573927625751;0,99009900990099;0,99009900990099
592;266,706269790944;646,790269301638;0,99009900990099;1
593;263,934137499026;669,034913144694;0,99009900990099;1
594;261,538375166728;538,426388605565;0,99009900990099;0,99009900990099
595;264,506669847524;540,507358673557;0,99009900990099;1
596;264,751859448116;519,263161269583;0,99009900990099;1
597;271,130361847645;603,771120226411;0,99009900990099;0,99009900990099
598;262,581475255253;580,37173101933;0,99009900990099;0,99009900990099
599;267,410827143206;611,937134795427;0,99009900990099;0,99009900990099
600;272,073085845545;645,993554367119;0,99009900990099;1
601;269,571010560921;575,883401081958;0,99009900990099;0,99009900990099
602;262,553718880258;552,740918456812;0,99009900990099;0,99009900990099
603;268,520316471279;602,923770688588;0,99009900990099;0,99009900990099
604;265,673308085292;622,161680192108;0,99009900990099;1
605;264,270160178458;709,343845687008;0,99009900990099;1
606;265,207094121516;637,009040183313;0,99009900990099;0,99009900990099
607;265,639953729023;601,581312009317;0,99009900990099;1
608;262,606031922966;571,067691073782;0,99009900990099;0,99009900990099
609;267,606259919872;621,626829195025;0,99009900990099;1
610;260,79166478422;558,216660426444;0,99009900990099;0,99009900990099
611;270,528460950982;726,649643341782;0,99009900990099;1
612;264,853189810971;538,508995121797;0,99009900990099;0,99009900990099
613;265,020286055295;558,377639668959;0,99009900990099;1
614;262,879680073151;653,495185882155;0,99009900990099;0,99009900990099
615;260,38726960613;553,507921298907;0,99009900990099;1
616;264,63870801029;538,351301089449;0,99009900990099;0,99009900990099
617;263,595983073907;508,61671986907;0,99009900990099;1
618;262,805507668647;542,012400260256;0,99009900990099;0,99009900990099
619;262,373362145144;506,174499684853;0,99009900990099;1
620;267,179955972396;618,868761936489;0,99009900990099;1
621;266,826666741247;533,767209911162;0,99009900990099;0,99009900990099
622;262,366269914414;516,496028920674;0,99009900990099;0,99009900990099
623;265,337736244641;644,293316218788;0,99009900990099;0,99009900990099
624;262,192864183231;595,219122924153;0,99009900990099;1
625;261,597950146566;653,745202316351;0,99009900990099;1
626;265,165589887919;577,832260357145;0,99009900990099;0,99009900990099
627;262,162845610104;582,423211073126;0,99009900990099;1
628;265,757085690316;590,720753837849;0,99009900990099;1
629;267,84742649422;625,988137607561;0,99009900990099;1
630;261,440609361595;566,560218840463;0,99009900990099;1
631;268,036126663399;625,031374447077;0,99009900990099;0,99009900990099
632;267,672278087414;564,882975552768;0,99009900990099;0,99009900990099
633;273,536300659623;792,386516680585;0,99009900990099;0,99009900990099
634;266,205110072139;646,220364664604;0,99009900990099;1
635;263,293807850577;562,429256849162;0,99009900990099;1
636;264,794900803186;561,470410772544;0,99009900990099;1
637;263,763316678038;519,587238869421;0,99009900990099;0,99009900990099
638;267,040747647531;495,585239550729;0,99009900990099;1
639;273,710770934664;842,270288672748;0,99009900990099;1
640;265,130413261054;630,539489130308;0,99009900990099;0,99009900990099
641;266,750779860476;533,894130957972;0,99009900990099;1
642;265,90967362296;573,936709175585;0,99009900990099;0,99009900990099
643;261,452263054679;534,182720586355;0,99009900990099;1
644;267,75853990581;592,240649434703;0,99009900990099;1
645;265,236723247318;564,979628391794;0,99009900990099;0,99009900990099
646;273,704361414245;703,624078304787;0,99009900990099;1
647;263,289040393745;523,921838711739;0,99009900990099;0,99009900990099
648;260,606718578686;517,564921038139;0,99009900990099;0,99009900990099
649;266,626675430552;620,997846554726;0,99009900990099;0,99009900990099
650;266,800602026323;547,11358514109;0,99009900990099;0,99009900990099
651;264,723799537761;520,114194651821;0,99009900990099;0,99009900990099
652;268,561717091918;689,394659610028;0,99009900990099;0,99009900990099
653;263,802063585314;604,626549254237;0,99009900990099;1
654;262,945926672378;529,475750935625;0,99009900990099;0,99009900990099
655;264,064944434046;623,402440496387;0,99009900990099;0,99009900990099
656;263,82146390389;538,328728190576;0,99009900990099;0,99009900990099
657;261,262250246984;608,547909518947;0,99009900990099;1
658;267,669550411007;573,442548859737;0,99009900990099;0,99009900990099
659;263,470089662155;513,264109101436;0,99009900990099;1
660;263,162332390957;652,913703077015;0,99009900990099;1
661;264,585406528016;583,979588337944;0,99009900990099;0,99009900990099
662;263,129241553921;576,055995133734;0,99009900990099;1
663;263,337474820264;535,102862841354;0,99009900990099;0,99009900990099
664;262,756660511822;548,585144989688;0,99009900990099;1
665;264,355481684246;566,925395142081;0,99009900990099;1
666;270,835233184662;689,006124962584;0,99009900990099;1
667;270,290047098024;578,856021747794;0,99009900990099;1
668;261,19006006642;547,223885173604;0,99009900990099;1
669;271,524073130016;701,768139104449;0,99009900990099;0,99009900990099
670;263,669677049197;567,313063289413;0,99009900990099;1
671;265,357821096953;642,004747961855;0,99009900990099;0,99009900990099
672;263,279469328901;638,256156732555;0,99009900990099;1
673;268,615275742888;714,726112684477;0,99009900990099;1
674;266,830402434208;778,769072670002;0,99009900990099;1
675;265,354283052221;550,75485860038;0,99009900990099;1
676;266,899890618002;594,697589515511;0,99009900990099;1
677;261,177150441626;625,483182308672;0,99009900990099;1
678;270,941129768631;561,543998172505;0,99009900990099;1
679;264,330998572366;570,699588753122;0,99009900990099;0,99009900990099
680;261,157328823167;721,867770848374;0,99009900990099;0,99009900990099
681;262,43561565909;570,463055753796;0,99009900990099;1
682;270,583853874769;710,030882917619;0,99009900990099;1
683;269,501260952182;609,592195534965;0,99009900990099;0,99009900990099
684;262,832493153051;551,633152806618;0,99009900990099;0,99009900990099
685;265,284860423114;754,922824674141;0,99009900990099;1
686;263,702100991127;626,918304081994;0,99009900990099;0,99009900990099
687;268,997663330937;678,483225239292;0,99009900990099;1
688;261,436862199188;540,204068816888;0,99009900990099;1
689;263,087692240348;513,443344510971;0,99009900990099;1
690;264,37607127772;505,69853421038;0,99009900990099;0,99009900990099
691;263,392088995217;550,491543823049;0,99009900990099;1
692;267,794183780874;617,576670957499;0,99009900990099;0,99009900990099
693;265,533007184798;577,356122967861;0,99009900990099;1
694;262,271910108921;525,70171177133;0,99009900990099;0,99009900990099
695;267,483223781211;549,888364656733;0,99009900990099;0,99009900990099
696;262,75447942457;601,20719606637;0,99009900990099;1
697;261,144501816382;516,354550423238;0,99009900990099;0,99009900990099
698;265,041609575502;565,239219761616;0,99009900990099;0,99009900990099
699;265,032666267401;696,694418902847;0,99009900990099;0,99009900990099
700;261,794551634119;588,834070257922;0,99009900990099;1
701;264,843154070413;584,788725668806;0,99009900990099;1
702;267,657127034747;581,570994176033;0,99009900990099;1
703;262,814484172479;556,933718726866;0,99009900990099;1
704;269,476298474603;631,856522912203;0,99009900990099;1
705;262,799139382276;597,065319092569;0,99009900990099;0,99009900990099
706;263,220051327735;574,299828576702;0,99009900990099;1
707;261,9447936874;564,313323624636;0,99009900990099;1
708;263,292217681899;589,04877966695;0,99009900990099;0,99009900990099
709;264,405026694158;595,065060322786;0,99009900990099;0,99009900990099
710;269,442721075594;743,372307516125;0,99009900990099;1
711;261,510634569434;565,523336773366;0,99009900990099;1
712;261,879123662388;556,238138419022;0,99009900990099;1
713;266,96691094988;543,908281711409;0,99009900990099;0,99009900990099
714;267,300676100572;675,881328593828;0,99009900990099;1
715;267,326990468791;544,37315192776;0,99009900990099;1
716;263,139875989269;584,948289342952;0,99009900990099;0,99009900990099
717;262,793187979427;585,213937626937;0,99009900990099;0,99009900990099
718;264,294816375824;609,400961000255;0,99009900990099;1
719;266,845602285158;610,929458202983;0,99009900990099;0,99009900990099
720;262,790112087835;506,269435509551;0,99009900990099;1
721;264,099248208349;571,392641736981;0,99009900990099;1
722;261,512134987046;524,540522934242;0,99009900990099;0,99009900990099
723;262,65179831442;533,353807054797;0,99009900990099;0,99009900990099
724;262,51465214564;619,214430801856;0,99009900990099;0,99009900990099
725;263,153417676895;616,718223070155;0,99009900990099;0,99009900990099
726;262,847682119633;500,812257107549;0,99009900990099;1
727;263,566234517145;633,615309611207;0,99009900990099;1
728;271,930053522953;789,262355173996;0,99009900990099;1
729;265,06877417988;605,974583110987;0,99009900990099;0,99009900990099
730;263,710202506232;572,463803316921;0,99009900990099;0,99009900990099
731;261,210563784014;555,648811607601;0,99009900990099;0,99009900990099
732;260,214061132099;504,538414114712;0,99009900990099;1
733;261,970578720167;638,228096908332;0,99009900990099;1
734;267,008143152616;624,382690919024;0,99009900990099;1
735;261,979462083574;532,341897256736;0,99009900990099;1
736;264,996033539706;719,844383167228;0,99009900990099;0,99009900990099
737;266,142062150801;538,387315370976;0,99009900990099;0,99009900990099
738;264,529910112828;620,237792661644;0,99009900990099;1
739;263,883344856637;596,287790093482;0,99009900990099;1
740;261,578247401214;549,775042113586;0,99009900990099;0,99009900990099
741;261,673756842776;544,253153633795;0,99009900990099;1
742;268,095397887337;573,784470219162;0,99009900990099;0,99009900990099
743;263,507016025471;544,436619972617;0,99009900990099;1
744;262,508901767936;526,999054682033;0,99009900990099;0,99009900990099
745;263,210336275814;622,462176176167;0,99009900990099;1
746;261,801818970352;539,188299555404;0,99009900990099;0,99009900990099
747;262,567947602042;537,985485166497;0,99009900990099;1
748;262,067952927123;520,060826598904;0,99009900990099;0,99009900990099
749;262,612057515082;515,554827264155;0,99009900990099;0,99009900990099
750;264,142348409105;532,073446406063;0,99009900990099;0,99009900990099
751;263,820759512976;581,155427034997;0,99009900990099;1
752;272,011241089132;810,962201622408;0,99009900990099;1
753;262,75558117783;581,543059684132;0,99009900990099;0,99009900990099
754;264,074988246347;619,062086147998;0,99009900990099;1
755;264,443066791511;595,54180896916;0,99009900990099;1
756;263,571404115259;761,194162842632;0,99009900990099;1
757;272,093680282537;714,757161787481;0,99009900990099;1
758;266,198418884877;623,738247357328;0,99009900990099;0,99009900990099
759;263,0500524558;541,120109201091;0,99009900990099;0,99009900990099
760;268,586565433568;681,630698894889;0,99009900990099;1
761;265,004141134411;632,68553216688;0,99009900990099;1
762;263,393970060065;655,476060521754;0,99009900990099;1
763;263,928201968368;538,123141233701;0,99009900990099;1
764;265,147296040062;549,634777996328;0,99009900990099;1
765;266,26641865144;534,352367373963;0,99009900990099;1
766;270,141457750969;650,635475838577;0,99009900990099;0,99009900990099
767;261,928086979568;539,372480225756;0,99009900990099;1
768;263,880304590213;607,449741769771;0,99009900990099;1
769;261,367354834357;505,793964628192;0,99009900990099;1
770;264,853088432322;536,76959173514;0,99009900990099;0,99009900990099
771;263,190309212151;609,573708597568;0,99009900990099;0,99009900990099
772;266,990917831079;577,336717294064;0,99009900990099;1
773;265,78784249751;602,747680413315;0,99009900990099;0,99009900990099
774;262,749976058733;580,266774258145;0,99009900990099;1
775;262,402803105136;475,656556502595;0,99009900990099;1
776;262,876565161066;576,793256157947;0,99009900990099;0,99009900990099
777;264,370189575784;755,986708896421;0,99009900990099;1
778;262,001314273752;532,52815814214;0,99009900990099;0,99009900990099
779;266,196043761036;533,133148278183;0,99009900990099;1
780;264,212086089926;552,191142507345;0,99009900990099;0,99009900990099
781;264,092715276404;594,892288479982;0,99009900990099;1
782;263,727639330671;501,838580976499;0,99009900990099;1
783;262,217143199751;531,452320144512;0,99009900990099;0,99009900990099
784;269,880828424844;714,902902723155;0,99009900990099;1
785;265,91314054063;583,673852393244;0,99009900990099;1
786;260,495964267302;600,573526747575;0,99009900990099;1
787;261,696288849191;521,851703503742;0,99009900990099;1
788;261,844032898418;674,131686394845;0,99009900990099;1
789;260,863779030094;646,710724053408;0,99009900990099;0,99009900990099
790;263,93516244316;513,991027118673;0,99009900990099;0,99009900990099
791;262,838945177006;597,076215887473;0,99009900990099;0,99009900990099
792;261,527967629334;517,988967901108;0,99009900990099;0,99009900990099
793;267,507982781766;694,4232845687;0,99009900990099;0,99009900990099
794;265,528643988509;554,155225114964;0,99009900990099;0,99009900990099
795;267,829968697807;635,82003183763;0,99009900990099;0,99009900990099
796;266,13120866386;529,276431898795;0,99009900990099;1
797;269,79807694771;731,802533057115;0,99009900990099;0,99009900990099
798;261,064171463577;599,198797471806;0,99009900990099;1
799;271,404867147418;796,683533353195;0,99009900990099;1
800;265,043134492718;625,131058879341;0,99009900990099;1
801;268,209740234862;614,009182098828;0,99009900990099;1
802;261,898541737535;524,00047896715;0,99009900990099;1
803;265,975192549961;574,899720567972;0,99009900990099;0,99009900990099
804;266,095845369561;579,272396356633;0,99009900990099;0,99009900990099
805;263,67802241198;540,294267170304;0,99009900990099;1
806;264,940262553172;535,144246145888;0,99009900990099;0,99009900990099
807;264,477384741257;548,848532442777;0,99009900990099;0,99009900990099
808;266,342622569833;579,781987870853;0,99009900990099;1
809;268,024062724698;726,744987261138;0,99009900990099;1
810;261,297450834922;481,113323092755;0,99009900990099;1
811;262,740906030149;529,340932664023;0,99009900990099;1
812;269,608012265078;693,526577876147;0,99009900990099;1
813;262,549512595355;641,890085458716;0,99009900990099;0,99009900990099
814;265,986877183465;675,271382549292;0,99009900990099;0,99009900990099
815;265,7420263431;595,511074784845;0,99009900990099;0,99009900990099
816;268,276661757515;641,222013636014;0,99009900990099;1
817;261,16370870119;524,389206137865;0,99009900990099;1
818;268,1672294398;622,430563883971;0,99009900990099;1
819;268,076381254814;635,574658454048;0,99009900990099;0,99009900990099
820;265,843494171242;597,275564914026;0,99009900990099;0,99009900990099
821;262,269507052173;648,701580481365;0,99009900990099;0,99009900990099
822;265,51941384899;604,952175639332;0,99009900990099;0,99009900990099
823;262,113115431311;545,002983893272;0,99009900990099;1
824;265,191151320521;541,844821022822;0,99009900990099;0,99009900990099
825;262,096381016794;522,377058288006;0,99009900990099;1
826;263,973666640219;617,507022287872;0,99009900990099;1
827;262,688462610823;587,751189528919;0,99009900990099;1
828;268,605252620646;672,859353586516;0,99009900990099;1
829;265,573133068569;632,761626520736;0,99009900990099;0,99009900990099
830;265,58624464137;625,001709368749;0,99009900990099;0,99009900990099
831;262,310067105568;544,237494298945;0,99009900990099;1
832;265,364059302386;591,646785333827;0,99009900990099;0,99009900990099
833;263,071790987836;617,292817686541;0,99009900990099;0,99009900990099
834;264,325926300055;543,690828173975;0,99009900990099;1
835;264,561929412356;613,264990162226;0,99009900990099;0,99009900990099
836;265,381576930641;591,519482404445;0,99009900990099;0,99009900990099
837;266,185642355993;542,484835029951;0,99009900990099;0,99009900990099
838;262,746236498638;589,713110930861;0,99009900990099;0,99009900990099
839;264,937346391504;687,503314994981;0,99009900990099;0,99009900990099
840;266,932467115157;537,219111100611;0,99009900990099;1
841;261,267446163712;528,613371578819;0,99009900990099;1
842;268,11509842262;666,282959926214;0,99009900990099;0,99009900990099
843;263,918784649092;547,777428904507;0,99009900990099;0,99009900990099
844;261,831189281322;587,064593130541;0,99009900990099;1
845;267,820874875703;605,158862886511;0,99009900990099;0,99009900990099
846;264,659341671051;693,170372326911;0,99009900990099;0,99009900990099
847;273,156444354831;944,46317364916;0,99009900990099;1
848;263,944510545781;561,076401899152;0,99009900990099;1
849;266,421317284533;548,198609624937;0,99009900990099;0,99009900990099
850;263,663261233641;555,2891848911;0,99009900990099;0,99009900990099
851;260,745356937532;533,895204046398;0,99009900990099;0,99009900990099
852;261,09576287771;628,908996490717;0,99009900990099;0,99009900990099
853;265,616268407257;711,884202877698;0,99009900990099;1
854;265,05677177705;624,070823572711;0,99009900990099;0,99009900990099
855;261,792343515079;600,893180372029;0,99009900990099;1
856;262,328335583108;582,813679916414;0,99009900990099;0,99009900990099
857;265,687195931097;658,810711053113;0,99009900990099;0,99009900990099
858;264,564591502525;624,679711442153;0,99009900990099;0,99009900990099
859;266,131888129745;566,750214444029;0,99009900990099;1
860;262,361004510375;547,61069317396;0,99009900990099;0,99009900990099
861;267,987746352098;632,094708627101;0,99009900990099;1
862;267,32567550472;712,092596611059;0,99009900990099;1
863;266,226507037836;651,798494177573;0,99009900990099;0,99009900990099
864;262,387081322566;548,005969395453;0,99009900990099;0,99009900990099
865;264,181247494679;564,808400049176;0,99009900990099;0,99009900990099
866;272,217508264646;569,911976733668;0,99009900990099;1
867;265,181545725824;526,723661412239;0,99009900990099;1
868;264,627434316776;569,05841291605;0,99009900990099;0,99009900990099
869;263,406667478611;480,278824059444;0,99009900990099;0,99009900990099
870;261,523982582932;591,859025211851;0,99009900990099;1
871;263,129298615087;487,269169293574;0,99009900990099;1
872;267,145911192909;642,564006974599;0,99009900990099;1
873;264,832635992147;575,956745050665;0,99009900990099;0,99009900990099
874;264,121104042593;567,955730714755;0,99009900990099;1
875;263,650769192168;533,620984223386;0,99009900990099;1
876;262,151240796689;528,815981313983;0,99009900990099;0,99009900990099
877;262,459312368768;549,963975123834;0,99009900990099;1
878;265,726690559636;510,164275345007;0,99009900990099;0,99009900990099
879;264,547133919698;542,888283184983;0,99009900990099;0,99009900990099
880;262,882690909006;553,617340551538;0,99009900990099;1
881;267,106537710439;685,077800808538;0,99009900990099;1
882;264,323176710738;705,030984960712;0,99009900990099;0,99009900990099
883;263,888077135799;556,209571904684;0,99009900990099;1
884;267,749161171528;766,20632371595;0,99009900990099;0,99009900990099
885;262,188488854814;594,126109629912;0,99009900990099;0,99009900990099
886;264,716127856277;639,795472481563;0,99009900990099;1
887;261,7901258541;626,449568743208;0,99009900990099;1
888;263,266347870882;613,107616960345;0,99009900990099;1
889;267,537717050679;624,91696755165;0,99009900990099;1
890;263,667969568227;555,146645350869;0,99009900990099;1
891;261,313535645192;515,829674084822;0,99009900990099;1
892;271,004281890339;614,246709271093;0,99009900990099;0,99009900990099
893;262,194775271529;587,198273340723;0,99009900990099;1
894;262,393045919505;535,456721403323;0,99009900990099;1
895;265,906027009398;591,042309823762;0,99009900990099;1
896;264,401720038435;534,561068947021;0,99009900990099;1
897;264,275808643355;784,515755275296;0,99009900990099;1
898;266,872514134624;536,168391717591;0,99009900990099;1
899;263,795307520459;544,064544129655;0,99009900990099;1
900;267,390495662381;551,945435146688;0,99009900990099;0,99009900990099
901;260,89070353563;592,389897132899;0,99009900990099;0,99009900990099
902;263,419681033097;538,020736396793;0,99009900990099;1
903;266,323030265333;589,569864948626;0,99009900990099;1
904;269,346633825357;743,103778843998;0,99009900990099;0,99009900990099
905;261,869480906923;609,951622295987;0,99009900990099;1
906;269,003082158604;621,298400317814;0,99009900990099;1
907;267,335249978095;679,619624073102;0,99009900990099;0,99009900990099
908;263,870171635229;543,093569437421;0,99009900990099;1
909;260,996690595531;558,789321494138;0,99009900990099;1
910;261,177752387187;520,160496978227;0,99009900990099;0,99009900990099
911;271,70353208478;714,805997690682;0,99009900990099;1
912;261,848625412288;565,691498096984;0,99009900990099;0,99009900990099
913;265,987722463298;613,222524250446;0,99009900990099;1
914;264,154657059317;607,26468652186;0,99009900990099;0,99009900990099
915;266,886890073167;664,9213397138;0,99009900990099;0,99009900990099
916;267,135593106302;640,92482220235;0,99009900990099;0,99009900990099
917;260,704137393234;568,985889691298;0,99009900990099;0,99009900990099
918;262,205243422071;593,58381924662;0,99009900990099;1
919;262,200585093071;558,721785179552;0,99009900990099;0,99009900990099
920;263,655305523911;583,325791476062;0,99009900990099;1
921;273,584760473958;821,475965398044;0,99009900990099;1
922;264,397801254366;589,385976161049;0,99009900990099;0,99009900990099
923;264,045130665549;487,332759325809;0,99009900990099;1
924;266,04836564855;665,068115763258;0,99009900990099;1
925;267,564761510427;640,221541196155;0,99009900990099;0,99009900990099
926;263,408058522249;614,166961296095;0,99009900990099;1
927;266,908186692426;719,636496309038;0,99009900990099;0,99009900990099
928;261,890227806188;561,939211937838;0,99009900990099;1
929;263,178786182313;533,417565547331;0,99009900990099;0,99009900990099
930;265,804487484365;565,996010155339;0,99009900990099;1
931;265,64216681949;606,360925542895;0,99009900990099;0,99009900990099
932;262,660854616577;571,628216991952;0,99009900990099;0,99009900990099
933;265,503434052659;628,799904537542;0,99009900990099;0,99009900990099
934;266,592075179624;680,815439546308;0,99009900990099;1
935;267,141898752481;566,461105884429;0,99009900990099;0,99009900990099
936;264,049157149099;590,300986681525;0,99009900990099;0,99009900990099
937;262,142495437707;528,139288389107;0,99009900990099;1
938;263,47928686013;591,544141002332;0,99009900990099;0,99009900990099
939;264,549292183849;540,497932539506;0,99009900990099;0,99009900990099
940;262,123272262005;610,704109606393;0,99009900990099;1
941;268,346005543888;718,121426030928;0,99009900990099;0,99009900990099
942;263,014913307263;543,952309365929;0,99009900990099;0,99009900990099
943;267,00956141583;649,247553319022;0,99009900990099;0,99009900990099
944;264,650352224575;550,597657353582;0,99009900990099;0,99009900990099
945;265,798464268028;588,160260235609;0,99009900990099;1
946;261,938093858455;543,395463809113;0,99009900990099;0,99009900990099
947;265,320620497531;662,431809400977;0,99009900990099;0,99009900990099
948;266,918918873585;648,864474334223;0,99009900990099;0,99009900990099
949;266,921199045712;669,210636207845;0,99009900990099;1
950;263,912418495878;605,991218662413;0,99009900990099;0,99009900990099
951;269,888454930476;640,730686619328;0,99009900990099;1
952;261,447982684564;566,059469071863;0,99009900990099;1
953;266,77548937073;618,227710467795;0,99009900990099;0,99009900990099
954;261,648782396002;575,946360874124;0,99009900990099;0,99009900990099
955;265,955855800914;680,106931205826;0,99009900990099;1
956;266,183848713452;755,242403477351;0,99009900990099;1
957;264,389541185148;599,970255053842;0,99009900990099;1
958;262,554321062888;619,041778240946;0,99009900990099;1
959;262,700687229497;567,504616195499;0,99009900990099;1
960;264,68159004547;509,488885101584;0,99009900990099;0,99009900990099
961;260,882024815477;529,044055778475;0,99009900990099;1
962;266,072285118242;727,127580096566;0,99009900990099;0,99009900990099
963;262,126679690732;557,769183790469;0,99009900990099;0,99009900990099
964;263,027938548592;562,425238757697;0,99009900990099;1
965;263,122259433758;591,917666854302;0,99009900990099;0,99009900990099
966;264,977979823593;559,936239185584;0,99009900990099;0,99009900990099
967;271,683241607587;752,679350837568;0,99009900990099;1
968;260,458050559616;591,21127774801;0,99009900990099;0,99009900990099
969;261,657834938237;538,89842425299;0,99009900990099;1
970;267,560024758052;673,750482752331;0,99009900990099;0,99009900990099
971;260,224734247824;603,900986177885;0,99009900990099;1
972;264,148757491969;579,518790168822;0,99009900990099;0,99009900990099
973;265,319518958185;585,270544103194;0,99009900990099;1
974;262,524921781056;525,600299173322;0,99009900990099;1
975;262,299926051234;528,31367735074;0,99009900990099;0,99009900990099
976;269,056091943615;717,048931341111;0,99009900990099;0,99009900990099
977;266,433897515987;625,639880455779;0,99009900990099;1
978;268,002743123532;625,5438821908;0,99009900990099;0,99009900990099
979;262,012568807213;550,520273057747;0,99009900990099;1
980;277,361352375835;803,639553175104;0,99009900990099;1
981;263,607279065709;494,292556257109;0,99009900990099;0,99009900990099
982;263,903959886832;525,868609863574;0,99009900990099;1
983;262,096243280226;525,174212638641;0,99009900990099;1
984;264,485959498954;534,761810009064;0,99009900990099;0,99009900990099
985;266,311689548975;570,247516504776;0,99009900990099;0,99009900990099
986;265,72581994196;567,991107772219;0,99009900990099;0,99009900990099
987;263,872792698836;711,863195117635;0,99009900990099;1
988;263,564525499493;501,847877890662;0,99009900990099;1
989;263,947253995816;676,642630110492;0,96039603960396;0,96039603960396
990;267,057140780041;559,514340825379;0,99009900990099;0,99009900990099
991;268,923270816152;690,570452097849;0,99009900990099;0,99009900990099
992;267,299370322082;704,209485482015;0,99009900990099;1
993;265,699921088409;569,565395545506;0,99009900990099;1
994;263,217377739902;625,978365308805;0,99009900990099;0,99009900990099
995;262,075946446574;498,84828152552;0,99009900990099;1
996;264,426803137053;557,701032936168;0,99009900990099;0,99009900990099
997;266,884716071681;547,430976166368;0,99009900990099;0,99009900990099
998;262,737678624754;637,892157724291;0,99009900990099;0,99009900990099
999;268,302313164771;686,114626144839;0,99009900990099;1
