0;286,707111437491;2469,42025376423;0,98019801980198;1
1;290,099343644243;2562,19777577996;0,98019801980198;1
2;283,834992783169;2406,54887766791;0,98019801980198;1
3;279,462486700324;2106,21660767837;0,98019801980198;1
4;284,877812889531;2523,39081376995;0,98019801980198;1
5;286,470030164;2354,9308926584;0,98019801980198;1
6;284,25757935453;2332,37704904512;0,98019801980198;1
7;284,752382566111;2519,24383079855;0,98019801980198;1
8;293,903314209208;2632,03256125571;0,98019801980198;1
9;285,141249231763;2292,45762972388;0,98019801980198;0,99009900990099
10;288,265809039572;2370,13940733925;0,98019801980198;0,99009900990099
11;284,889415417241;2529,42113756551;0,98019801980198;1
12;282,271379118232;2595,95984668671;0,98019801980198;0,99009900990099
13;280,124096819509;2166,17431138513;0,98019801980198;0,99009900990099
14;281,58914893663;2240,53376332838;0,98019801980198;1
15;277,348735368884;2185,91139310385;0,98019801980198;1
16;288,08265812672;2712,79017257998;0,98019801980198;1
17;284,696370726915;2333,05560161767;0,98019801980198;1
18;281,779026631932;2281,38928834373;0,98019801980198;1
19;280,981909143317;1887,35336310268;0,98019801980198;1
20;290,420321079338;2754,09027422226;0,98019801980198;1
21;284,790728640501;2253,86920735377;0,98019801980198;1
22;286,243483864955;2328,2511013376;0,98019801980198;0,99009900990099
23;280,382965699611;2350,56824455639;0,98019801980198;1
24;287,849615964566;2773,61603690679;0,98019801980198;1
25;291,561158873622;2718,88549077007;0,98019801980198;1
26;282,244413585477;2597,86709515145;0,98019801980198;1
27;289,435487793793;2412,71528110555;0,98019801980198;0,99009900990099
28;281,068476539396;2395,6220691595;0,98019801980198;1
29;273,939906157836;2294,50290641684;0,98019801980198;0,99009900990099
30;277,574607699886;2035,89577939416;0,98019801980198;1
31;273,674155495142;1855,37312184321;0,98019801980198;0,99009900990099
32;281,354742459069;2446,12684490358;0,98019801980198;1
33;283,968672866536;2477,54903148865;0,98019801980198;0,99009900990099
34;276,104036337156;2541,37378817024;0,98019801980198;0,99009900990099
35;289,640156596536;2519,10327725477;0,98019801980198;1
36;288,796644700557;2597,07102848317;0,98019801980198;1
37;279,596014206936;2485,78969699503;0,98019801980198;0,99009900990099
38;288,313242523554;2392,42615550454;0,98019801980198;1
39;284,919698779182;2461,33552788391;0,98019801980198;1
40;285,210677039678;2316,75085713864;0,98019801980198;1
41;281,778161512784;2232,60539246528;0,98019801980198;0,99009900990099
42;282,545584169618;2523,31118152125;0,98019801980198;0,99009900990099
43;294,577973441563;2996,14776167761;0,98019801980198;0,99009900990099
44;284,80972801178;2742,37691318474;0,98019801980198;0,99009900990099
45;277,385679532874;2378,80392950761;0,98019801980198;0,99009900990099
46;288,109041123138;2167,73909870038;0,98019801980198;0,99009900990099
47;281,973047902276;2237,80735655562;0,98019801980198;1
48;275,121487738179;2181,73626419981;0,98019801980198;1
49;289,993863394863;2577,88743523567;0,98019801980198;1
50;281,809992628877;2177,8411722739;0,98019801980198;1
51;291,682538372098;2602,80820967484;0,98019801980198;0,99009900990099
52;279,214853446175;2148,65946763898;0,98019801980198;1
53;284,995359720065;2623,49756625833;0,98019801980198;0,99009900990099
54;286,844553285894;2691,14165799214;0,98019801980198;0,99009900990099
55;283,664400648832;2349,58246967058;0,98019801980198;1
56;290,678920284268;2693,36896897584;0,98019801980198;0,99009900990099
57;278,421258647995;2363,69150497615;0,98019801980198;1
58;285,910870391644;2535,29584649841;0,98019801980198;1
59;293,926316393813;2580,91884843533;0,98019801980198;0,99009900990099
60;289,012192192248;2508,04842635532;0,98019801980198;0,99009900990099
61;284,019747760378;2480,26494822089;0,98019801980198;0,99009900990099
62;283,823975814011;2274,98204670868;0,98019801980198;1
63;295,21602673321;2686,28779849902;0,98019801980198;0,99009900990099
64;290,087426812344;2632,38813922035;0,98019801980198;0,99009900990099
65;281,011777069939;2165,7093802404;0,98019801980198;1
66;288,6740931494;2535,76703929304;0,98019801980198;1
67;282,311086882672;2219,96136313974;0,98019801980198;0,99009900990099
68;280,518116521035;2230,66547338906;0,98019801980198;0,99009900990099
69;280,732466664429;2274,78778479864;0,98019801980198;1
70;291,647585859415;2750,89623657723;0,98019801980198;0,99009900990099
71;285,544883701973;2287,98432869153;0,98019801980198;0,99009900990099
72;285,718752169449;2255,93406201646;0,98019801980198;0,99009900990099
73;280,152806970673;2339,63772544947;0,98019801980198;1
74;284,68808463199;2549,87668607849;0,98019801980198;1
75;296,163002876405;2699,37319970393;0,98019801980198;0,99009900990099
76;277,478152396972;2044,35309820177;0,98019801980198;0,99009900990099
77;289,640405532659;2558,56888679283;0,98019801980198;1
78;285,740016439354;2482,16747069166;0,98019801980198;0,99009900990099
79;279,737077075983;2018,60154071281;0,98019801980198;1
80;288,322400238807;2429,11072501707;0,98019801980198;0,99009900990099
81;283,801051224485;2672,82218584961;0,98019801980198;1
82;286,373347795082;2370,36312009714;0,98019801980198;0,99009900990099
83;275,169451712304;2137,28108605835;0,98019801980198;1
84;284,13911115217;2467,38445083616;0,98019801980198;1
85;287,298544541713;2619,94198906151;0,98019801980198;1
86;281,713496092868;2405,6458870481;0,98019801980198;0,99009900990099
87;292,369480100914;2700,67993186218;0,98019801980198;0,99009900990099
88;282,290436486215;2467,67086737392;0,98019801980198;1
89;281,159279566596;2478,32708858302;0,98019801980198;0,99009900990099
90;280,233013338045;2148,76882401963;0,98019801980198;0,99009900990099
91;290,137402192841;2482,02746714805;0,98019801980198;1
92;278,869716528597;2143,76669591739;0,98019801980198;0,99009900990099
93;286,119322755989;2482,1688739522;0,98019801980198;1
94;290,967359307487;2598,74641929387;0,98019801980198;0,99009900990099
95;276,214589446983;2346,3541443202;0,98019801980198;0,99009900990099
96;292,382911516224;2575,45494017244;0,98019801980198;1
97;282,363774822765;2191,49057685643;0,98019801980198;1
98;281,111019491054;2392,72271131226;0,98019801980198;1
99;279,709568685291;2216,63567323154;0,98019801980198;1
100;290,560240499515;2566,11203992383;0,98019801980198;0,99009900990099
101;277,886118176485;2145,77248884539;0,98019801980198;0,99009900990099
102;277,250360825725;2031,13680753997;0,98019801980198;0,99009900990099
103;275,957906790465;1992,99708869955;0,98019801980198;1
104;285,459076937591;2455,05295728495;0,98019801980198;0,99009900990099
105;284,51876810284;2368,64418769148;0,98019801980198;1
106;278,420236003391;2301,65544589679;0,98019801980198;0,99009900990099
107;278,663627585758;2163,81622305183;0,98019801980198;1
108;272,494179349905;2000,11152243321;0,98019801980198;1
109;280,383573716061;2282,6170051147;0,98019801980198;0,99009900990099
110;291,684913370635;2551,37557139378;0,98019801980198;0,99009900990099
111;286,501702069596;2514,14672962607;0,98019801980198;0,99009900990099
112;288,155536059671;2461,7239338657;0,98019801980198;1
113;288,458302479845;2803,34743746193;0,98019801980198;1
114;288,132522804331;2485,54719894602;0,98019801980198;0,99009900990099
115;286,887132342735;2334,33523677409;0,98019801980198;0,99009900990099
116;284,395036723264;2189,41188807177;0,98019801980198;1
117;275,830990615444;2029,51450940737;0,98019801980198;0,99009900990099
118;286,336048812217;2588,87024363871;0,98019801980198;1
119;282,619254712616;2443,32514412768;0,98019801980198;0,99009900990099
120;286,436809612665;2520,83187540038;0,98019801980198;0,99009900990099
121;285,537382796507;2572,08640869202;0,98019801980198;0,99009900990099
122;282,271049684106;2343,97672007671;0,98019801980198;0,99009900990099
123;289,917751189199;2630,94750443563;0,98019801980198;0,99009900990099
124;280,173059037774;1982,06139281506;0,98019801980198;1
125;290,633298411455;2639,95504601862;0,98019801980198;0,99009900990099
126;278,341767860211;2286,17796546222;0,98019801980198;0,99009900990099
127;278,647286845285;2226,09331852805;0,98019801980198;0,99009900990099
128;285,597049499096;2544,15251804952;0,98019801980198;0,99009900990099
129;286,800479681928;2468,57079647256;0,98019801980198;0,99009900990099
130;282,242126997522;2403,65993532901;0,98019801980198;1
131;289,445893164753;2416,03665103707;0,98019801980198;0,99009900990099
132;279,285072062245;2127,75417620941;0,98019801980198;1
133;289,137992227543;2456,738031161;0,98019801980198;0,99009900990099
134;278,860945729159;2265,62128843935;0,98019801980198;0,99009900990099
135;277,418561937457;2187,84658988365;0,98019801980198;0,99009900990099
136;279,015731902614;2190,18638747588;0,98019801980198;0,99009900990099
137;288,929932815307;2470,90936296002;0,98019801980198;1
138;286,277793764724;2581,25491607359;0,98019801980198;1
139;278,301023119965;2167,43996995434;0,98019801980198;1
140;286,755780374176;2799,69142828524;0,98019801980198;0,99009900990099
141;284,468613246314;2404,76460430822;0,98019801980198;0,99009900990099
142;285,545208599874;2429,78438711284;0,98019801980198;1
143;290,539057394232;2641,79184859473;0,98019801980198;1
144;290,493397587994;2457,6790997659;0,98019801980198;0,99009900990099
145;280,370791809444;2235,60022911884;0,98019801980198;0,99009900990099
146;275,820091194777;2020,83303795903;0,98019801980198;0,99009900990099
147;283,015197435349;2170,38513793;0,98019801980198;1
148;278,651095046579;2206,46684940369;0,98019801980198;1
149;284,402155869946;2337,27067180806;0,98019801980198;0,99009900990099
150;289,705236070858;2609,38149506118;0,98019801980198;1
151;287,930347167704;2246,94061361894;0,98019801980198;0,99009900990099
152;289,840886611346;2560,31338036672;0,98019801980198;0,99009900990099
153;280,779231483412;2227,33093537233;0,98019801980198;1
154;289,239046848312;2488,2757288853;0,98019801980198;1
155;284,493891765894;2296,87242647469;0,98019801980198;1
156;279,566641537216;2467,38387082474;0,98019801980198;0,99009900990099
157;288,115711890916;2495,94705619148;0,98019801980198;1
158;277,774208495158;2203,9659861686;0,98019801980198;0,99009900990099
159;280,938672520776;2186,09649309815;0,98019801980198;1
160;288,955733476987;2376,67257135446;0,98019801980198;0,99009900990099
161;282,029024028157;2538,75926571224;0,98019801980198;0,99009900990099
162;281,395993225646;2278,22634407368;0,98019801980198;0,99009900990099
163;286,729338773261;2485,50939767073;0,98019801980198;0,99009900990099
164;277,723885092784;2091,63669475985;0,98019801980198;0,99009900990099
165;285,147482331312;2300,50707834659;0,98019801980198;1
166;288,992182458026;2399,03038026365;0,98019801980198;1
167;290,198712113365;2495,04098829073;0,98019801980198;0,99009900990099
168;284,39608973188;2521,15160782669;0,98019801980198;1
169;285,958887703561;2250,88200392254;0,98019801980198;0,99009900990099
170;280,987622351984;2293,90176356878;0,98019801980198;1
171;285,726225916064;2605,92604073034;0,98019801980198;0,99009900990099
172;280,190815521112;2266,88117752048;0,98019801980198;1
173;282,706772076289;2355,94790507417;0,98019801980198;1
174;285,942693570093;2591,78642109289;0,98019801980198;1
175;282,703197052307;2279,0005422851;0,98019801980198;0,99009900990099
176;287,271037389093;2383,29436971012;0,98019801980198;0,99009900990099
177;285,043160906382;2412,64866773886;0,98019801980198;0,99009900990099
178;279,446656518365;2233,58477747542;0,98019801980198;0,99009900990099
179;283,966709233458;2435,62780054371;0,98019801980198;1
180;281,304586504238;2308,87222339781;0,98019801980198;0,99009900990099
181;290,900519067392;2797,35115871217;0,98019801980198;0,99009900990099
182;285,762722562096;2520,28722300248;0,98019801980198;0,99009900990099
183;288,588528233862;2351,51956046973;0,98019801980198;0,99009900990099
184;285,565301316268;2355,36445885019;0,98019801980198;0,99009900990099
185;292,407363715641;2602,23181869328;0,98019801980198;1
186;274,021633377673;1809,47641712812;0,98019801980198;0,99009900990099
187;282,797508439034;2413,52964968721;0,98019801980198;0,99009900990099
188;284,436078543596;2294,02516276065;0,98019801980198;1
189;287,033463229872;2688,14920851636;0,98019801980198;1
190;277,560407230832;2342,04292760174;0,98019801980198;1
191;283,83740368695;2382,60051082672;0,98019801980198;0,99009900990099
192;287,47193583733;2605,11895756571;0,98019801980198;0,99009900990099
193;285,389830469437;2280,2793423136;0,98019801980198;1
194;281,564685097921;2505,64539295117;0,98019801980198;0,99009900990099
195;283,370278627667;2583,38895102971;0,98019801980198;1
196;278,40938902144;2318,22860118942;0,98019801980198;0,99009900990099
197;282,448615262998;2309,69972235075;0,98019801980198;1
198;289,299425810259;2635,78334546705;0,98019801980198;1
199;291,232975081817;2845,8044859095;0,98019801980198;1
200;285,575974647138;2353,93293554404;0,98019801980198;0,99009900990099
201;280,622030738971;2249,71178770546;0,98019801980198;0,99009900990099
202;284,686786288375;2580,57533865775;0,98019801980198;1
203;288,271230550998;2641,02779829331;0,98019801980198;0,99009900990099
204;288,322980726152;2519,89890471439;0,98019801980198;0,99009900990099
205;284,199336118566;2379,20878401813;0,98019801980198;0,99009900990099
206;276,457727070359;2288,95271884959;0,98019801980198;0,99009900990099
207;282,32225870067;2624,11127083121;0,98019801980198;1
208;279,57709242484;2238,79893554791;0,98019801980198;0,99009900990099
209;282,523416048703;1996,61992682182;0,98019801980198;1
210;284,248009182826;2222,59246217127;0,98019801980198;0,99009900990099
211;283,358890320005;2592,93949567435;0,98019801980198;0,99009900990099
212;278,150638691842;2363,01476385056;0,98019801980198;1
213;282,529427664913;2258,05377494345;0,98019801980198;1
214;285,538925695603;2336,28981910461;0,98019801980198;1
215;285,410931093046;2551,79142534718;0,98019801980198;0,99009900990099
216;284,557983976906;2340,77127449189;0,98019801980198;0,99009900990099
217;286,979377908234;2381,85872497649;0,98019801980198;0,99009900990099
218;282,938514507914;2408,01871113497;0,98019801980198;1
219;281,668427740096;2302,74900498826;0,98019801980198;0,99009900990099
220;280,058490200436;2056,11996098592;0,98019801980198;0,99009900990099
221;284,735678757853;2304,32181579273;0,98019801980198;1
222;280,274187903237;2312,04209488158;0,98019801980198;1
223;289,82158045868;2420,81385582442;0,98019801980198;0,99009900990099
224;285,017391149222;2267,35328360984;0,98019801980198;1
225;284,23504627966;2410,50394483041;0,98019801980198;0,99009900990099
226;286,125290775795;2427,66618726301;0,98019801980198;1
227;293,062794741925;2697,12742883151;0,98019801980198;1
228;290,076218988568;2596,67887480303;0,98019801980198;0,99009900990099
229;287,852426281723;2682,54783138187;0,98019801980198;1
230;275,562891103891;1819,13210131128;0,98019801980198;0,99009900990099
231;284,614809411929;2326,83910217589;0,98019801980198;1
232;283,798707010499;2400,6780017118;0,98019801980198;0,99009900990099
233;283,133183565898;2375,32385868948;0,98019801980198;0,99009900990099
234;287,559249516828;2412,87935773454;0,98019801980198;0,99009900990099
235;279,867784429662;2645,06268133764;0,98019801980198;1
236;282,454355039632;2434,26058063507;0,98019801980198;1
237;287,857744752189;2462,60586458316;0,98019801980198;0,99009900990099
238;290,162147050439;2480,82815878692;0,98019801980198;0,99009900990099
239;287,186619962278;2843,01511267061;0,98019801980198;0,99009900990099
240;277,202845965526;2329,10479001061;0,98019801980198;0,99009900990099
241;283,991823490502;2444,04484797894;0,98019801980198;1
242;277,545509186708;2358,73230027752;0,98019801980198;1
243;287,722780991185;2569,04932230757;0,98019801980198;1
244;290,465350210592;2942,68873754032;0,98019801980198;0,99009900990099
245;285,654133838226;2460,51401847346;0,98019801980198;0,99009900990099
246;279,79569161924;2428,21323040144;0,98019801980198;0,99009900990099
247;293,743073498165;2670,8068367227;0,98019801980198;1
248;287,484692240796;2562,37956526369;0,98019801980198;0,99009900990099
249;285,610939576382;2370,88301865749;0,98019801980198;1
250;282,744358168057;2310,69973114483;0,98019801980198;1
251;283,594349163929;2298,09306822265;0,98019801980198;0,99009900990099
252;281,101100595357;2113,4858175978;0,98019801980198;1
253;286,985170743108;2667,43038078084;0,98019801980198;1
254;280,238681381808;2116,21856192241;0,98019801980198;0,99009900990099
255;287,253547970789;2432,97185279223;0,98019801980198;1
256;288,250934434356;2652,28949506141;0,98019801980198;1
257;281,111989238889;2445,09253768868;0,98019801980198;0,99009900990099
258;278,001059457405;2096,16147797146;0,98019801980198;1
259;276,190155838807;2073,85483793874;0,98019801980198;0,99009900990099
260;278,100125159877;2203,84510742304;0,98019801980198;0,99009900990099
261;277,39352663255;2189,87600928756;0,98019801980198;0,99009900990099
262;284,528673444934;2713,4958495411;0,98019801980198;1
263;283,666239955138;2260,02544408947;0,98019801980198;1
264;293,006623695402;2478,92711838037;0,98019801980198;0,99009900990099
265;284,831001176597;2240,16434732017;0,98019801980198;0,99009900990099
266;281,733085743129;2295,47748082235;0,98019801980198;1
267;277,62032625111;2169,05093816507;0,98019801980198;1
268;280,402825864857;2242,62253569328;0,98019801980198;1
269;274,632519991766;2152,91127953715;0,98019801980198;0,99009900990099
270;286,412089188919;2582,57613287091;0,98019801980198;1
271;283,064644494316;2492,00494364546;0,98019801980198;1
272;286,046656985002;2557,0551077563;0,98019801980198;1
273;283,540398090616;2439,32261121789;0,98019801980198;1
274;280,218035890383;2154,08158423617;0,98019801980198;0,99009900990099
275;277,606236016971;2319,58850113808;0,98019801980198;1
276;282,764676562122;2316,3562604989;0,98019801980198;1
277;284,082144275414;2288,42736693656;0,98019801980198;0,99009900990099
278;285,46339226317;2248,34822486032;0,98019801980198;1
279;283,664533178869;2411,33350447199;0,98019801980198;1
280;285,708913437179;2353,32208879275;0,98019801980198;0,99009900990099
281;284,971010863429;2513,74336782386;0,98019801980198;0,99009900990099
282;271,870373443784;1854,41602490929;0,98019801980198;1
283;285,304038513665;2448,12454928105;0,98019801980198;1
284;279,572942982637;2226,76641045612;0,98019801980198;0,99009900990099
285;289,313833745351;2311,68051452368;0,98019801980198;1
286;286,083810785902;2261,4730611119;0,98019801980198;1
287;283,938889485409;2376,44250914688;0,98019801980198;1
288;292,982330563943;2858,47698836234;0,98019801980198;1
289;284,855726679685;2613,2243155616;0,98019801980198;0,99009900990099
290;279,987886097652;2316,19019528383;0,98019801980198;0,99009900990099
291;278,940386457327;2322,26275753776;0,98019801980198;1
292;291,935126548859;2638,76326281551;0,98019801980198;1
293;280,963650753928;2193,89231825327;0,98019801980198;0,99009900990099
294;284,570586378122;2333,29739014828;0,98019801980198;0,99009900990099
295;280,402073124474;2194,43229047937;0,98019801980198;0,99009900990099
296;283,947793567107;2381,14040152052;0,98019801980198;0,99009900990099
297;281,967842603598;2191,91495262081;0,98019801980198;0,99009900990099
298;286,29148540639;2517,34349390938;0,98019801980198;1
299;285,463147107944;2565,11792177389;0,98019801980198;0,99009900990099
300;289,465365240745;2399,55182202367;0,98019801980198;1
301;283,799106162967;2790,05371797943;0,98019801980198;0,99009900990099
302;280,452234818311;2231,04744579736;0,98019801980198;1
303;289,437826642108;2749,87950452517;0,98019801980198;1
304;279,941454713042;2016,03814351724;0,98019801980198;0,99009900990099
305;285,206590701741;2403,59789136439;0,98019801980198;1
306;286,097530766684;2528,3703490833;0,98019801980198;1
307;285,715306450612;2714,04623299998;0,98019801980198;0,99009900990099
308;288,834051081946;2344,72477777091;0,98019801980198;1
309;293,704285402978;2651,94073246534;0,98019801980198;0,99009900990099
310;286,506117927808;2633,56387457746;0,98019801980198;1
311;293,186495714813;2777,63898357271;0,98019801980198;1
312;294,447571335911;3147,34502742819;0,98019801980198;1
313;284,824710340644;2708,18812651412;0,98019801980198;0,99009900990099
314;285,703095125276;2410,07668234576;0,98019801980198;0,99009900990099
315;281,025242550389;2060,32323204422;0,98019801980198;1
316;277,30331820227;2005,81528091206;0,98019801980198;0,99009900990099
317;286,522240239134;2454,55716727492;0,98019801980198;0,99009900990099
318;288,151405964312;2403,45424612011;0,98019801980198;1
319;274,432045269467;2240,54383654649;0,98019801980198;1
320;287,843239923281;2497,31012696757;0,98019801980198;1
321;283,911376376793;2390,96866498881;0,98019801980198;1
322;279,350483850701;2314,687185758;0,98019801980198;0,99009900990099
323;286,992187122624;2307,40249530829;0,98019801980198;1
324;286,92746461;2476,61893051499;0,98019801980198;0,99009900990099
325;279,47787299383;2095,64683208735;0,98019801980198;1
326;281,568686273601;1973,51082159453;0,98019801980198;0,99009900990099
327;282,78806564947;2362,67465933465;0,98019801980198;0,99009900990099
328;282,153100706126;2480,79431966458;0,98019801980198;0,99009900990099
329;280,099841553962;2203,47192471162;0,98019801980198;0,99009900990099
330;279,319497332218;2323,02376455368;0,98019801980198;0,99009900990099
331;280,816164029835;2226,68644842467;0,98019801980198;0,99009900990099
332;285,581402364536;2370,7645862884;0,98019801980198;1
333;280,252159122643;2251,68661940471;0,98019801980198;1
334;282,60332317669;2369,84266482397;0,98019801980198;1
335;286,807734707604;2301,94409450633;0,98019801980198;0,99009900990099
336;286,883156884389;2596,22093839756;0,98019801980198;0,99009900990099
337;286,560362885568;2686,99116263177;0,98019801980198;1
338;283,459642483498;2730,32791820704;0,98019801980198;0,99009900990099
339;284,593570038353;2329,92455596534;0,98019801980198;0,99009900990099
340;283,034384430919;2506,72758321467;0,98019801980198;1
341;288,230265036316;2435,16296042827;0,98019801980198;0,99009900990099
342;285,93260208902;2518,86750985301;0,98019801980198;1
343;287,922117788813;2764,03678309318;0,98019801980198;0,99009900990099
344;276,361149114147;2076,66778774075;0,98019801980198;1
345;279,365465722979;2492,90919582598;0,98019801980198;0,99009900990099
346;284,871226692021;2312,69446907193;0,98019801980198;0,99009900990099
347;282,773121441249;2108,51933791308;0,98019801980198;1
348;286,2945398859;2633,53243667724;0,98019801980198;0,99009900990099
349;283,816256613564;2392,5679756594;0,98019801980198;0,99009900990099
350;279,3890934987;2135,25947643411;0,98019801980198;1
351;284,951348274788;2511,97931639431;0,98019801980198;0,99009900990099
352;281,866793444516;2459,667312589;0,98019801980198;1
353;280,582229650787;2242,19714944507;0,98019801980198;0,99009900990099
354;286,110771697517;2500,08486094298;0,98019801980198;1
355;276,741209483743;2377,74275080164;0,98019801980198;1
356;279,788840670658;2272,52591269648;0,98019801980198;0,99009900990099
357;285,107555636027;2364,67859752728;0,98019801980198;1
358;282,637627447302;2333,48212565196;0,98019801980198;1
359;277,662035371059;2436,73919142545;0,98019801980198;1
360;288,732427331514;2567,17981470904;0,98019801980198;1
361;282,097354055322;2091,64941874256;0,98019801980198;0,99009900990099
362;278,605369828478;2264,65521046269;0,98019801980198;0,99009900990099
363;282,922298471278;2474,8537588391;0,98019801980198;0,99009900990099
364;279,451610758628;2248,85427944338;0,98019801980198;1
365;281,403749441925;2085,33112768141;0,98019801980198;1
366;284,047211240645;2233,7938562578;0,98019801980198;1
367;287,159228182675;2488,70482678607;0,98019801980198;1
368;287,554056701696;2530,23520438305;0,98019801980198;0,99009900990099
369;274,106862107671;2327,7024824252;0,98019801980198;0,99009900990099
370;289,22477595583;2469,04356885796;0,98019801980198;0,99009900990099
371;281,138187322811;2225,71940995611;0,98019801980198;1
372;288,294109179807;2712,53290367248;0,98019801980198;0,99009900990099
373;285,393818592138;2596,59852082394;0,98019801980198;1
374;288,792893762897;2603,23240868886;0,98019801980198;1
375;278,159226903583;1895,47799213777;0,98019801980198;0,99009900990099
376;286,295269847467;2520,63291187519;0,98019801980198;1
377;282,780591269048;2113,89023652421;0,98019801980198;0,99009900990099
378;278,111742266999;2230,1220146318;0,98019801980198;0,99009900990099
379;276,782775878653;2081,79471698142;0,98019801980198;0,99009900990099
380;286,510991867726;2495,33729718217;0,98019801980198;1
381;288,789093844388;2413,75826753109;0,98019801980198;0,99009900990099
382;292,384541672426;2491,87164178385;0,98019801980198;0,99009900990099
383;287,867214601399;2498,74049336608;0,98019801980198;1
384;281,15930066052;2141,62516413892;0,98019801980198;0,99009900990099
385;284,43205326765;2376,63746456782;0,98019801980198;0,99009900990099
386;286,66075885742;2827,56826401213;0,98019801980198;1
387;298,461381672632;2846,91508760389;0,98019801980198;1
388;286,635203582485;2562,36164063048;0,98019801980198;1
389;284,316111309908;2445,9047507036;0,98019801980198;0,99009900990099
390;275,131345827053;2268,02955103262;0,98019801980198;0,99009900990099
391;284,043611859704;2460,28198265909;0,98019801980198;1
392;289,281111259631;2576,37784414573;0,98019801980198;1
393;280,581498682018;2285,35628547989;0,98019801980198;1
394;276,202782024425;1987,56651570004;0,98019801980198;1
395;289,173810366855;2625,87417100372;0,98019801980198;1
396;280,828958075512;2222,25428327359;0,98019801980198;0,99009900990099
397;286,861788613164;2509,61198095848;0,98019801980198;0,99009900990099
398;283,518047526781;2579,16741591035;0,98019801980198;1
399;281,081849718626;2334,48103496288;0,98019801980198;0,99009900990099
400;287,048120572201;2623,00000529088;0,98019801980198;0,99009900990099
401;279,035190202398;2299,91896190878;0,98019801980198;0,99009900990099
402;286,914172838473;2256,055913737;0,98019801980198;0,99009900990099
403;278,357347143467;2251,89904362718;0,98019801980198;1
404;275,199274549895;2076,55204242792;0,98019801980198;0,99009900990099
405;278,367228029856;2163,55095035039;0,98019801980198;0,99009900990099
406;285,188433286446;2242,23243033844;0,98019801980198;0,99009900990099
407;274,843321800614;1871,04016185812;0,98019801980198;0,99009900990099
408;277,291715771751;2026,02025474445;0,98019801980198;1
409;282,34729834366;2387,53887499049;0,98019801980198;0,99009900990099
410;286,166229118436;2337,4169284249;0,98019801980198;0,99009900990099
411;282,076766690764;2373,4646994614;0,98019801980198;1
412;282,706630675057;2233,68126517861;0,98019801980198;0,99009900990099
413;287,104087890185;2408,08530873476;0,98019801980198;0,99009900990099
414;283,071125845503;2646,14989629022;0,98019801980198;1
415;281,740038859602;2234,76506858126;0,98019801980198;1
416;277,36329597154;2167,23846289658;0,98019801980198;1
417;279,53849581441;2479,41714681345;0,98019801980198;0,99009900990099
418;278,58405043133;2095,42555285959;0,98019801980198;1
419;288,70146919816;2445,98981005697;0,98019801980198;0,99009900990099
420;273,007245413847;1933,82973107215;0,98019801980198;1
421;282,601116547159;2287,60138271215;0,98019801980198;0,99009900990099
422;288,123752413336;2611,7055982942;0,98019801980198;0,99009900990099
423;283,511326506091;2450,77619573702;0,98019801980198;0,99009900990099
424;287,273316510616;2528,81540950435;0,98019801980198;1
425;281,090162545297;2111,25465438611;0,98019801980198;0,99009900990099
426;286,914093147481;2553,02808893908;0,98019801980198;1
427;287,2076403562;2599,20876028856;0,98019801980198;0,99009900990099
428;291,486147298351;2722,72382294261;0,98019801980198;0,99009900990099
429;280,331655003489;2281,81166494684;0,98019801980198;1
430;285,305869208842;2469,21350263792;0,98019801980198;0,99009900990099
431;284,080386227506;2440,25591118518;0,98019801980198;1
432;287,841721004059;2621,05194497052;0,98019801980198;0,99009900990099
433;295,98067154296;2887,03924037001;0,98019801980198;0,99009900990099
434;279,678095082311;2278,31822322656;0,98019801980198;1
435;288,696969287066;2566,76617910479;0,98019801980198;0,99009900990099
436;288,338825744154;2741,16534288607;0,98019801980198;0,99009900990099
437;289,382400371514;2509,88255357349;0,98019801980198;1
438;286,777299546329;2628,54038263773;0,98019801980198;1
439;283,899480178057;2567,97572242827;0,98019801980198;0,99009900990099
440;284,891333265947;2039,47379742806;0,98019801980198;1
441;283,276071475647;2027,52279883866;0,98019801980198;0,99009900990099
442;281,531955034391;2443,0085030176;0,98019801980198;0,99009900990099
443;289,591762014066;2499,07994715318;0,98019801980198;0,99009900990099
444;287,2369421582;2510,39051468047;0,98019801980198;1
445;289,980677516701;2566,70652185372;0,98019801980198;0,99009900990099
446;280,454654435826;2315,86157171018;0,98019801980198;0,99009900990099
447;290,291599104944;2706,35388218353;0,98019801980198;1
448;281,035074002764;2339,07022568649;0,98019801980198;0,99009900990099
449;284,491377705108;2518,8637005399;0,98019801980198;0,99009900990099
450;286,004418124949;2527,61775118878;0,98019801980198;1
451;282,791756162314;2457,75710578631;0,98019801980198;0,99009900990099
452;286,893333138836;2490,16066773238;0,98019801980198;0,99009900990099
453;286,646919191085;2471,76766720351;0,98019801980198;1
454;287,792481264372;2510,06423328009;0,98019801980198;1
455;283,281401070069;2216,87948757418;0,98019801980198;0,99009900990099
456;284,727124231773;2320,62602669443;0,98019801980198;0,99009900990099
457;281,061168940608;2128,80224921946;0,98019801980198;1
458;292,590937760898;2734,48090035082;0,98019801980198;1
459;281,620812805196;2359,87732996917;0,98019801980198;0,99009900990099
460;281,004011472543;2228,23260515099;0,98019801980198;1
461;286,318947428433;2342,69005535246;0,98019801980198;1
462;281,971930414131;2278,64900255268;0,98019801980198;0,99009900990099
463;288,686018237481;2622,3363392559;0,98019801980198;1
464;293,762056040076;2955,40872098771;0,98019801980198;1
465;281,15889781489;2215,39939741708;0,98019801980198;1
466;289,825011438028;2791,85146177433;0,98019801980198;1
467;282,952576714076;2235,19966169164;0,98019801980198;1
468;285,970282130497;2668,1910362034;0,98019801980198;0,99009900990099
469;289,934702018953;2888,57504100315;0,98019801980198;1
470;289,307178803465;2730,08321603587;0,98019801980198;1
471;280,232962705144;2325,65681671049;0,98019801980198;1
472;288,903935339438;2714,97786455316;0,98019801980198;0,99009900990099
473;287,582280978624;2380,0509178702;0,98019801980198;0,99009900990099
474;276,386051869024;2224,84883126189;0,98019801980198;0,99009900990099
475;285,914135240612;2652,21151926659;0,98019801980198;0,99009900990099
476;283,63175544002;2453,99184199866;0,98019801980198;1
477;287,612175850611;2620,92576852594;0,98019801980198;1
478;285,122941418827;2176,44932980581;0,98019801980198;1
479;281,243892942613;2172,67098377304;0,98019801980198;1
480;285,657253508731;2213,29664848263;0,98019801980198;0,99009900990099
481;278,260560579193;2000,66163474673;0,98019801980198;0,99009900990099
482;292,082022544995;2756,75894920528;0,98019801980198;0,99009900990099
483;287,280124581274;2650,04654697803;0,98019801980198;0,99009900990099
484;285,480566813489;2629,41092126335;0,98019801980198;1
485;295,321475249074;2858,98063026613;0,98019801980198;0,99009900990099
486;288,668008639967;2517,76922426088;0,98019801980198;0,99009900990099
487;281,615488249828;2379,45640586923;0,98019801980198;1
488;281,174907061495;2305,96982687669;0,98019801980198;1
489;281,055790676544;2396,37311745557;0,98019801980198;0,99009900990099
490;274,93647746952;2175,54174041517;0,98019801980198;0,99009900990099
491;283,839940329104;2143,32224515988;0,98019801980198;0,99009900990099
492;285,268336215204;2592,37359015967;0,98019801980198;0,99009900990099
493;291,832121658332;2565,8678051336;0,98019801980198;1
494;279,466395533395;2050,60182325943;0,98019801980198;1
495;276,58310593464;1977,11633067028;0,98019801980198;0,99009900990099
496;275,98068517029;2093,86216617092;0,98019801980198;0,99009900990099
497;287,771629668362;2641,51515880029;0,98019801980198;1
498;292,383379429916;2746,32950690433;0,98019801980198;0,99009900990099
499;292,892239470252;2793,35865473191;0,98019801980198;1
500;282,700098077491;2201,79381108441;0,98019801980198;1
501;282,242688758957;2436,41467968245;0,98019801980198;1
502;287,659006738117;2447,14419700197;0,98019801980198;0,99009900990099
503;288,514220316559;2551,70684182298;0,98019801980198;0,99009900990099
504;291,014529807223;2634,83034338682;0,98019801980198;1
505;284,297188146762;2285,64804991752;0,98019801980198;1
506;284,807104415733;2537,81597790261;0,98019801980198;0,99009900990099
507;276,893497650625;2054,67414983623;0,98019801980198;1
508;285,376421809185;2459,95515783455;0,98019801980198;1
509;281,156728000725;2402,05356513824;0,98019801980198;0,99009900990099
510;289,062221333782;2528,13633242442;0,98019801980198;1
511;294,949838811755;2709,69558958028;0,98019801980198;1
512;285,020399306674;2610,44414663247;0,98019801980198;1
513;288,0100501707;2702,06927975325;0,98019801980198;1
514;284,357484671744;2508,4299855036;0,98019801980198;0,99009900990099
515;289,740600316194;2507,61498608566;0,98019801980198;1
516;276,016701617838;2175,83568486495;0,98019801980198;0,99009900990099
517;292,989250228937;2586,25167541064;0,98019801980198;1
518;282,036824789799;2242,10687822917;0,98019801980198;0,99009900990099
519;283,047202903029;2421,91787219453;0,98019801980198;1
520;289,307845074466;2571,03571539678;0,98019801980198;0,99009900990099
521;279,007422624312;2295,09296075362;0,98019801980198;0,99009900990099
522;288,442986924901;2660,64359529008;0,98019801980198;1
523;279,742795865665;1941,29782881134;0,98019801980198;1
524;290,033619160373;2486,39304956002;0,98019801980198;1
525;283,440536014819;2538,4714645456;0,98019801980198;0,99009900990099
526;285,253828346883;2175,45114554991;0,98019801980198;0,99009900990099
527;283,512818494652;2474,4810752805;0,98019801980198;1
528;285,69445677217;2660,88117915381;0,98019801980198;0,99009900990099
529;282,384691007927;2388,20022695983;0,98019801980198;0,99009900990099
530;282,876670977087;2450,40934368374;0,98019801980198;0,99009900990099
531;288,785008199332;2578,6161693822;0,98019801980198;0,99009900990099
532;285,199640289097;2389,62028656713;0,98019801980198;1
533;281,526681516134;2190,16866386145;0,98019801980198;0,99009900990099
534;283,802093048122;2226,03783217967;0,98019801980198;1
535;283,551577275335;2331,05409450949;0,98019801980198;0,99009900990099
536;288,021748747478;2217,93148385527;0,98019801980198;1
537;286,805608786106;2598,53588013177;0,98019801980198;0,99009900990099
538;287,858583282566;2365,85339851642;0,98019801980198;1
539;280,204866456714;2153,99427498368;0,98019801980198;1
540;286,313810936968;2251,93035559381;0,98019801980198;0,99009900990099
541;281,964372800953;2123,69565711055;0,98019801980198;1
542;279,054106132695;2151,46874225047;0,98019801980198;1
543;283,470173078479;2630,83797604298;0,98019801980198;1
544;286,15411301625;2286,28826564824;0,98019801980198;1
545;289,368228871723;2427,08111858161;0,98019801980198;1
546;278,574404831679;2208,6376529475;0,98019801980198;1
547;287,019972809906;2542,6267891583;0,98019801980198;1
548;283,760443103086;2510,17565298132;0,98019801980198;1
549;281,721063392789;2315,08429508276;0,98019801980198;0,99009900990099
550;275,220733455545;2060,28912755188;0,98019801980198;0,99009900990099
551;289,075799265228;2643,77536290966;0,98019801980198;1
552;278,55877188054;2044,70601717552;0,98019801980198;1
553;281,079309598484;2353,38289508779;0,98019801980198;1
554;280,542513205825;2307,69701097198;0,98019801980198;1
555;288,70614314836;2435,88744372294;0,98019801980198;0,99009900990099
556;283,986345813617;2469,65870967856;0,98019801980198;0,99009900990099
557;281,97329345213;2006,55602210918;0,98019801980198;0,99009900990099
558;282,205619807404;2265,05503242353;0,98019801980198;0,99009900990099
559;287,901753092068;2372,45107326162;0,98019801980198;1
560;280,451247001457;2613,32926621589;0,98019801980198;0,99009900990099
561;288,901115466431;2606,72965920083;0,98019801980198;1
562;290,935703375834;2630,38349113098;0,98019801980198;0,99009900990099
563;281,055091424688;2015,34577938621;0,98019801980198;0,99009900990099
564;283,109932198545;2380,57575574307;0,98019801980198;0,99009900990099
565;283,649261857825;2274,73515027419;0,98019801980198;0,99009900990099
566;286,28195261234;2380,66071864702;0,98019801980198;0,99009900990099
567;279,997188074033;2275,46138470944;0,98019801980198;1
568;285,776956839893;2400,2306120907;0,98019801980198;0,99009900990099
569;276,760854809428;2079,67443412168;0,98019801980198;1
570;286,952996254999;2425,91042251751;0,98019801980198;0,99009900990099
571;279,71225285173;2305,10278743792;0,98019801980198;0,99009900990099
572;287,004110590749;2522,31796472537;0,98019801980198;0,99009900990099
573;281,897946079724;2347,81830861955;0,98019801980198;1
574;281,660637843052;2218,84125798965;0,98019801980198;1
575;276,596539828242;2099,66806623226;0,98019801980198;0,99009900990099
576;275,353733497352;2005,96114861697;0,98019801980198;0,99009900990099
577;278,013429759075;2191,42199037367;0,98019801980198;0,99009900990099
578;283,874660842986;2282,35397668274;0,98019801980198;0,99009900990099
579;277,839330101836;2335,88018610977;0,98019801980198;1
580;282,950896559027;2312,83172819042;0,98019801980198;1
581;282,907360679942;2336,26119937436;0,98019801980198;1
582;281,425747922287;2644,62086965994;0,98019801980198;0,99009900990099
583;282,539682369582;2250,30856480727;0,98019801980198;0,99009900990099
584;293,410507047556;2688,43730521553;0,98019801980198;1
585;278,644052953578;2110,1612903256;0,98019801980198;0,99009900990099
586;279,437081411151;2208,77070152444;0,98019801980198;0,99009900990099
587;280,442545726847;2244,98993647132;0,98019801980198;0,99009900990099
588;280,663005150273;2095,48388073022;0,98019801980198;0,99009900990099
589;287,448490446657;2455,79546727019;0,98019801980198;1
590;286,928212603879;2387,31476428749;0,98019801980198;1
591;285,733842838628;2523,65767634053;0,98019801980198;1
592;284,185396348208;2417,66960702255;0,98019801980198;0,99009900990099
593;271,053755215137;2184,29036010759;0,98019801980198;0,99009900990099
594;282,763533514084;2346,56270838249;0,98019801980198;1
595;282,726692842225;2267,0671829091;0,98019801980198;1
596;285,66446646083;2584,31394952634;0,98019801980198;1
597;291,654051501536;2808,61560004236;0,98019801980198;1
598;283,069855116558;2293,38406398908;0,98019801980198;0,99009900990099
599;285,09278799497;2682,78313703804;0,98019801980198;1
600;285,383589922409;2460,16755516428;0,98019801980198;1
601;286,44124077642;2435,90837269843;0,98019801980198;0,99009900990099
602;283,975038003178;2547,65776630839;0,98019801980198;0,99009900990099
603;279,301658719723;2415,84510844603;0,98019801980198;0,99009900990099
604;280,342023990324;2308,8517981669;0,98019801980198;1
605;284,89567025967;2346,72107645061;0,98019801980198;1
606;286,984472359284;2468,85965261064;0,98019801980198;0,99009900990099
607;282,506742372011;2240,78927578897;0,98019801980198;1
608;283,27734203012;2282,88096634173;0,98019801980198;0,99009900990099
609;280,912503309213;2139,28223354011;0,98019801980198;1
610;297,693409270869;2967,49226919716;0,98019801980198;1
611;283,971477951426;2712,04931710639;0,98019801980198;1
612;286,326861221183;2295,46319218857;0,98019801980198;1
613;285,009177215466;2530,11832880197;0,98019801980198;1
614;285,067707933456;2343,81826129956;0,98019801980198;0,99009900990099
615;285,096713425948;2232,04884283115;0,98019801980198;0,99009900990099
616;283,809671979432;2212,60427639051;0,98019801980198;0,99009900990099
617;285,521425596086;2264,21998235669;0,98019801980198;1
618;284,681750160032;2318,11658827716;0,98019801980198;1
619;290,29413510713;2645,8993318057;0,98019801980198;0,99009900990099
620;275,769091296398;2332,01081354155;0,98019801980198;1
621;285,722448055016;2551,32363409057;0,98019801980198;1
622;288,057547690927;2652,60502439175;0,98019801980198;1
623;286,993432829612;2277,27705865542;0,98019801980198;0,99009900990099
624;282,575289091938;2459,3703384698;0,98019801980198;1
625;281,744979228819;2311,1274463948;0,98019801980198;0,99009900990099
626;292,85841393844;2827,08886494565;0,98019801980198;1
627;284,696894737102;2490,03604318349;0,98019801980198;0,99009900990099
628;296,4225841607;2689,80112909151;0,98019801980198;1
629;288,877994278196;2635,50139736582;0,98019801980198;1
630;290,84973629256;2730,93652961517;0,98019801980198;1
631;269,651826799268;1759,22223513958;0,98019801980198;1
632;282,252982275732;2372,46988316816;0,98019801980198;1
633;285,282451997219;2720,9066498397;0,98019801980198;1
634;274,839359717896;2091,08474422495;0,98019801980198;1
635;282,236112693995;2265,30967531044;0,98019801980198;1
636;280,750324764992;2176,50932336568;0,98019801980198;0,99009900990099
637;277,428983571529;2268,86893982004;0,98019801980198;1
638;287,708852545058;2707,17198735643;0,98019801980198;1
639;284,706429671955;2526,78720979077;0,98019801980198;1
640;279,977163047808;2250,04504767971;0,98019801980198;1
641;284,502647431868;2531,61515399317;0,98019801980198;0,99009900990099
642;293,668135506819;2631,5391669863;0,98019801980198;1
643;288,17697335678;2382,48222701078;0,98019801980198;0,99009900990099
644;279,251814988242;2200,57505257937;0,98019801980198;0,99009900990099
645;286,220606180726;2413,02830456628;0,98019801980198;1
646;286,38139664762;2380,78027231011;0,98019801980198;0,99009900990099
647;287,578636120637;2634,53368736906;0,98019801980198;1
648;286,854880437914;2638,80097112558;0,98019801980198;1
649;285,515653943964;2584,35144676382;0,98019801980198;1
650;280,302429306288;2265,82148831744;0,98019801980198;0,99009900990099
651;280,733942185848;2218,42066602683;0,98019801980198;1
652;288,072499765483;2634,14976553665;0,98019801980198;0,99009900990099
653;280,69090441584;2148,8594034303;0,98019801980198;0,99009900990099
654;285,323544677287;2529,59045413462;0,98019801980198;1
655;281,946922845927;2450,06976040041;0,98019801980198;0,99009900990099
656;283,834770562381;2428,46944668394;0,98019801980198;0,99009900990099
657;286,822188439077;2430,74501934279;0,98019801980198;1
658;275,901189711905;2093,79274802577;0,98019801980198;0,99009900990099
659;287,407922943014;2810,62473865602;0,98019801980198;0,99009900990099
660;288,883179591802;2736,9159979532;0,98019801980198;1
661;287,041459863145;2617,74072321625;0,98019801980198;1
662;285,636631511049;2401,89465034483;0,98019801980198;0,99009900990099
663;281,334301738911;2540,7862246351;0,98019801980198;1
664;289,725261187482;2226,71361695652;0,98019801980198;0,99009900990099
665;290,803828358576;2425,04499584333;0,98019801980198;0,99009900990099
666;277,134109075825;2268,44622200553;0,98019801980198;1
667;282,862620135838;2386,46950737792;0,98019801980198;1
668;281,055505163457;2180,63168724979;0,98019801980198;0,99009900990099
669;285,416410450503;2653,41037349183;0,98019801980198;0,99009900990099
670;283,902084064891;2474,45060193668;0,98019801980198;1
671;285,995723832063;2724,6748971965;0,98019801980198;1
672;287,507111346221;2300,50824494038;0,98019801980198;0,99009900990099
673;277,241241677475;2354,51059063903;0,98019801980198;1
674;283,039846579365;2137,83069833449;0,98019801980198;1
675;277,298073883917;2323,92476771079;0,98019801980198;1
676;282,114044150644;2408,2777359362;0,98019801980198;0,99009900990099
677;282,63925616862;2308,66734796054;0,98019801980198;1
678;288,259314430111;2302,6175956743;0,98019801980198;0,99009900990099
679;281,189728603295;2370,53535428402;0,98019801980198;0,99009900990099
680;289,612574081576;2768,11054246784;0,98019801980198;0,99009900990099
681;285,094810404222;2361,8782166933;0,98019801980198;1
682;284,031708843693;2346,35866228261;0,98019801980198;1
683;283,946024235097;2246,84616553443;0,98019801980198;1
684;283,347112249262;2562,5058933198;0,98019801980198;0,99009900990099
685;285,648956042158;2449,17557333228;0,98019801980198;1
686;278,948415341865;2291,52828179398;0,98019801980198;0,99009900990099
687;283,8583988066;2364,0824076559;0,98019801980198;0,99009900990099
688;282,123574059488;2221,35530820948;0,98019801980198;1
689;284,382567621233;2340,38220471231;0,98019801980198;0,99009900990099
690;278,474360030567;2331,68949909467;0,98019801980198;0,99009900990099
691;295,603073042529;2770,74896455276;0,98019801980198;0,99009900990099
692;280,329810940095;2294,14306683308;0,98019801980198;1
693;282,9813478357;2105,26361929336;0,98019801980198;1
694;290,726694269193;2486,2495259396;0,98019801980198;1
695;280,485214149919;2241,58344515594;0,98019801980198;1
696;282,187235394009;2359,44723783779;0,98019801980198;1
697;292,776351951118;2571,92047632316;0,98019801980198;0,99009900990099
698;276,156054712267;2037,80640737716;0,98019801980198;1
699;289,569038949203;2684,43019845327;0,98019801980198;0,99009900990099
700;279,165832609178;2117,07455226749;0,98019801980198;0,99009900990099
701;288,227678333165;2389,86144048485;0,98019801980198;1
702;282,456565814488;2413,88290277218;0,98019801980198;0,99009900990099
703;281,161470012832;2473,33510746736;0,98019801980198;0,99009900990099
704;280,840503968578;2453,16756672927;0,98019801980198;1
705;283,743197185391;2255,86814163591;0,98019801980198;0,99009900990099
706;280,083490995495;2501,74378097104;0,98019801980198;1
707;282,136535459552;2307,05691969361;0,98019801980198;1
708;280,075745560539;2299,63256163203;0,98019801980198;1
709;289,983031480694;2881,70474101678;0,98019801980198;1
710;279,427257604815;2148,89487582983;0,98019801980198;1
711;287,664576061892;2340,13778449657;0,98019801980198;1
712;288,606066026718;2539,02973042079;0,98019801980198;1
713;277,97328727708;2151,93611426362;0,98019801980198;1
714;286,778027940707;2537,46650523152;0,98019801980198;1
715;287,208962472612;2822,37535923075;0,98019801980198;1
716;283,713665311023;2569,71050456899;0,98019801980198;1
717;288,589759817265;2566,89967934547;0,98019801980198;1
718;287,875185601597;2532,22521067023;0,98019801980198;0,99009900990099
719;278,586176473716;2188,22123023266;0,98019801980198;1
720;281,572361516173;2126,16608928283;0,98019801980198;0,99009900990099
721;284,477828211751;2264,83219521463;0,98019801980198;0,99009900990099
722;290,130944619696;2675,06199856801;0,98019801980198;1
723;285,115142892597;2747,49344496545;0,98019801980198;0,99009900990099
724;280,312282797675;2158,86416732987;0,98019801980198;1
725;287,09570567279;2509,08166160008;0,98019801980198;1
726;283,317095189011;2474,32950117246;0,98019801980198;1
727;278,052931031422;2297,74541911495;0,98019801980198;0,99009900990099
728;282,334137288657;2407,12232197262;0,98019801980198;0,99009900990099
729;282,852467808236;2381,39559035907;0,98019801980198;0,99009900990099
730;289,287601725275;2699,31585861524;0,98019801980198;0,99009900990099
731;282,386511292856;2360,0780346798;0,98019801980198;1
732;275,422482823864;2270,20062009736;0,98019801980198;0,99009900990099
733;282,061826690943;2306,65999375013;0,98019801980198;1
734;286,218785210445;2493,49943621639;0,98019801980198;0,99009900990099
735;281,941689298118;2519,58813807812;0,98019801980198;1
736;280,554819193062;2504,8282244393;0,98019801980198;1
737;280,966820212562;2191,37356724571;0,98019801980198;1
738;284,167436202975;2375,90132409433;0,98019801980198;0,99009900990099
739;284,493812129435;2359,00837804105;0,98019801980198;0,99009900990099
740;286,809378042055;2390,16723885432;0,98019801980198;1
741;283,852161153641;2536,63613712703;0,98019801980198;1
742;287,239575557374;2464,08835068925;0,98019801980198;0,99009900990099
743;288,7040164209;2592,2803126104;0,98019801980198;1
744;280,696984647651;2409,63713644406;0,98019801980198;0,99009900990099
745;289,536435710921;2630,97358207516;0,98019801980198;0,99009900990099
746;284,767603962578;2544,71360294419;0,98019801980198;1
747;281,47953038329;2347,04674786667;0,98019801980198;1
748;278,316642106809;2223,64166632142;0,98019801980198;0,99009900990099
749;285,566729772583;2479,29123187268;0,98019801980198;1
750;279,655490167654;2423,88902642236;0,98019801980198;0,99009900990099
751;280,756558776554;2410,25833580436;0,98019801980198;1
752;289,732417614057;2553,14292630323;0,98019801980198;1
753;285,994661873118;2648,58864452533;0,98019801980198;1
754;287,322100963662;2412,16891286259;0,98019801980198;0,99009900990099
755;283,094557518529;2458,52156634582;0,98019801980198;1
756;289,456573549392;2534,42899526135;0,98019801980198;0,99009900990099
757;283,594926818578;2265,15947415533;0,98019801980198;1
758;284,519062730474;2305,12000002427;0,98019801980198;1
759;281,937960692473;2408,25233054668;0,98019801980198;1
760;285,652901877826;2272,57992078943;0,98019801980198;1
761;279,61534911797;2268,61771245158;0,98019801980198;1
762;294,109212111506;2932,16303333828;0,98019801980198;0,99009900990099
763;288,070033782332;2579,74095615957;0,98019801980198;0,99009900990099
764;279,78386963354;2292,45197989692;0,98019801980198;1
765;287,468399316739;2587,00978162954;0,98019801980198;0,99009900990099
766;288,20127388699;2886,29407928051;0,98019801980198;0,99009900990099
767;272,450283476869;1969,13425850258;0,98019801980198;0,99009900990099
768;287,351269072762;2574,42724667417;0,98019801980198;1
769;282,677815261161;2338,39762709095;0,98019801980198;1
770;284,537387523839;2526,40845575848;0,98019801980198;0,99009900990099
771;287,180447531038;2499,15906163409;0,98019801980198;1
772;283,67294929801;2406,00136158088;0,98019801980198;0,99009900990099
773;282,619296644164;2514,47551791749;0,98019801980198;0,99009900990099
774;284,462487707461;2665,38511540898;0,98019801980198;1
775;282,962817396454;2347,81243603983;0,98019801980198;0,99009900990099
776;281,91407154403;2269,87351647687;0,98019801980198;0,99009900990099
777;279,311183054731;2355,86435321289;0,98019801980198;1
778;279,928420422169;2182,70308523774;0,98019801980198;1
779;279,311940450332;2485,51517702765;0,98019801980198;1
780;285,994108415041;2656,93097743702;0,98019801980198;0,99009900990099
781;282,227267599535;2396,60999785722;0,98019801980198;0,99009900990099
782;284,541770154433;2421,97696971967;0,98019801980198;1
783;280,568722991681;2366,49764250893;0,98019801980198;0,99009900990099
784;287,820226320886;2440,33007419611;0,98019801980198;0,99009900990099
785;276,423498317102;2031,74809114908;0,98019801980198;0,99009900990099
786;286,080003018937;2281,58028799333;0,98019801980198;0,99009900990099
787;280,519669323614;1998,4693760304;0,98019801980198;1
788;288,951164337712;2482,52947223281;0,98019801980198;0,99009900990099
789;285,073464556446;2626,95637995337;0,98019801980198;1
790;281,950301020257;2475,40174137457;0,98019801980198;1
791;287,228678709729;2642,64105895979;0,98019801980198;1
792;285,499673925172;2573,00844326017;0,98019801980198;0,99009900990099
793;281,876957473369;2334,44878382419;0,98019801980198;0,99009900990099
794;293,414656474378;2708,23857732537;0,98019801980198;0,99009900990099
795;285,876273024374;2768,1150764258;0,98019801980198;0,99009900990099
796;281,302990535484;2194,92741293468;0,98019801980198;0,99009900990099
797;286,261609303395;2399,0480078137;0,98019801980198;1
798;286,180424113096;2592,94625976853;0,98019801980198;1
799;291,996513759455;2422,03518528247;0,98019801980198;0,99009900990099
800;286,130870619974;2366,51547634273;0,98019801980198;0,99009900990099
801;283,940336455754;2434,05514407731;0,98019801980198;0,99009900990099
802;284,418751102218;2558,72068484029;0,98019801980198;0,99009900990099
803;290,980871287386;2695,32569935475;0,98019801980198;1
804;282,696701489492;2228,23447206225;0,98019801980198;0,99009900990099
805;284,19783641237;2206,0725720401;0,98019801980198;0,99009900990099
806;284,279943867176;2408,07307114286;0,98019801980198;1
807;278,442121184842;2139,04073628963;0,98019801980198;0,99009900990099
808;285,908743091979;2286,4856591862;0,98019801980198;0,99009900990099
809;282,414996562546;2388,95964742466;0,98019801980198;1
810;282,340753986066;2169,30186486181;0,98019801980198;1
811;290,524263039341;2565,92854091813;0,98019801980198;1
812;279,729190226293;2233,22187316076;0,98019801980198;1
813;285,595489900344;2570,25323297951;0,98019801980198;1
814;280,105071049081;2250,6880986841;0,98019801980198;0,99009900990099
815;279,828828432241;2216,55665256848;0,98019801980198;1
816;289,750979119915;2413,10594105402;0,98019801980198;1
817;281,568131965605;2199,709476313;0,98019801980198;1
818;286,60474358358;2604,52478050274;0,98019801980198;1
819;290,751505019147;2900,32988586707;0,98019801980198;0,99009900990099
820;283,346970291041;2257,00401314178;0,98019801980198;0,99009900990099
821;288,441945995824;2775,38335897901;0,98019801980198;0,99009900990099
822;287,89888765137;2434,47737555172;0,98019801980198;1
823;280,621555850253;2291,15600927917;0,98019801980198;0,99009900990099
824;278,928737213258;2141,92174870811;0,98019801980198;1
825;280,619017076584;2191,46158682583;0,98019801980198;0,99009900990099
826;284,963845728567;2344,5303411291;0,98019801980198;1
827;293,084702390134;2580,15850442356;0,98019801980198;1
828;290,950656802674;2765,44715967004;0,98019801980198;0,99009900990099
829;281,223179560857;2232,89367145433;0,98019801980198;1
830;287,421973141164;2640,88525916865;0,98019801980198;0,99009900990099
831;281,481868720987;2355,87020695868;0,98019801980198;1
832;283,729584479638;2316,15727381052;0,98019801980198;0,99009900990099
833;278,960275001961;2242,80556546381;0,98019801980198;1
834;286,105024325601;2524,39230980292;0,98019801980198;0,99009900990099
835;279,92805719846;2005,12062980075;0,98019801980198;0,99009900990099
836;278,760085589938;1979,9689305557;0,98019801980198;1
837;281,474671939982;2271,90583804758;0,98019801980198;1
838;288,950551114735;2728,81647824312;0,98019801980198;1
839;283,324323443867;2614,09374326603;0,98019801980198;1
840;283,990342433776;2203,64247464832;0,98019801980198;0,99009900990099
841;280,32467974682;2338,34886457404;0,98019801980198;1
842;279,125487742237;2230,96988162235;0,98019801980198;0,99009900990099
843;284,106061764598;2426,67282102989;0,98019801980198;1
844;284,061096310938;2606,1150932738;0,98019801980198;1
845;285,194277731993;2316,56085852702;0,98019801980198;1
846;286,614814725207;2453,37088794066;0,98019801980198;0,99009900990099
847;287,462529601232;2403,80373375324;0,98019801980198;1
848;291,141209684701;2493,71019348081;0,98019801980198;0,99009900990099
849;274,871986643811;2062,64962789234;0,98019801980198;1
850;289,404995696711;2526,21724625233;0,98019801980198;1
851;281,982015373209;2277,4687550193;0,98019801980198;0,99009900990099
852;276,127833564206;2139,87873131812;0,98019801980198;1
853;286,095901803616;2517,44342834484;0,98019801980198;1
854;283,140516510933;2392,15500885595;0,98019801980198;0,99009900990099
855;284,677617378063;2427,30580329622;0,98019801980198;0,99009900990099
856;288,329948879964;2538,42290949024;0,98019801980198;0,99009900990099
857;280,128643971652;2192,26598946457;0,98019801980198;1
858;285,554406051617;2368,92755186932;0,98019801980198;0,99009900990099
859;281,18562292641;2253,86051995608;0,98019801980198;0,99009900990099
860;285,673189371133;2662,45695783232;0,98019801980198;1
861;280,529067465883;2255,97311786604;0,98019801980198;1
862;279,335001859205;2170,43410987829;0,98019801980198;1
863;280,387801765191;2648,64157253128;0,98019801980198;0,99009900990099
864;285,116437736855;2375,89671057307;0,98019801980198;1
865;294,31195839022;2900,33849878725;0,98019801980198;0,99009900990099
866;283,130535860369;2189,15102211415;0,98019801980198;0,99009900990099
867;284,007057180085;2320,25127995156;0,98019801980198;0,99009900990099
868;288,490820221733;2697,65811363518;0,98019801980198;0,99009900990099
869;283,898546042394;2510,00332182013;0,98019801980198;1
870;283,28635327035;2448,24205410917;0,98019801980198;1
871;285,759867248504;2640,93250248896;0,98019801980198;0,99009900990099
872;277,142564383663;2194,31692394465;0,98019801980198;0,99009900990099
873;285,054294862803;2342,00801189061;0,98019801980198;0,99009900990099
874;279,56608361364;2159,76290113889;0,98019801980198;0,99009900990099
875;283,502386336431;2333,63641303293;0,98019801980198;1
876;291,370544980964;2691,80716139216;0,98019801980198;0,99009900990099
877;286,759723126129;2563,45153118987;0,98019801980198;0,99009900990099
878;285,824816132331;2435,51554088145;0,98019801980198;1
879;287,489629298225;2715,61890484142;0,98019801980198;1
880;279,133781475719;2242,42680699869;0,98019801980198;1
881;288,490224538891;2660,02139424489;0,98019801980198;0,99009900990099
882;283,980734423169;2606,33734430066;0,98019801980198;1
883;290,489058197149;2620,27856637495;0,98019801980198;1
884;288,190997648425;2633,06660183201;0,98019801980198;0,99009900990099
885;286,181133668232;2452,59500814653;0,98019801980198;1
886;294,036108652559;2777,08883005425;0,98019801980198;0,99009900990099
887;288,669567391034;2578,46982540324;0,98019801980198;0,99009900990099
888;280,769561370873;2351,68306161391;0,98019801980198;0,99009900990099
889;287,647228326961;2562,95176281461;0,98019801980198;0,99009900990099
890;286,323258518769;2353,22262218139;0,98019801980198;1
891;285,521632942784;2337,16566174652;0,98019801980198;0,99009900990099
892;274,7839771523;2019,19498950954;0,98019801980198;0,99009900990099
893;273,405485028452;2068,24929493699;0,98019801980198;1
894;285,109758231489;2499,36354244291;0,98019801980198;0,99009900990099
895;276,619148897428;2320,02128485548;0,98019801980198;1
896;285,753043565567;2310,05900902059;0,98019801980198;0,99009900990099
897;285,764219423503;2386,48068512712;0,98019801980198;1
898;287,617147677324;2372,78893000878;0,98019801980198;1
899;285,202720759958;2320,03540498341;0,98019801980198;1
900;281,500315180643;2432,80750763418;0,98019801980198;1
901;287,80209999344;2688,26395618028;0,98019801980198;1
902;287,466462389663;2538,65855619943;0,98019801980198;0,99009900990099
903;284,262976980335;2637,07615017551;0,98019801980198;1
904;289,576676284962;2476,83470349596;0,98019801980198;0,99009900990099
905;284,069588468263;2484,98132651581;0,98019801980198;0,99009900990099
906;284,057631242062;2402,53500873132;0,98019801980198;1
907;283,818515534135;2353,67096046458;0,98019801980198;1
908;278,329392588527;2274,6801243885;0,98019801980198;0,99009900990099
909;281,56815594156;2274,14173022398;0,98019801980198;1
910;282,648867379202;2553,60808523845;0,98019801980198;1
911;288,102557378259;2574,39419466201;0,98019801980198;0,99009900990099
912;283,763865314049;2478,45022018876;0,98019801980198;0,99009900990099
913;280,642431366243;2059,55022875009;0,98019801980198;0,99009900990099
914;283,126649072434;2393,27270961112;0,98019801980198;0,99009900990099
915;279,093047162534;2350,86762136077;0,98019801980198;0,99009900990099
916;281,7044957819;2392,662409812;0,98019801980198;0,99009900990099
917;285,686644640662;2362,98975821732;0,98019801980198;1
918;282,904041391624;2368,81890781976;0,98019801980198;1
919;277,67088040027;2371,32732273733;0,98019801980198;0,99009900990099
920;287,389004272368;2419,58250746985;0,98019801980198;0,99009900990099
921;290,887031520931;2697,14458525468;0,98019801980198;1
922;284,778169478351;2342,48801886045;0,98019801980198;1
923;284,533082638895;2555,66385287034;0,98019801980198;0,99009900990099
924;279,28210982539;2341,39564030643;0,98019801980198;0,99009900990099
925;285,897523548682;2485,71505574398;0,98019801980198;0,99009900990099
926;282,608309482229;2531,10727245813;0,98019801980198;1
927;279,509971992541;2322,84514964153;0,98019801980198;1
928;282,446469249367;2451,96895108344;0,98019801980198;0,99009900990099
929;285,064016320999;2355,13703694682;0,98019801980198;0,99009900990099
930;280,86708051415;2422,66375809884;0,98019801980198;0,99009900990099
931;283,419093072364;2434,78921142996;0,98019801980198;1
932;284,9341662728;2456,60718435558;0,98019801980198;1
933;283,475316103364;2392,62685199409;0,98019801980198;1
934;282,263888473266;2236,06773624439;0,98019801980198;1
935;281,661571151699;2363,89051783898;0,98019801980198;1
936;285,691578430654;2339,23965951776;0,98019801980198;1
937;297,291659664098;2967,92336293406;0,98019801980198;0,99009900990099
938;289,208831994576;2554,43939494284;0,98019801980198;1
939;284,261422918317;2280,97340847644;0,98019801980198;1
940;278,430448349148;2267,30895601594;0,98019801980198;0,99009900990099
941;280,974525731674;2292,59791677197;0,98019801980198;0,99009900990099
942;279,563424412276;2230,05571308786;0,98019801980198;0,99009900990099
943;288,932735149288;2599,99036489249;0,98019801980198;0,99009900990099
944;282,931269356221;2343,72215735999;0,98019801980198;0,99009900990099
945;291,820081731042;2532,32016214923;0,98019801980198;1
946;279,614096306947;2082,93982296507;0,98019801980198;0,99009900990099
947;284,417420583027;2662,60824195169;0,98019801980198;0,99009900990099
948;286,887409862807;2525,28522963131;0,98019801980198;0,99009900990099
949;276,589019825672;2109,29232088882;0,98019801980198;1
950;286,807521868105;2491,93289563695;0,98019801980198;1
951;289,996875194077;2625,94669164466;0,98019801980198;0,99009900990099
952;283,151879836946;2312,66146203607;0,98019801980198;1
953;289,039794059502;2568,2020613757;0,98019801980198;0,99009900990099
954;278,533620016506;2070,32121109645;0,98019801980198;0,99009900990099
955;286,243815585212;2414,41627859884;0,98019801980198;0,99009900990099
956;282,810282663617;2329,87011568965;0,98019801980198;0,99009900990099
957;283,685161658998;2521,6567753892;0,98019801980198;0,99009900990099
958;279,256894649212;2262,568369749;0,98019801980198;0,99009900990099
959;287,56858106861;2679,1016573001;0,98019801980198;0,99009900990099
960;284,049822023014;2462,63906407876;0,98019801980198;1
961;276,123381882116;1974,06720257318;0,98019801980198;0,99009900990099
962;286,387495204973;2547,46875945185;0,98019801980198;0,99009900990099
963;287,829055785471;2290,73729399085;0,98019801980198;0,99009900990099
964;277,995439867074;2157,90224485585;0,98019801980198;0,99009900990099
965;276,097909201119;2054,20266553307;0,98019801980198;0,99009900990099
966;283,078143427183;2426,25546643765;0,98019801980198;0,99009900990099
967;291,781017273644;2703,63194077752;0,98019801980198;0,99009900990099
968;274,928467148976;2030,61315939139;0,98019801980198;1
969;285,660874269965;2571,47654216681;0,98019801980198;1
970;286,28134043614;2473,39862522284;0,98019801980198;0,99009900990099
971;283,068465932835;2120,30140018258;0,98019801980198;1
972;280,775024814391;2338,27254309065;0,98019801980198;0,99009900990099
973;289,182462159767;2406,71477063196;0,98019801980198;1
974;278,75460731747;2352,9634990013;0,98019801980198;1
975;279,52323422872;2159,46054504018;0,98019801980198;0,99009900990099
976;274,424867698989;2000,03308478212;0,98019801980198;1
977;282,485693070934;2217,60427844279;0,98019801980198;0,99009900990099
978;284,983030822395;2210,85313797142;0,98019801980198;0,99009900990099
979;277,281052219983;2276,03788760562;0,98019801980198;1
980;285,01666612234;2367,8299667484;0,98019801980198;1
981;290,670349589733;2504,5921782791;0,98019801980198;1
982;290,097999601383;2630,20539926601;0,98019801980198;0,99009900990099
983;291,491440827414;2590,09110514611;0,98019801980198;1
984;288,717255500258;2546,37080138165;0,98019801980198;1
985;283,006386529605;2419,08439573329;0,98019801980198;0,99009900990099
986;278,564848693812;2335,43966739486;0,98019801980198;1
987;278,888049721415;2112,03447038736;0,98019801980198;1
988;279,392577997889;2222,50388908457;0,98019801980198;0,99009900990099
989;285,474426691429;2566,69434666801;0,98019801980198;1
990;290,117116459653;2692,08148097625;0,98019801980198;0,99009900990099
991;276,97614161097;2210,76180942628;0,98019801980198;1
992;279,265940805062;2284,90388673982;0,98019801980198;1
993;285,430895279112;2749,99480264642;0,98019801980198;0,99009900990099
994;283,936395077493;2384,54618047263;0,98019801980198;1
995;286,970744840552;2303,84174801258;0,98019801980198;1
996;282,052980041504;2274,12249746757;0,98019801980198;0,99009900990099
997;285,355787005715;2518,07018524398;0,98019801980198;0,99009900990099
998;289,756191914166;2401,98717293444;0,98019801980198;0,99009900990099
999;278,62033056401;2096,57829428834;0,98019801980198;0,99009900990099
