0;40,4844592448287;6,15980823013811;1;1
1;39,2537026098499;2,72841860105422;1;1
2;41,7244439221326;14,0473971073717;0,8;0,9
3;40,3846223996821;1,95954687916565;1;1
4;43,4273984169712;27,5051310784273;0,8;0,9
5;40,9958146164493;1,43853140544298;1;1
6;37,7351871368861;2,3279055349334;0,8;0,9
7;39,3641854997262;5,72084069005076;1;1
8;38,5850708979231;7,29378710800201;1;1
9;39,4751990778848;0,928533954917653;0,8;0,9
10;39,2065442449252;1,39423598432982;1;1
11;40,1742348911864;8,28638732387904;0,8;0,9
12;42,2541282838084;14,3871900594365;0,8;0,9
13;42,3572108213963;24,0559931400784;0,8;0,9
14;41,9383941001932;7,19705597048076;1;1
15;42,0867560426813;21,3184316184279;1;1
16;39,2592039922764;2,64020893086736;1;1
17;39,7304960118295;2,29819033496769;1;1
18;42,2311203423307;11,2356718369268;1;1
19;39,4926180749754;4,85210745432184;0,8;0,9
20;43,6239121316688;20,9015514463281;1;1
21;39,7226594169039;11,6866179613945;0,8;0,9
22;40,181602674162;8,77062803130194;0,8;0,9
23;39,7741192201117;4,84031065730498;1;1
24;40,8346329615171;19,8245701930545;0,8;0,9
25;38,2072230247542;3,49677638070351;1;1
26;40,692366341297;16,9628594138613;0,8;0,9
27;39,8377488577019;11,3252535179188;1;1
28;39,3386452398684;2,23022381362405;1;1
29;40,3844255254654;2,73552151653781;1;1
30;39,5631447695958;1,40737066990238;1;1
31;38,3378946747884;1,30041640930454;1;1
32;38,5957657146854;11,6627876633928;0,8;0,9
33;39,1588141931911;4,56582857204991;0,8;0,9
34;41,0553666146508;3,6911152422677;0,8;0,9
35;40,185142214657;6,09004778671782;0,8;0,9
36;39,2361154194606;4,6258845107272;1;1
37;38,9325151108792;0,0221606975187569;1;1
38;38,441191564355;8,39810416811757;0,8;0,9
39;38,154743523675;0,56629096863438;0,8;0,9
40;42,4175061735288;12,0200630855045;0,8;0,9
41;40,9740292972851;10,856164175843;1;1
42;40,3371212436228;4,02941954548147;0,8;0,9
43;41,1066209739292;5,29774299284255;1;1
44;39,8060767610277;6,96176901424365;0,8;0,9
45;39,6205374546906;1,39466124766218;1;1
46;42,4725118871187;15,2666677062425;0,8;0,9
47;40,780343198647;3,37253011171573;1;1
48;39,7283142738116;1,28613191269279;1;1
49;41,2593911810436;15,1143850438939;0,8;0,9
50;39,5184690830429;2,76201680393431;1;1
51;38,8280505018824;1,41514138817763;1;1
52;40,1167589567542;3,50127732099914;1;1
53;39,2359386782473;14,4468838622224;0,8;0,9
54;40,5778569451108;7,88372954438279;0,8;0,9
55;39,0617650330178;3,09638086533372;0,8;0,9
56;39,9010064695724;1,55540073510738;0,8;0,9
57;39,494925545567;2,15650906141585;0,8;0,9
58;41,9379148550694;12,2509586871325;1;1
59;40,6857021208064;21,6804313347588;0,8;0,9
60;42,90102513793;22,4896576158412;0,8;0,9
61;42,8577179640742;11,8009409894331;1;1
62;42,5286591902934;14,6263743497491;0,8;0,9
63;39,6198455521037;10,1946017286089;0,8;0,9
64;38,9325966159037;4,3223441486127;0,8;0,9
65;39,9359873601436;1,89544218730152;0,8;0,9
66;38,1116371708806;1,16471885325695;1;1
67;42,2589173036204;15,7483172965413;0,8;0,9
68;40,7846590212384;4,72291347311974;1;1
69;42,174886075832;13,4876793828578;0,8;0,9
70;38,647284211672;8,03832657471931;0,8;0,9
71;41,1954172865243;27,8553738586659;0,8;0,9
72;38,7215729350698;1,84561272904068;1;1
73;38,60048080552;8,6366074820316;0,8;0,9
74;40,2952768883478;4,47440445915307;1;1
75;39,8537773962068;12,1746984712539;0,8;0,9
76;42,9382040588595;14,5183391216866;0,8;0,9
77;40,17387769213;13,4931476404884;0,8;0,9
78;38,6067851328528;0,582723912451084;1;1
79;37,7932505799921;1,12934680157298;0,8;0,9
80;41,6889906547407;9,1220266560304;1;1
81;37,3342035157828;1,2316856044878;1;1
82;38,9657451990807;1,52191478926112;1;1
83;40,5614226744866;6,06065270892351;0,8;0,9
84;39,7843783972692;0,690829295469129;1;1
85;39,5291856299616;1,95047549753267;1;1
86;41,04210133378;7,86345089057833;1;1
87;44,0102595797583;20,2167107221793;0,8;0,9
88;39,0590552705073;20,7669070459675;0,8;0,9
89;40,7898456362507;17,1366863432872;0,8;0,9
90;38,8146989010752;5,5484905596439;0,8;0,9
91;38,611391872749;4,62131724179513;0,8;0,9
92;39,9770428839366;3,16202505284127;1;1
93;37,6042517032246;0,760401649984991;1;1
94;39,9408610167682;2,96186257981573;1;1
95;43,216236938189;26,2740184066739;0,8;0,9
96;39,8178889717498;5,37123836732464;0,8;0,9
97;40,3134550528725;1,67807529164909;0,8;0,9
98;41,7503573087009;11,976956358068;1;1
99;38,5961592080588;0,527065716472534;1;1
100;37,6019933365468;1,27219395176524;1;1
101;38,6916236189766;7,86757859110718;0,8;0,9
102;38,4816644908262;3,38608375827332;1;1
103;39,940091263916;12,1090698116919;0,8;0,9
104;40,0132749753552;5,40254254568769;1;1
105;39,4979862022685;5,12641486357405;1;1
106;39,7592009267672;3,82674644551443;1;1
107;38,209816617815;2,84392943855859;0,8;0,9
108;39,9204689557071;2,52929554934929;1;1
109;41,3805677069735;7,78141830742523;1;1
110;40,2004730731195;1,95090562902001;0,8;0,9
111;39,28334523879;8,95726224786057;0,8;0,9
112;41,1862213937145;3,19902850658815;1;1
113;37,6996167940724;2,35200309073855;0,8;0,9
114;38,588318791228;10,7263331191379;1;1
115;39,3693866291041;5,62441751259757;0,8;0,9
116;42,5090338628062;19,6749784491634;0,8;0,9
117;40,50515887857;11,8422943573764;0,8;0,9
118;39,0749944815138;5,28094473399834;0,8;0,9
119;37,7740592450313;2,71250698574923;0,8;0,9
120;38,1830368689007;1,97639677641664;0,8;0,9
121;39,5671633394016;5,98130074627302;0,8;0,9
122;38,8672283686612;4,51769484771091;1;1
123;42,3289015092056;10,1472578963289;0,8;0,9
124;38,9431357400933;4,61444921601352;1;1
125;40,9608837579358;4,41961155504682;1;1
126;39,1345199301155;8,58619595317445;0,8;0,9
127;40,2892238619914;15,3779888076915;0,8;0,9
128;43,6744662359444;17,2596551333334;0,8;0,9
129;40,7762324644723;11,9817467097873;0,8;0,9
130;41,1350121694037;11,3053284650484;0,8;0,9
131;41,3511364478583;16,0752254525415;0,8;0,9
132;39,1625115277233;0,837589643129647;1;1
133;39,9962392944231;6,10053481125388;1;1
134;42,9745018484184;6,58755402435083;1;1
135;42,9220068169287;2,25593720549287;1;1
136;38,6718997423299;1,24449156254529;1;1
137;39,4902562662348;1,29359807327313;0,8;0,9
138;41,3476080441495;12,5931955098071;0,8;0,9
139;38,800226151662;3,35499303094287;1;1
140;39,1296660250336;1,30301799162147;0,8;0,9
141;40,1232485442723;5,39235103417083;1;1
142;43,1099765675872;8,35863922279375;1;1
143;38,8019499749253;2,91286522412899;1;1
144;43,391472403801;6,50129188094355;1;1
145;38,2105606072867;3,93521795218743;0,8;0,9
146;43,5486268446365;11,78097091222;1;1
147;40,2812898168365;7,20477318903089;0,8;0,9
148;42,3752133226597;8,57056213058416;1;1
149;39,851999914389;0,672745074033451;1;1
150;43,1287201392213;12,2405094039837;0,8;0,9
151;39,5497463105223;1,90362626056994;1;1
152;40,0173947041284;2,9209268223227;0,8;0,9
153;40,6342173353767;8,80619350850917;0,8;0,9
154;39,0899092439853;7,35273303650757;0,8;0,9
155;42,3445815353445;10,827754240626;0,8;0,9
156;39,5137411570139;3,12279686887767;1;1
157;38,0822775983916;0,503429551661355;1;1
158;43,0446834344639;14,8899646094572;0,8;0,9
159;39,3096429862952;2,32716139232023;0,8;0,9
160;40,3049697812384;0,899103577326557;1;1
161;37,9445280697948;0,849423925456787;1;1
162;39,4073656748249;4,82154989417784;0,8;0,9
163;39,1197116261556;0,40079821950183;1;1
164;40,7157873543746;9,6824127594437;1;1
165;42,0513439234189;17,053378017421;0,8;0,9
166;39,8285309979261;16,2255799020807;0,8;0,9
167;40,5695791018847;4,94786240202147;1;1
168;39,7410044552707;14,8937509261817;0,8;0,9
169;40,0864897415548;1,15492306705821;1;1
170;41,8945800521077;20,0693220283366;0,8;0,9
171;41,5940330674051;3,51098104315096;1;1
172;41,5440809893071;22,2681685725373;0,8;0,9
173;37,0493776014288;0,626524940112753;0,8;0,9
174;40,0929032440851;6,40257632278451;1;1
175;38,8452824417007;4,44283877437627;0,8;0,9
176;44,7026912024241;32,9482025800922;0,8;0,9
177;38,3245975148043;4,14609727216765;1;1
178;38,3900926580518;0,288046613083125;1;1
179;40,3220987765522;7,54120247199686;1;1
180;38,4799055004953;2,76790565005897;1;1
181;40,5305624472868;4,19522229019675;1;1
182;43,112841424987;13,1428776866002;0,8;0,9
183;37,3970354678932;3,62786616106044;0,8;0,9
184;41,7444947983856;6,64361452839193;1;1
185;38,9278733835548;3,10251064947227;1;1
186;40,7712787550005;3,54681877323039;1;1
187;38,2673975375902;6,67799864455191;1;1
188;41,0285808405138;15,0059964194974;0,8;0,9
189;39,3632058962964;7,13406017331967;0,8;0,9
190;42,2241266221768;13,1173721596531;1;1
191;39,6072285135568;7,69680681845837;0,8;0,9
192;38,7837028578941;9,78530921201336;0,8;0,9
193;39,2909393786673;14,671822047343;0,8;0,9
194;39,1536087856383;3,84621747138568;1;1
195;40,1724074690516;0,880420819929583;1;1
196;41,0373901284036;5,91714111291326;1;1
197;41,6142155089773;18,5672188219595;0,8;0,9
198;39,8478120213579;0,855755210320932;1;1
199;40,3899368341247;5,31484640951252;0,8;0,9
200;39,4285369965456;5,94721610648703;0,8;0,9
201;38,7787059121449;4,11675831258195;1;1
202;40,4750870929193;2,92046783391104;1;1
203;42,7021974586271;18,4717490973234;1;1
204;42,4505450865382;17,3960143115686;0,8;0,9
205;38,1005108444252;6,3890609968592;0,8;0,9
206;40,7084432553699;1,09674379428409;0,8;0,9
207;38,0893459849712;4,20002762067981;0,8;0,9
208;41,6142209290298;12,9804281527655;0,8;0,9
209;39,7237084267418;7,06723055005751;1;1
210;40,3704752335276;0,112607598492517;1;1
211;40,0149931648986;1,62210323124502;1;1
212;38,9286166427774;1,94046589403628;0,8;0,9
213;40,1345609040768;1,03446817689709;1;1
214;42,2714786595807;10,4114175583381;0,8;0,9
215;39,7015381768453;6,37534050001184;1;1
216;37,3368080723396;1,56933698271633;1;1
217;40,420763200519;1,45122361254261;1;1
218;41,2768967645049;4,8771189826279;1;1
219;39,4259903888027;1,0966467139049;1;1
220;39,5396826618537;1,08862458063432;1;1
221;38,4164011030705;2,98215939777957;0,8;0,9
222;40,0228156112695;11,557690997122;0,8;0,9
223;40,0074553313946;2,10237774275902;1;1
224;39,5434929752743;12,848292700072;0,8;0,9
225;38,2194289530368;4,10424736916168;1;1
226;38,8519682110664;4,00815010054271;0,8;0,9
227;41,9199092296465;5,97350107714433;1;1
228;40,8602186720928;14,8709916017251;0,8;0,9
229;38,5460817190224;4,15759423996087;0,8;0,9
230;41,2398016135357;14,0485201532192;0,8;0,9
231;42,5201346789556;4,0298400845252;1;1
232;40,1170563896467;4,34443079915457;0,8;0,9
233;37,9208050976554;4,29103912477072;1;1
234;40,5147306151014;4,74397075067588;1;1
235;40,2456231268905;1,22990531169808;0,8;0,9
236;40,7839447608361;9,57912833004685;0,8;0,9
237;43,9101599046394;23,5103742827203;1;1
238;39,8562435220634;2,61338751925693;1;1
239;39,6144450221584;3,41205188915284;0,8;0,9
240;38,5462274343626;1,58980081388682;0,8;0,9
241;41,9882088245194;7,54541738395416;0,8;0,9
242;40,6119942723292;9,14344936929228;0,8;0,9
243;42,3700253181587;11,4936388131194;0,8;0,9
244;39,0470108742461;0;1;1
245;42,0074309495235;8,51340997661295;0,8;0,9
246;44,6230333631245;31,6657468295691;0,8;0,9
247;41,8802079275315;9,58119125960338;1;1
248;39,0746227277233;4,56535227852831;1;1
249;40,6607015265298;17,900329333253;0,8;0,9
250;40,2738360489674;7,35584156362918;0,8;0,9
251;40,1964652441484;1,31737179587038;1;1
252;40,7510093722705;8,45971044789096;1;1
253;38,9980655233623;2,19672897113475;0,8;0,9
254;42,7330096616856;9,68628174102719;1;1
255;39,6992423618907;2,59313512269565;1;1
256;40,0725352716676;19,2610872285412;0,8;0,9
257;38,9925324223852;3,39283606313184;0,8;0,9
258;40,0226041971588;3,9220599655622;1;1
259;38,8536495320586;0;1;1
260;42,525070380636;12,0595960251406;1;1
261;40,0420243012117;4,43799303457562;0,8;0,9
262;42,5821327723933;12,1524578335335;1;1
263;41,7006217193143;4,91501930123349;1;1
264;41,536664170079;9,59814772753871;1;1
265;40,7941527004544;14,0658991785366;0,8;0,9
266;39,0888008516535;3,92389208578216;0,8;0,9
267;39,3151696449695;0,263869703604811;1;1
268;39,2246612077134;6,08054161039291;1;1
269;39,5622062854427;12,6404963145373;0,8;0,9
270;41,5889487946637;9,91601209680304;1;1
271;41,3313651442987;0,756090655470777;1;1
272;41,0790522039085;20,3803397974318;0,8;0,9
273;40,5205977112937;9,36846448099921;1;1
274;37,9003715108743;3,20995631406278;0,8;0,9
275;39,9282387927389;8,57126554948831;0,8;0,9
276;39,0990271178429;7,26402422224219;1;1
277;40,3584575301577;9,68353486052171;1;1
278;41,8430225894184;27,5839529244167;0,8;0,9
279;42,1967931489016;11,0670841021646;0,8;0,9
280;39,4881282177826;1,31218041470626;1;1
281;38,371348452311;0,496984778007787;1;1
282;38,7267801696206;4,79606619978606;0,8;0,9
283;40,3111057734712;7,22138117036036;0,8;0,9
284;40,9358149600309;12,0249501068605;0,8;0,9
285;40,4979882647668;3,84620505857202;1;1
286;40,9177523328152;17,0446839598165;0,8;0,9
287;40,226432728968;11,5389573785546;0,8;0,9
288;36,56737579818;0;1;1
289;40,740167761116;4,92587838938257;1;1
290;39,0966620074758;0,496888639069574;0,8;0,9
291;40,245774922512;3,14478503861886;0,8;0,9
292;38,0373468510769;2,26638996282956;1;1
293;42,1746316028413;5,75810684714157;0,8;0,9
294;41,2596891949842;6,22239879064242;1;1
295;40,899989852323;14,3488086595338;1;1
296;40,6962237966014;5,31729404058844;1;1
297;39,7461165275195;4,01135405485787;0,8;0,9
298;38,9988780188961;4,16000622681911;1;1
299;39,202660942963;2,71870281288277;0,8;0,9
300;38,4721538587201;6,35010483621177;0,8;0,9
301;39,6350568368067;3,19282645883789;1;1
302;39,428307147607;5,34142427149457;0,8;0,9
303;45,7295329143929;24,4270384916469;0,8;0,9
304;40,5150790070283;9,13967692167877;0,8;0,9
305;42,4633577547942;15,5924256316188;1;1
306;40,9850488217647;8,64711933453157;1;1
307;41,9357761331404;5,42629720498097;1;1
308;38,1344306492283;3,23998854515182;0,8;0,9
309;43,3469434391648;14,1496403892108;0,8;0,9
310;42,4590310173849;18,1842255013325;0,8;0,9
311;40,4055736758602;9,66670697038555;0,8;0,9
312;40,2925233856076;15,4987642121944;0,8;0,9
313;42,761427486851;21,231634909101;0,8;0,9
314;39,7066742813616;5,09718786393588;0,8;0,9
315;41,3961276727209;8,40642092942432;0,8;0,9
316;39,3742052423621;11,7099823378924;0,8;0,9
317;40,4494241157422;2,70854560006171;0,8;0,9
318;39,6358991252666;2,86442388063409;1;1
319;41,6613519539545;5,31937039055735;1;1
320;38,3619593294004;0,0722808769344736;1;1
321;40,5082070211075;2,40634296501544;1;1
322;42,2271483269446;11,8279383777455;0,8;0,9
323;38,9384148995218;4,8787894992229;0,8;0,9
324;39,8096921939861;4,85247560924754;0,8;0,9
325;42,1259346371941;6,96848858353692;1;1
326;40,272720333447;5,74645662353324;1;1
327;39,9681643635367;1,23556348415002;1;1
328;41,5277406880171;18,2959873097369;0,8;0,9
329;39,9900970305752;3,4539016761926;1;1
330;39,432264909099;1,33795342115144;1;1
331;37,8966026143796;0,628981795619033;1;1
332;36,6709068592352;1,00947859667514;1;1
333;43,4894874772853;16,4419133918854;1;1
334;41,42892562043;10,5403984551882;1;1
335;39,9800325612497;10,5891348796915;0,8;0,9
336;39,4456774846099;4,77003367207741;1;1
337;40,5270616166104;15,8160993598603;0,8;0,9
338;38,0928953507844;1,03728730509229;1;1
339;40,1276794383711;1,99129676761192;0,8;0,9
340;40,896908399825;6,3887864578079;1;1
341;38,2449923777843;4,94216319077828;1;1
342;43,1838348954877;18,5813814883761;1;1
343;39,2430295555174;3,99289054998824;0,8;0,9
344;39,1018817110544;5,54982992901545;0,8;0,9
345;40,8244969226382;1,57373202108739;1;1
346;40,1457873989276;2,36550327223971;1;1
347;43,8445838814069;12,5087272634643;1;1
348;39,5036471728471;2,02583909622255;1;1
349;37,6068281917252;4,63672870746798;0,8;0,9
350;38,8768517609876;1,1414659000716;1;1
351;40,0707193263796;6,59009104437657;0,8;0,9
352;37,0534522377834;4,84697332536693;0,8;0,9
353;39,9602842843352;4,11420787901199;0,8;0,9
354;41,1857800350341;11,2319863619129;0,8;0,9
355;44,2716776014535;14,8108699116918;0,8;0,9
356;39,7152925156709;1,98044503464173;0,8;0,9
357;39,9926271941167;1,99333398995789;1;1
358;39,3138941870038;0,718313754549101;1;1
359;39,0838250097802;5,05969112798659;0,8;0,9
360;41,0090797788262;8,42993167660705;1;1
361;41,0888527155735;8,37230959687892;1;1
362;39,0576731547447;11,320751857934;0,8;0,9
363;39,9545073014967;3,56593591929903;1;1
364;40,8220513920902;10,6217395053222;0,8;0,9
365;38,8006356573771;2,32061693842164;1;1
366;41,2013402451138;7,6188800401814;0,8;0,9
367;42,857161012329;9,73685343136868;0,8;0,9
368;43,0088567949325;18,2015439960931;0,8;0,9
369;39,6615108398994;3,73784175061244;1;1
370;41,7428485913066;6,70308997360562;1;1
371;40,0578605319851;4,41512814585043;0,8;0,9
372;42,2374505901833;19,3827996665195;0,8;0,9
373;39,5243280095407;3,72360270100189;1;1
374;41,8031128019611;9,64602818564203;1;1
375;40,8352886939009;2,41628782621724;1;1
376;38,9055149756394;0,883134849143667;1;1
377;38,3746745046541;2,45344609750962;1;1
378;39,3124658894207;0,503917092041;1;1
379;40,8814904522906;3,5474034063591;0,8;0,9
380;38,9049993559613;5,13767401440812;1;1
381;41,5722688986804;3,95531788354786;1;1
382;38,815912145152;1,47113181157754;1;1
383;42,3893220853926;17,2461539018949;1;1
384;41,4742309162224;17,4124249052271;0,8;0,9
385;38,972363248005;1,61912701487086;1;1
386;40,8313899708041;13,7911547320424;0,8;0,9
387;40,5462564176471;1,50360715388278;0,8;0,9
388;39,931749712144;10,9983910486155;0,8;0,9
389;39,0343465021236;2,93196855421334;1;1
390;38,8967963058811;3,91640962870637;0,8;0,9
391;41,5574415813899;7,2821519672324;1;1
392;42,1286425016884;8,23786956767275;1;1
393;42,4279556074734;18,5023390209202;1;1
394;40,9228171226201;11,5241630121394;1;1
395;39,6626927346991;1,29473444979529;0,8;0,9
396;41,0416309147856;18,3274582240853;0,8;0,9
397;39,37839925625;1,77644077532411;1;1
398;39,4305837329662;1,13450855405869;1;1
399;38,9261704227389;2,48956702314301;1;1
400;39,5613705255577;8,77642723678055;0,8;0,9
401;42,3163431290634;11,3449057081431;1;1
402;40,6149601436653;10,6010023825417;0,8;0,9
403;40,6869458817559;4,22647172180617;0,8;0,9
404;41,0315140944236;3,00779694137907;1;1
405;41,5302146720218;12,6804266607183;0,8;0,9
406;38,242180314596;2,26694518871222;0,8;0,9
407;38,9839789127368;0,73212170421561;1;1
408;41,9925233078117;4,75571434637089;1;1
409;39,8116873196386;8,71306878883684;1;1
410;40,712095671258;3,36734761182098;1;1
411;40,6985756130079;2,37475517729961;0,8;0,9
412;38,9775209671267;10,6531746128745;0,8;0,9
413;38,810736494914;1,82998562858816;1;1
414;39,5790811751162;9,42705702531368;0,8;0,9
415;39,8531356612484;6,13545784850973;0,8;0,9
416;38,7559802165441;12,7695711008337;0,8;0,9
417;40,868570760287;3,91806284361149;0,8;0,9
418;41,1199906062918;6,03939857826771;1;1
419;40,8218546835897;9,95904864285151;1;1
420;39,3534986086185;0,383272610316082;1;1
421;41,4759964281245;14,710579463896;1;1
422;46,259025571862;26,2543760482359;0,8;0,9
423;41,1649461233578;14,16801391133;0,8;0,9
424;39,0411890248324;1,27376545079155;1;1
425;39,7283012638194;1,37315818941465;0,8;0,9
426;39,6058481325955;1,00189068563043;1;1
427;40,1443441965828;9,35162836853027;0,8;0,9
428;38,6750722293481;7,40728191308419;0,8;0,9
429;42,8167291128962;13,8249064939134;0,8;0,9
430;38,4699838401779;7,66131499391039;0,8;0,9
431;42,3637441746017;5,83422110769327;1;1
432;38,5863549089058;4,07445619099447;0,8;0,9
433;40,2617528901396;8,31890297251172;1;1
434;39,5008676734927;3,36578310303426;1;1
435;39,6746334437948;4,11829794858877;0,8;0,9
436;42,2234946936767;10,0812105245161;1;1
437;38,4807550882461;1,80915856008943;1;1
438;40,493841181253;7,97607557660552;1;1
439;37,5785459405041;9,44865325725679;0,8;0,9
440;40,2803712444547;1,99962106415343;1;1
441;40,0752128531708;9,68116350004744;0,8;0,9
442;40,5191644066618;9,53123724791234;0,8;0,9
443;40,7286011638361;0,818579244066285;0,8;0,9
444;38,0368589901165;0;1;1
445;42,4879880073038;24,0150558716696;0,8;0,9
446;37,7093521867134;0;1;1
447;38,9523704492382;5,36849055922399;1;1
448;38,7929159492636;2,52028781409065;1;1
449;39,8918243833994;1,23287267900455;1;1
450;41,5798708231827;3,67225449033352;1;1
451;39,2692246618613;5,8833369318088;0,8;0,9
452;40,6834983933899;26,9470003564747;0,8;0,9
453;40,7242036628915;4,72101808745299;0,8;0,9
454;38,653038459719;0,405871689988226;1;1
455;38,0204183372397;8,16282793090078;0,8;0,9
456;38,1786711693414;11,9315769640783;0,8;0,9
457;42,0384548936864;14,0942577089775;0,8;0,9
458;39,5749476180251;14,1296152157254;0,8;0,9
459;46,1225553502829;18,2371637146405;1;1
460;40,575306409983;17,244131960981;0,8;0,9
461;39,9851296825195;6,4217646334672;1;1
462;41,3667186350613;4,97491512028767;0,8;0,9
463;39,5853075535531;9,20676108166179;0,8;0,9
464;40,4970839322325;8,40016721295782;0,8;0,9
465;42,658325969703;5,28473783792734;1;1
466;40,5485901983731;7,53271413791153;1;1
467;41,8316231815493;7,79779449162704;1;1
468;39,6538000907387;3,44104224404034;1;1
469;38,2821070941402;1,87324833336829;1;1
470;42,2342443251992;9,00589361532614;1;1
471;38,4167909538075;15,6780806063472;0,8;0,9
472;42,6806368117232;17,9003700709439;0,8;0,9
473;39,2271451683837;3,14879473453658;1;1
474;40,8081565873715;13,3713306754814;0,8;0,9
475;39,6304221503971;5,36042187713727;0,8;0,9
476;41,4816678596834;8,01013985604291;0,8;0,9
477;39,9103360965354;1,6348939209748;1;1
478;38,5103527745676;0,106141590374175;0,8;0,9
479;40,8282412394774;3,58955254061533;1;1
480;41,8612348246369;20,8629082894957;0,8;0,9
481;38,4536004611943;1,59372783443188;1;1
482;41,0471509552088;0,527940764986988;1;1
483;39,2588383967569;3,13799320460461;0,8;0,9
484;41,0427334665615;7,57903074385979;0,8;0,9
485;41,4303923084031;1,0276806961722;1;1
486;42,1740044752323;12,2052797299299;1;1
487;41,0302016379596;21,1182623934746;0,8;0,9
488;41,7590587324446;10,0604106171225;0,8;0,9
489;38,4777279669395;0;1;1
490;41,3751468961277;10,6035808306766;1;1
491;38,3715206964216;1,29748571418812;0,8;0,9
492;39,4624368803621;4,36221969649103;0,8;0,9
493;39,9790337172617;4,2953557047415;0,8;0,9
494;38,7618888951581;1,70762408525448;1;1
495;39,6201598653504;2,93830868686848;0,8;0,9
496;41,0081973037747;15,4863653220952;1;1
497;40,6925184455473;6,00440776836702;1;1
498;42,4078269034373;16,8522627912845;0,8;0,9
499;39,2013515605863;3,27576413414638;0,8;0,9
500;39,6038608010251;0;1;1
501;41,7016764442233;12,1600999120902;0,8;0,9
502;39,2671136636188;4,78672336204931;0,8;0,9
503;41,4671465050737;7,18406390634317;0,8;0,9
504;41,0313033059448;7,61750924936859;1;1
505;41,4676030814908;6,17517309263655;0,8;0,9
506;39,9826792072826;14,0736720340301;0,8;0,9
507;41,3279612966627;7,71699681698133;0,8;0,9
508;39,0520720225265;1,40931649923491;1;1
509;38,2333511358164;4,67418125519947;0,8;0,9
510;39,6461648087059;0,726485838534907;0,8;0,9
511;39,5172477948767;7,11764179003267;1;1
512;40,1366972065141;2,56880193694711;0,8;0,9
513;39,9282637211193;1,77767714044498;1;1
514;37,772395192017;1,43793909834366;1;1
515;41,5049853374272;17,3490671447022;1;1
516;39,8903706826697;7,39624354452124;0,8;0,9
517;39,2472597274595;3,15633022937998;0,8;0,9
518;39,3267040323739;2,07363514309419;0,8;0,9
519;37,9598992603337;0;1;1
520;43,6182172009729;20,9809415045918;1;1
521;39,9739342141592;12,7630026147995;1;1
522;39,3307813706115;4,23722550528763;1;1
523;41,6356129315307;10,3228205831012;1;1
524;40,6355838218799;3,85661857391045;1;1
525;38,4240451703823;6,27875680307745;1;1
526;40,0810937195928;9,18016571528317;0,8;0,9
527;40,9151917523053;5,76467191565817;1;1
528;40,4547765897494;7,06944944574992;1;1
529;40,4628760756835;7,36443890971836;0,8;0,9
530;38,9587416086239;4,75894503833023;1;1
531;40,6115431123378;4,19450964928605;0,8;0,9
532;38,8953222107072;3,00622568578268;1;1
533;38,9875980541881;4,4545017787764;0,8;0,9
534;42,0738394894789;9,16430844714206;0,8;0,9
535;41,8203333806648;5,98440583775078;1;1
536;40,6627535405182;9,62529147322724;1;1
537;40,3911048201877;9,36245738407898;0,8;0,9
538;39,7625540849196;0,662036562750118;0,8;0,9
539;40,2196413610032;0;1;1
540;40,1690821854079;5,9991650156137;0,8;0,9
541;36,9423153740424;3,4655046174612;0,8;0,9
542;40,8253751482588;11,9765236496018;1;1
543;39,3783807334398;1,37275095482866;1;1
544;40,1658999433256;1,96138816600922;1;1
545;39,7691524828565;3,10513559043192;1;1
546;40,2916363378353;13,3412133695996;1;1
547;40,6843892092565;9,9310739275494;1;1
548;44,3660800664852;28,390823891142;0,8;0,9
549;38,6333241298647;1,04859997953401;1;1
550;42,2313281399297;4,98756420397595;0,8;0,9
551;38,9987337113224;3,00651248873604;0,8;0,9
552;40,0134096518618;5,48254707770652;0,8;0,9
553;40,6222550774932;6,87982544161825;1;1
554;40,1141710437001;8,11137760202632;0,8;0,9
555;42,5156538169577;16,3018310444928;0,8;0,9
556;41,2393545978318;3,39309863862139;1;1
557;39,929443443033;2,29263103592233;0,8;0,9
558;41,2991121069088;15,1301120274219;1;1
559;41,2400530685926;14,5664764349406;0,8;0,9
560;39,558683527773;1,10399798955487;1;1
561;38,5212600715697;1,16505526012009;1;1
562;41,1968740212808;14,6276514909706;1;1
563;43,0189049214766;15,7811752936837;1;1
564;38,642216034432;7,56891267404738;1;1
565;43,2463162751674;10,7441008428905;1;1
566;39,4925019027938;6,44285133127372;1;1
567;39,4689268498094;5,1781626174954;1;1
568;41,2842089564612;10,7721608611727;0,8;0,9
569;39,5249977031139;2,4108543018781;0,8;0,9
570;41,2003064322289;0,366764809560544;1;1
571;41,9859142037504;3,56699292783812;1;1
572;39,8061905619153;6,99544381409652;0,8;0,9
573;41,8881336202208;6,27766703703015;0,8;0,9
574;38,4306080240986;9,19249859945921;0,8;0,9
575;38,8458287812137;6,72289431794845;0,8;0,9
576;39,9388771151933;3,25906900279305;0,8;0,9
577;42,2880457952615;14,9602514286746;1;1
578;42,1594861821991;14,879989027776;0,8;0,9
579;41,5821966670186;10,8753255272715;0,8;0,9
580;38,2750314424446;3,62645360699597;1;1
581;42,0765791798023;8,75541694305761;1;1
582;37,5318092469194;2,08175161211909;1;1
583;38,111158626877;9,83235309539121;0,8;0,9
584;39,5444706525539;6,19446761799832;1;1
585;38,8446391014105;3,09613108968948;0,8;0,9
586;39,2886041039623;8,16626064880034;1;1
587;39,7684961560504;1,436188311215;1;1
588;40,3506548788143;8,32935233870194;0,8;0,9
589;39,5061349497131;6,8095079162388;1;1
590;39,8451039694377;6,72708427954257;0,8;0,9
591;38,2663854039039;4,06902956913031;0,8;0,9
592;41,3856576721798;9,98104085135942;0,8;0,9
593;39,1436402654603;2,40784768333091;1;1
594;40,7947062903804;2,54957424325748;1;1
595;40,8179941690284;7,0124376331171;0,8;0,9
596;41,5589067476229;14,6031148681268;1;1
597;38,6286909338062;1,05291152543847;1;1
598;40,7520606597542;19,3668795331191;0,8;0,9
599;38,2498450498918;0;1;1
600;40,9856577579384;13,3430174428857;0,8;0,9
601;38,5232719660217;4,7859581936005;0,8;0,9
602;40,4625820218085;5,93546126024862;1;1
603;40,058421427094;2,89701214326886;0,8;0,9
604;41,9452527985182;6,5927695154032;0,8;0,9
605;39,0586425138977;5,20392689692806;0,8;0,9
606;39,1743256275095;2,42270592862135;0,8;0,9
607;42,0791386713266;12,5957132953379;1;1
608;39,6565637765398;3,92068597049822;1;1
609;37,5831381090015;0;1;1
610;41,1304436868904;7,31348233905642;0,8;0,9
611;39,1932640581606;9,15725480265457;0,8;0,9
612;39,8663203406835;2,63063766792524;1;1
613;40,5379182481671;9,64985048356276;0,8;0,9
614;42,9823026435784;19,0654851755217;0,8;0,9
615;40,9513529344836;9,60881533968514;1;1
616;40,9300497310319;9,87624316772087;0,8;0,9
617;44,5591043052616;24,7463875136874;1;1
618;40,7057716181378;2,11641452282463;1;1
619;39,7444518177347;1,09479292963146;0,8;0,9
620;42,5185953348856;10,8181656946266;1;1
621;37,5919121253794;2,1621602627268;0,8;0,9
622;39,166638944629;12,2096677853191;0,8;0,9
623;40,9308382220638;3,67610906388256;1;1
624;40,1453027042133;6,18621930369215;1;1
625;37,6463215246921;1,34429750826041;1;1
626;38,5993731475131;3,33358921228856;0,8;0,9
627;38,2378021452405;6,6868444610886;0,8;0,9
628;40,8596214879678;7,48080034543292;0,8;0,9
629;40,850770220352;9,24737822747391;0,8;0,9
630;42,1045937398965;16,8577141257714;0,8;0,9
631;41,4153860836903;8,34299976960986;0,8;0,9
632;41,0698089850397;7,49399079025306;0,8;0,9
633;40,8082008571196;0,773965682395425;1;1
634;42,9118107011857;18,1398721381563;1;1
635;38,8709545736078;1,85707236526325;1;1
636;42,0829769272259;9,06608605946354;0,8;0,9
637;39,3929577437979;2,78018429911018;1;1
638;37,5110637088012;0,607684700158337;0,8;0,9
639;41,6180223846081;11,0045997499321;0,8;0,9
640;42,3546683118269;22,0794160298149;0,8;0,9
641;39,8034389275462;4,94006881982855;1;1
642;40,4457568308801;2,72078945932016;1;1
643;38,2679996554827;1,29088095505533;1;1
644;41,7795539253075;8,7498506300567;0,8;0,9
645;39,1809061842518;6,4123392391192;0,8;0,9
646;39,8198250757381;2,14852928304954;0,8;0,9
647;41,865276257092;16,1514720229508;1;1
648;40,1116112768083;5,07512235630005;0,8;0,9
649;40,0247573835752;3,44738678770726;1;1
650;42,3722916112375;8,22055162235957;1;1
651;43,7265572863041;14,0881405073234;0,8;0,9
652;41,252132785294;10,9267755443117;1;1
653;37,3835839218389;0,877430581565658;1;1
654;39,0285665260402;0;1;1
655;39,0827361966096;5,83315993805302;0,8;0,9
656;38,3614360395461;2,06309985593968;0,8;0,9
657;41,3619164949854;5,51206281398218;1;1
658;38,2446035129263;5,28637712361019;1;1
659;43,9371178398687;25,6986012059018;0,8;0,9
660;39,4073670977001;9,01662859915971;0,8;0,9
661;40,4432339752796;1,62407714364238;0,8;0,9
662;39,6864719702846;4,71828340412184;1;1
663;40,175448340359;7,83109896177342;0,8;0,9
664;39,7093759012987;1,98083585208176;1;1
665;39,7033682873837;4,35257030386497;1;1
666;40,0711605290431;15,7280999523725;0,8;0,9
667;37,9645278319273;1,98718746350828;0,8;0,9
668;39,6399484041005;2,13048511522309;1;1
669;39,9909579888832;4,60000922223792;0,8;0,9
670;41,219983034743;4,73507236465862;1;1
671;40,5139531980304;10,9976587329089;1;1
672;39,5700018994429;11,4465518933262;1;1
673;41,9769722014404;8,68411145146511;0,8;0,9
674;41,7653962396266;15,0082652474209;1;1
675;40,3291378899808;12,9683091773347;1;1
676;38,9650145697663;1,59603967725899;0,8;0,9
677;38,9161964290389;1,94473291016304;0,8;0,9
678;40,4830011034282;10,1363366746202;1;1
679;36,8116028680509;2,81621268588609;0,8;0,9
680;40,3326641685388;18,2818665330073;0,8;0,9
681;40,3851661856983;0,605682941141298;1;1
682;42,7737939375977;18,5790292785;0,8;0,9
683;39,8725942270719;9,31561503535113;1;1
684;41,5091591404381;15,16316599361;1;1
685;37,9189096051754;2,28548549783447;0,8;0,9
686;42,691834321315;8,07909713098285;0,8;0,9
687;45,0590092456841;25,7138371085673;0,8;0,9
688;40,057734119371;7,75052660739858;0,8;0,9
689;38,7513225096346;3,08077778807866;1;1
690;40,4364938254406;6,74949247193808;0,8;0,9
691;39,3013389361124;6,34781512134211;0,8;0,9
692;42,8725488054556;7,46686782925477;1;1
693;40,5933766420208;2,34254392661687;1;1
694;37,8314111247634;0,113225115538319;1;1
695;40,922167074192;2,4454966523234;1;1
696;41,8916718292194;0;1;1
697;39,4570622620329;1,42842029990977;1;1
698;40,8209259303735;6,57581750878232;0,8;0,9
699;39,2546317797396;1,75149217352036;1;1
700;38,9159952734809;3,66121660382346;1;1
701;40,2951633535364;17,4427229195247;0,8;0,9
702;38,2772342890888;1,36791092976108;1;1
703;37,576732342445;4,34530272389114;0,8;0,9
704;41,9476710305394;11,527872071006;0,8;0,9
705;41,4774671446317;6,4424353423024;0,8;0,9
706;41,8175924894786;23,0131517309568;0,8;0,9
707;42,9962949999973;24,5805417024918;0,8;0,9
708;39,7625978353985;8,02838951199686;0,8;0,9
709;39,9004895785301;14,9478013296933;0,8;0,9
710;40,7745967628915;9,64744285625307;0,8;0,9
711;39,3665672288175;3,45415330192883;1;1
712;37,8214909825899;2,14962915832488;1;1
713;40,2799015445273;4,35934541244677;1;1
714;39,5663468864707;5,3284120016135;1;1
715;40,0433477316749;3,62881287464659;0,8;0,9
716;43,7975006985003;18,1929055373468;0,8;0,9
717;39,5484104628423;0,235399215061587;1;1
718;40,5539297832045;11,0587771999147;0,8;0,9
719;40,4166364879719;2,70109217274714;1;1
720;40,4368086361643;0,138893686824876;1;1
721;41,4019840884054;18,7955788403121;0,8;0,9
722;39,9864570942921;1,49412801237264;1;1
723;37,9162070480893;1,58293297322385;1;1
724;40,4952264084087;7,36973827070742;1;1
725;38,7465900212107;1,50764448904847;1;1
726;40,0707495506953;9,44160023549892;1;1
727;40,6848220640409;10,9697590562011;1;1
728;38,0709716362063;10,05583314276;0,8;0,9
729;41,1784622379915;9,63802964175586;1;1
730;39,6077174695845;4,34459638797965;1;1
731;40,5683059486883;4,24018808636343;1;1
732;39,6257391090628;2,09981629051913;1;1
733;41,4377652969765;12,0251992021127;1;1
734;42,1570828100334;19,8252587177339;0,8;0,9
735;39,2905270969451;9,33303550914216;0,8;0,9
736;43,0511508171485;23,4279012545601;0,8;0,9
737;39,4766065260852;0,636696932257375;1;1
738;42,8046000010441;7,53818586237966;1;1
739;41,2374691296191;14,7028378855031;1;1
740;38,520856778849;11,1549319397477;0,8;0,9
741;37,7595093008045;5,38052888409362;1;1
742;42,0271252635622;7,90765990353263;0,8;0,9
743;38,9018559804279;0,246132596661407;1;1
744;38,9227126529343;1,15039104193049;1;1
745;39,1922189008568;0,696272841233965;1;1
746;40,5008640593218;4,51031276267559;0,8;0,9
747;40,8549833507103;4,00872637143453;1;1
748;40,0150778989841;4,91109297733264;1;1
749;38,2236856844656;3,608818861796;1;1
750;40,2448220966564;10,2471786674134;0,8;0,9
751;40,5020876400286;17,0039348687586;0,8;0,9
752;38,887465460816;2,52575774196194;1;1
753;43,0839526044557;8,2308196789128;1;1
754;42,8394752557728;35,8957962267748;0,8;0,9
755;38,57465684382;6,35404270793711;1;1
756;38,9815954916104;0;1;1
757;41,3560958376085;21,5834740279795;0,8;0,9
758;39,185842693687;13,1889304871512;0,8;0,9
759;44,2999254619512;25,7080400037611;0,8;0,9
760;38,9863620421396;0,510200933316659;1;1
761;40,8380054034625;8,85115291390444;0,8;0,9
762;38,5143951511195;3,8800854570886;0,8;0,9
763;41,0659589741416;10,6240872445168;0,8;0,9
764;40,9117432427057;10,1289356617482;0,8;0,9
765;37,8686337181926;0,420864201939178;1;1
766;38,6862089017845;8,14799218241734;0,8;0,9
767;39,4970784378432;1,94826248023002;1;1
768;39,7800226508399;0,584256182330097;1;1
769;38,9067370982486;8,29698534274345;1;1
770;40,580249290777;4,00283781273996;1;1
771;38,4125038108359;4,1589960168062;0,8;0,9
772;42,0545786179607;8,41917037100826;0,8;0,9
773;38,1177037412062;1,0729509057638;1;1
774;43,2468898185501;9,88549303406778;1;1
775;40,4348722197761;5,38677949421339;1;1
776;42,1426698162008;12,7666927097209;0,8;0,9
777;40,7550627413589;0,108968489934418;1;1
778;39,372330029127;4,23119272852554;1;1
779;41,3110600859595;12,7574649777136;0,8;0,9
780;38,5609613897389;6,1939330284743;0,8;0,9
781;40,0072155019705;0,506291536019159;1;1
782;39,1616215285734;0,339707652709122;1;1
783;42,3875735074333;9,70610398011761;0,8;0,9
784;40,3113981618976;5,26318373149192;0,8;0,9
785;41,1786372001934;9,48127902661577;0,8;0,9
786;39,1558971074046;1,98710332039674;1;1
787;39,1130982620652;2,02162622948441;1;1
788;42,7551401484271;20,7632724591917;0,8;0,9
789;38,9581824939579;2,63692173504139;0,8;0,9
790;39,9111835464179;8,40534743515765;0,8;0,9
791;40,6059629339284;4,99374071338775;0,8;0,9
792;38,4382677561299;7,15549196366315;1;1
793;37,7562228690118;2,77566895462387;0,8;0,9
794;40,0353082424331;5,13693904279858;1;1
795;41,0167567764352;13,6067526053606;0,8;0,9
796;38,1841487614918;4,99187230777363;1;1
797;38,0088996068083;8,16204434626117;0,8;0,9
798;42,4454456476444;19,3779160487407;1;1
799;42,0068639332982;3,89346407778778;0,8;0,9
800;41,4564577138232;17,1361376509742;0,8;0,9
801;39,3068423871569;1,50957122323314;0,8;0,9
802;38,9212227093737;4,52615034593983;0,8;0,9
803;38,2151313152053;3,23567682847834;1;1
804;39,6990910327953;8,92394935054028;0,8;0,9
805;38,3872336759137;0,799047878345927;1;1
806;38,6000511123745;5,10254780350952;1;1
807;38,3427413515747;0,116327154379937;1;1
808;38,55805790277;2,00179810389403;1;1
809;39,5787286494144;5,24121842486634;0,8;0,9
810;41,3270876752771;11,9522981362866;1;1
811;41,4258213868478;0,624637369519926;1;1
812;39,5777964707982;3,68234419176008;1;1
813;39,846596820193;0,605582223787392;0,8;0,9
814;41,1498730728657;9,02997470621806;1;1
815;39,9649703953441;7,53196548327006;1;1
816;37,7363985709545;0,305442815642579;1;1
817;39,0842163847509;7,21468762015901;0,8;0,9
818;38,4633277067138;2,23639814460032;1;1
819;40,0343709036414;14,9965531670108;0,8;0,9
820;37,3335600151058;0,19933068438774;1;1
821;43,7842426727081;24,4092652333435;0,8;0,9
822;39,4078321867804;0,992336625987244;1;1
823;39,3584227888267;2,98538323128287;1;1
824;39,4031842955906;1,75578917141989;1;1
825;42,619703832252;20,5812475207972;0,8;0,9
826;39,1078763612303;0,73802072957046;1;1
827;40,1492972508145;9,62277039396786;0,8;0,9
828;40,1956876125622;0,552020720576227;1;1
829;39,606814703666;5,83951355088793;0,8;0,9
830;38,582778511656;4,58654062482858;1;1
831;38,3980387206959;1,32590858074428;1;1
832;38,0297915879243;4,44876093974716;0,8;0,9
833;39,3080612008193;4,03372437965505;1;1
834;38,0135387536058;0,83966971704932;1;1
835;39,5983634707591;11,4137999277278;0,8;0,9
836;41,3196190495324;26,4393249208668;0,8;0,9
837;40,1220208377742;5,83611835851713;0,8;0,9
838;38,2271251672885;1,30688389145117;1;1
839;39,3963081606327;3,28946499608519;1;1
840;39,0746235341524;0,0270233576889662;1;1
841;40,5842832246548;6,03081964836571;1;1
842;40,65342494058;11,6823976656202;0,8;0,9
843;39,0632976743703;0,210363190200969;1;1
844;40,9222979595711;4,78829090389182;0,8;0,9
845;41,156684477382;3,49731313993741;1;1
846;40,2676417801847;9,33763430385389;0,8;0,9
847;38,956692950496;5,62151862729534;1;1
848;38,8894721663628;1,72398936096487;1;1
849;43,1474724132564;10,2181232990622;1;1
850;41,5662239269224;11,8218535032501;0,8;0,9
851;38,3419614753205;7,29612413381629;0,8;0,9
852;37,8978115381207;1,58846288875998;1;1
853;42,113985867375;9,42807453942543;0,8;0,9
854;39,8703447627418;2,84355583080329;1;1
855;39,9584586452312;9,55204651045356;1;1
856;37,9080781038006;0,577127101982327;1;1
857;38,3364383270229;6,47592545786973;1;1
858;40,1557458489863;6,24714870160617;0,8;0,9
859;37,6203024673519;0,0888911544796018;1;1
860;42,0278364830954;14,5966637461775;0,8;0,9
861;40,8854602948892;12,8051717137667;0,8;0,9
862;39,1726447136046;8,29500521111772;1;1
863;39,0443813272852;4,62304249805996;0,8;0,9
864;39,2323702792746;3,69146379878648;0,8;0,9
865;39,9850621555601;7,09663489068916;0,8;0,9
866;40,0708031950622;16,4262044989251;0,8;0,9
867;38,345217664931;4,97195953809879;0,8;0,9
868;41,0563816306064;4,54576935774361;1;1
869;39,2517444566397;2,54873860065446;1;1
870;40,3860302001171;2,99444096387832;1;1
871;40,9751761294868;14,4175392117392;0,8;0,9
872;39,3335674099741;4,65941202287001;0,8;0,9
873;40,6953139667282;5,02307916315976;1;1
874;37,1706197694025;0;1;1
875;37,7825446182542;2,17207232619651;1;1
876;39,4705618685275;1,01703476731894;0,8;0,9
877;39,0027982664936;0,524835419791173;1;1
878;40,8059075194392;2,51008342180977;1;1
879;39,860447867174;9,24969971291548;0,8;0,9
880;40,6033228879664;17,033431387061;1;1
881;42,5038713531836;20,5531349600044;0,8;0,9
882;39,3020984097752;3,861203700188;1;1
883;42,5239013824665;17,3287978143314;1;1
884;42,7844080386421;16,1859751112282;0,8;0,9
885;38,6614974981578;5,6839996977776;1;1
886;40,5988925533226;10,8650221683275;0,8;0,9
887;42,0259596461339;24,2283575977178;0,8;0,9
888;41,2774938160827;10,4132797892902;1;1
889;37,8853231130589;2,2321124023857;1;1
890;38,6343826746941;6,95084755424786;0,8;0,9
891;41,3187559979262;0,651988814153355;0,8;0,9
892;39,7651246588495;3,60664568386026;1;1
893;38,0402927584155;4,02410733824082;0,8;0,9
894;40,4036868243765;3,18947047674981;1;1
895;39,756941378376;1,13367995668986;1;1
896;38,6724267951109;3,71694293669849;0,8;0,9
897;42,5301568103494;16,1259251068165;0,8;0,9
898;39,1891029330545;3,18166770318262;1;1
899;40,384447387881;4,84164258347828;0,8;0,9
900;39,4281457636975;3,72258235719941;0,8;0,9
901;38,2063208173218;2,60881806748155;1;1
902;38,6749390142121;1,96849710455405;1;1
903;40,008053618218;4,16050696646628;0,8;0,9
904;40,3424508884355;0,151467259509149;1;1
905;38,3623758514442;9,39995433164963;0,8;0,9
906;41,3735538342246;18,3901284372833;0,8;0,9
907;40,6335796489391;8,8718749607964;1;1
908;41,0934729110352;23,1264091963559;0,8;0,9
909;42,6334632693568;15,3173838779057;1;1
910;39,4323168454922;9,8676409341993;0,8;0,9
911;42,423988587088;18,3890923574777;0,8;0,9
912;38,1632708575698;1,36581142755263;0,8;0,9
913;39,3277207215244;5,3429691127801;0,8;0,9
914;39,071526886867;2,10328790768754;1;1
915;39,4471812659657;0,986393790344885;1;1
916;42,1055214054605;8,15334055713691;0,8;0,9
917;40,0423292650997;12,6675561462635;0,8;0,9
918;37,2842909752598;0,580000054731139;0,8;0,9
919;42,7344940935477;11,9816115770711;1;1
920;41,1855065555878;9,24015289875062;0,8;0,9
921;41,1516223108707;14,2782583998967;0,8;0,9
922;39,6765491251955;2,00801245927074;1;1
923;40,2123142839012;5,05350594415782;1;1
924;41,4372067031472;10,0567489540758;1;1
925;38,8215701814415;7,51469004617055;0,8;0,9
926;38,3204913578343;0,480319000010491;1;1
927;40,2018888392227;0;1;1
928;41,1306468048889;5,08124070211596;1;1
929;39,293761942244;4,5128642097067;0,8;0,9
930;39,4441089580092;2,00647861078838;1;1
931;39,0861620593226;1,47292884999036;0,8;0,9
932;42,1748619964985;11,806074805571;0,8;0,9
933;40,7026054441676;9,32638013249017;1;1
934;41,1910232145853;6,91168541608665;1;1
935;40,5544058374646;1,85097286362939;0,8;0,9
936;40,1232326985255;8,12007341397366;1;1
937;40,8060715352278;8,25258243505807;0,8;0,9
938;40,4568249589157;1,27171778940569;0,8;0,9
939;39,5401262572394;5,3283427497721;0,8;0,9
940;40,3181751733646;8,60286983399667;0,8;0,9
941;38,9115850943585;2,19068167621807;1;1
942;39,4078690982433;2,60551700235932;1;1
943;39,4536735873041;1,91975280996501;1;1
944;39,718863560316;10,9363177973211;0,8;0,9
945;38,4110709016247;0,457599931165866;1;1
946;45,0122777618567;22,0903509079229;0,8;0,9
947;40,7813829058792;1,63196028025088;1;1
948;40,7490941926538;2,66415928330046;1;1
949;42,2088832428151;20,2364834065372;0,8;0,9
950;40,6546865293326;6,59004279135224;1;1
951;42,6292461151378;9,78595150660479;1;1
952;40,6114867659495;4,21864056297318;0,8;0,9
953;38,6560593471161;0;1;1
954;39,9985516116898;5,85985186943402;0,8;0,9
955;39,5058772254373;8,42010206135917;0,8;0,9
956;38,8904097736841;2,46151093112694;0,8;0,9
957;44,6226722069641;12,8811958424591;1;1
958;39,1669641229332;0,508415524148089;1;1
959;40,4894593024167;2,9671500054649;0,8;0,9
960;40,6451975383109;0,458878269849192;1;1
961;44,6605845912543;21,8033752609815;0,8;0,9
962;39,9676217207192;4,11226163683308;0,8;0,9
963;39,7517153180609;9,90497067507515;0,8;0,9
964;40,2674994635418;5,01709827368396;0,8;0,9
965;41,227504490118;10,8568726452989;0,8;0,9
966;37,8067637808465;1,10296998716054;0,8;0,9
967;42,5798866587349;15,9817159021264;1;1
968;37,5760742084009;0,790444732290071;1;1
969;39,8325523557519;0,496279226610909;0,8;0,9
970;40,2668540443621;12,0766682796347;0,8;0,9
971;40,1720100862129;4,14104386981789;1;1
972;38,8356295910706;7,7974652887899;0,8;0,9
973;44,1373026395405;18,1351076435678;1;1
974;42,212212450186;10,4366003113863;1;1
975;38,7006323459772;2,8492279755182;1;1
976;43,8959755836911;15,4822476683464;1;1
977;39,7362711865628;2,95326638587226;1;1
978;40,5482487238955;12,6668612281651;0,8;0,9
979;38,6520627474385;7,95187355232529;0,8;0,9
980;43,9192655910664;11,6170151831285;0,8;0,9
981;41,3006513402194;14,3006283654137;0,8;0,9
982;41,4544659508737;14,2722572764602;0,8;0,9
983;40,9007909106765;1,57946022313591;1;1
984;38,2046512343856;0,546118658038671;0,8;0,9
985;38,8433237900529;2,12594342797155;0,8;0,9
986;40,6439993192658;11,3822825924268;0,8;0,9
987;42,5135496440852;9,22643238876328;1;1
988;39,2113641444089;1,02592574009115;0,8;0,9
989;41,5544933366613;6,36518895417611;1;1
990;41,5605276715133;12,9140575662904;0,8;0,9
991;39,7208727391426;0;1;1
992;42,9853243378539;25,0257965943828;0,8;0,9
993;41,3285482628361;8,45849177979139;0,8;0,9
994;39,6697721795733;6,01715889606383;1;1
995;45,0980603073515;31,4121530472049;0,8;0,9
996;40,0794588357718;12,4087148541843;0,8;0,9
997;40,2508577916224;5,13500090090473;0,8;0,9
998;40,1667007791795;0,788618557489554;0,8;0,9
999;38,1662481230145;1,81585446654273;1;1
